Year	4			9			14			19			24			29			34			39			44			49			54			59		64		69		74		79		100	
1970	1611.754	1278.675	1031.179	834.229		772.533		631.317		524.566		438.472		365.967		304.036		246.643		196.014	148.418	103.435	63.896	31.704	14.139
1971	1657.327	1323.201	1067.677	852.896		779.041		651.533		537.019		448.454		374.021		310.731		252.366		200.313	151.883	106.079	65.758	33.236	15.738
1972	1701.335	1370.513	1108.124	882.866		781.274		676.642		551.063		460.200		383.577	318.479	259.284	205.484	156.066	109.272	67.775	34.637	16.984
1973	1743.509	1416.634	1150.521	920.206		781.963		702.491		566.336		472.839		393.861	326.728	266.785	211.184	160.687	112.829	69.947	35.871	17.720
1974	1780.644	1457.178	1191.993	958.774		786.113		723.062		582.628		485.272		403.914	334.822	274.099	216.993	165.385	116.486	72.215	36.897	17.805
1975	1809.591	1489.463	1229.952	994.802		797.151		735.173		599.687		496.929		413.248	342.418	280.809	222.680	169.961	120.108	74.540	37.763	17.134
1976	1838.690	1522.130	1260.525	1023.551	810.561		737.250		615.254		505.665		420.188	347.837	285.273	226.496	172.765	122.453	76.455	39.325	19.053
1977	1857.001	1548.860	1288.672	1050.453	830.109		731.289		632.315		513.217		426.586	352.863	289.242	230.218	175.386	124.632	78.145	40.473	20.428
1978	1870.794	1572.031	1317.185	1077.838	855.410		723.225		649.542		521.436		433.401	358.279	293.431	234.281	178.294	126.981	79.871	41.368	21.123
1979	1891.925	1595.532	1348.732	1108.878	885.094		721.467		664.503	532.815	441.792	365.012	298.728	239.193	182.057	129.884	81.885	42.198	21.075
1980	1932.759	1621.661	1383.641	1145.322	918.319		730.896		675.843	548.611	452.405	373.554	305.616	245.217	186.983	133.550	84.340	43.121	20.187
1981	1981.352	1666.422	1424.233	1186.310	956.013		751.964		684.450	569.175	465.291	383.789	313.612	251.520	192.010	137.045	86.926	45.142	22.354
1982	2034.832	1718.119	1471.222	1233.812	998.674		784.373		690.247	595.428	480.526	396.424	323.676	259.385	198.533	141.521	90.036	47.176	24.128
1983	2093.800	1772.397	1522.026	1285.172	1044.549	824.608		695.806	623.614	497.853	410.696	335.143	268.372	206.110	146.812	93.641	49.203	25.328
1984	2154.046	1824.505	1573.098	1336.867	1091.741	867.342		705.800	648.211	517.209	425.669	347.220	277.964	214.183	152.701	97.604	51.197	25.809
1985	2211.111	1871.368	1621.432	1386.598	1139.044	909.181		723.147	666.031	538.361	440.771	359.418	287.823	222.398	159.039	101.830	53.216	25.470
1986	2271.782	1923.306	1664.736	1429.583	1182.910	948.727		745.350	676.022	559.660	454.200	369.975	295.923	228.654	163.888	105.150	55.778	28.331
1987	2322.748	1973.852	1707.173	1470.960	1226.239	987.823		774.600	679.559	583.464	467.447	380.860	304.398	235.107	169.082	108.470	58.058	30.541
1988	2366.681	2022.830	1749.745	1511.723	1269.222	1026.936	809.267	680.980	607.404	481.394	392.246	313.379	241.950	174.693	112.048	60.163	31.936
1989	2409.103	2070.201	1793.598	1553.200	1312.259	1067.148	846.408	686.899	627.873	497.387	404.387	323.048	249.448	180.789	116.099	62.224	32.422
1990	2455.842	2115.016	1838.834	1596.148	1355.728	1109.090	884.107	701.294	642.942	516.058	417.447	333.511	257.746	187.420	120.737	64.399	31.941
1991	2511.564	2169.915	1885.366	1637.075	1397.526	1151.057	921.245	721.461	651.723	535.966	429.347	342.280	264.859	193.662	125.829	68.212	35.649
1992	2563.747	2225.668	1935.276	1679.888	1439.671	1194.515	959.656	749.781	655.127	559.282	442.082	352.046	272.426	200.143	131.340	71.930	38.949
1993	2612.746	2279.844	1987.262	1724.186	1481.607	1238.465	998.898	784.046	656.586	583.100	456.036	362.756	280.344	206.783	137.281	75.609	41.695
1994	2656.607	2330.123	2039.316	1769.487	1523.043	1281.694	1038.811	820.443	661.819	603.106	471.892	374.252	288.594	213.551	143.472	79.360	43.774
1995	2694.395	2374.796	2089.494	1815.470	1564.112	1323.480	1079.225	856.470	674.469	616.919	489.837	386.427	297.278	220.457	149.706	83.351	45.105
1996	2737.348	2425.862	2138.255	1858.080	1600.853	1360.696	1117.503	890.846	693.034	623.754	507.833	397.033	304.511	224.918	152.930	86.431	49.327
1997	2766.688	2474.779	2187.330	1903.211	1637.909	1396.562	1155.911	925.333	718.824	624.965	528.644	408.086	312.638	229.841	156.163	89.269	52.430
1998	2789.562	2521.007	2236.813	1951.219	1676.281	1431.823	1194.345	960.274	749.996	624.508	549.894	420.284	321.726	235.387	159.748	91.906	54.233
1999	2817.464	2563.983	2286.731	2001.771	1717.211	1467.599	1232.547	996.295	783.356	628.399	567.923	434.616	331.817	241.786	163.899	94.367	54.662
2000	2859.747	2602.843	2336.634	2054.266	1761.743	1504.857	1270.397	1033.678	816.964	640.249	580.783	451.485	342.995	249.216	168.676	96.825	53.636
2001	2904.260	2650.339	2388.132	2107.104	1811.126	1544.149	1307.109	1069.557	851.093	658.544	584.916	465.467	353.616	259.597	176.310	103.137	59.348
2002	2966.325	2692.242	2441.305	2160.169	1863.588	1585.570	1343.549	1106.515	884.626	684.899	585.166	482.102	362.944	270.122	184.641	109.492	64.926
2003	3042.044	2728.364	2496.143	2213.708	1918.474	1629.905	1380.246	1144.803	917.397	717.087	585.409	499.673	371.550	280.418	193.927	115.863	70.385
2004	3122.286	2762.521	2550.129	2268.649	1975.071	1677.890	1418.541	1183.975	950.480	751.418	591.213	515.070	380.896	290.198	204.012	122.509	75.635
2005	3200.567	2800.688	2599.116	2325.486	2032.728	1729.511	1459.503	1223.250	985.050	785.181	605.563	526.613	392.189	299.246	214.370	129.849	80.604
2006	3292.643	2853.940	2642.002	2378.614	2088.890	1783.700	1501.467	1260.280	1019.265	816.514	625.453	532.231	402.979	304.977	222.221	137.874	88.841
2007	3367.648	2916.977	2682.246	2437.363	2144.308	1842.230	1547.919	1297.648	1056.686	846.487	653.415	535.454	417.650	308.900	229.777	146.443	96.890
2008	3431.830	2987.707	2720.343	2499.516	2198.146	1903.282	1598.654	1335.554	1096.657	875.107	686.686	539.499	434.360	311.720	236.889	154.973	104.996
2009	3498.327	3059.920	2759.450	2559.054	2251.046	1963.785	1652.420	1374.878	1136.918	903.819	720.663	548.786	449.625	315.366	242.963	162.946	113.198
2010	3578.012	3125.613	2802.856	2611.161	2304.732	2021.301	1707.890	1416.678	1175.616	934.236	752.081	565.533	461.579	321.582	247.337	170.177	121.350
2011	3672.362	3200.082	2850.342	2648.655	2358.434	2071.708	1762.871	1463.625	1216.360	970.764	780.029	587.095	471.832	332.301	244.687	168.770	128.586
2012	3776.576	3273.322	2903.928	2677.201	2414.023	2117.134	1817.337	1511.730	1254.861	1010.427	805.796	614.243	478.838	347.908	241.843	167.122	132.276
2013	3884.196	3345.288	2962.789	2702.041	2468.768	2159.813	1870.667	1560.915	1292.492	1051.941	831.153	644.790	485.537	365.825	240.625	165.553	132.039
2014	3980.451	3418.226	3025.250	2731.510	2518.926	2203.993	1922.470	1611.395	1331.870	1093.534	859.183	675.591	496.316	382.625	243.374	164.125	127.759
2015	4055.985	3494.337	3089.414	2770.465	2562.683	2252.199	1972.515	1663.168	1374.582	1134.165	891.641	704.906	513.503	396.677	251.105	163.012	119.536
2016	4141.415	3581.190	3152.372	2810.010	2594.269	2299.783	2017.023	1712.998	1417.154	1170.794	924.446	729.138	531.960	404.015	259.616	162.013	125.179
2017	4179.773	3679.719	3220.979	2861.713	2621.669	2353.271	2060.479	1765.632	1463.639	1207.684	962.218	753.038	556.648	409.701	272.116	160.249	128.195
2018	4185.628	3785.185	3293.691	2922.777	2647.857	2408.208	2103.591	1819.183	1512.887	1245.350	1003.043	777.800	585.175	416.157	286.505	159.325	127.873
2019	4183.381	3886.058	3371.331	2987.836	2677.716	2457.785	2147.642	1870.807	1563.101	1284.658	1043.922	805.272	614.023	426.618	299.856	161.032	123.594
2020	4190.799	3967.932	3456.363	3053.651	2715.031	2498.648	2193.513	1918.998	1613.255	1326.217	1083.184	836.505	641.318	442.697	310.928	166.130	115.280
2021	4178.131	4039.535	3552.976	3120.035	2761.021	2535.725	2244.570	1966.252	1664.978	1369.840	1120.086	868.696	664.064	459.672	317.055	174.215	120.817
2022	4192.031	4083.756	3655.207	3185.330	2813.063	2563.564	2297.390	2009.010	1716.569	1414.991	1155.508	904.312	685.708	481.231	321.302	183.696	123.349
2023	4225.323	4101.418	3758.952	3253.661	2870.679	2587.299	2349.619	2049.699	1767.536	1461.731	1190.880	942.237	707.977	505.701	326.348	193.265	123.209
2024	4262.006	4103.528	3853.827	3331.055	2932.452	2615.034	2397.444	2092.139	1817.296	1510.135	1228.501	980.817	733.443	530.814	335.281	201.348	121.139
2025	4291.070	4106.659	3928.313	3419.592	2997.380	2651.655	2438.451	2138.164	1865.316	1559.923	1269.563	1018.996	763.384	555.441	349.396	207.701	117.279
2026	4330.462	4123.425	3980.892	3511.618	3061.800	2695.626	2472.616	2186.092	1909.562	1608.259	1309.864	1052.183	791.621	573.925	363.166	212.806	127.711
2027	4359.169	4143.590	4015.651	3614.757	3127.640	2748.088	2500.533	2238.296	1951.676	1658.489	1353.355	1085.553	824.211	592.432	380.512	216.159	136.367
2028	4380.062	4167.303	4036.667	3720.622	3197.375	2807.210	2526.125	2291.487	1993.114	1709.464	1399.505	1120.030	859.805	612.422	400.251	219.835	142.016
2029	4401.619	4191.462	4052.256	3815.371	3274.856	2869.494	2555.357	2340.174	2036.115	1759.333	1447.376	1156.955	896.309	635.753	420.582	225.974	143.672
2030	4430.444	4211.365	4068.983	3890.188	3362.025	2933.090	2592.040	2381.282	2081.945	1807.000	1496.317	1197.055	932.569	663.324	440.738	235.540	141.107
2031	4471.495	4237.740	4087.553	3942.295	3456.306	2999.095	2636.535	2415.748	2129.653	1850.355	1543.023	1235.106	962.597	687.865	455.484	247.370	152.194
2032	4510.310	4266.025	4108.410	3975.450	3559.977	3065.399	2688.881	2443.708	2181.267	1891.525	1591.599	1276.341	993.138	716.309	470.044	260.347	160.081
2033	4548.957	4295.581	4130.821	3995.605	3664.516	3134.386	2747.378	2469.081	2233.516	1931.993	1640.905	1320.266	1025.126	747.580	486.106	273.806	164.744
2034	4588.093	4325.462	4153.508	4012.564	3757.202	3210.506	2809.071	2498.201	2281.468	1974.331	1689.455	1366.286	1060.006	780.139	505.447	286.881	166.615
2035	4629.237	4354.221	4175.749	4032.272	3830.458	3295.901	2872.109	2534.977	2322.359	2019.877	1736.352	1413.911	1098.497	813.201	528.814	299.625	165.876
2036	4680.300	4392.292	4199.966	4049.740	3884.102	3390.543	2937.460	2578.899	2356.191	2066.082	1777.696	1457.558	1132.858	838.744	548.916	311.667	181.832
2037	4726.023	4432.853	4227.056	4069.555	3918.371	3494.181	3003.344	2630.808	2383.988	2116.523	1817.426	1503.604	1170.742	865.251	571.844	322.511	195.059
2038	4768.009	4474.831	4256.452	4091.959	3938.911	3598.237	3072.171	2689.028	2409.516	2168.010	1856.941	1550.939	1211.740	893.757	597.189	333.668	204.471
2039	4808.063	4516.531	4287.683	4115.958	3955.422	3689.952	3148.095	2750.503	2438.834	2215.596	1898.636	1598.031	1255.323	925.583	623.965	346.652	209.462
2040	4848.115	4555.825	4320.445	4140.735	3974.471	3761.767	3232.880	2813.345	2475.764	2256.499	1943.775	1643.961	1301.060	961.368	651.716	362.351	209.819
2041	4894.704	4602.884	4356.728	4164.063	3994.049	3816.554	3326.753	2877.922	2519.128	2289.251	1988.073	1682.462	1340.489	991.034	672.318	379.122	228.714
2042	4934.529	4649.904	4396.254	4190.097	4015.073	3851.756	3429.593	2943.195	2570.495	2316.501	2036.917	1720.025	1382.863	1024.186	693.542	396.383	243.534
2043	4969.128	4695.583	4438.001	4219.268	4037.618	3872.791	3532.999	3011.560	2628.139	2341.976	2087.132	1757.995	1427.176	1060.669	716.890	414.109	253.779
2044	5000.033	4738.512	4480.752	4251.605	4060.962	3889.236	3624.302	3087.091	2689.089	2371.556	2133.916	1798.665	1471.993	1100.244	743.695	431.978	259.500
2045	5028.870	4777.180	4523.378	4286.718	4085.006	3907.538	3695.732	3171.471	2751.566	2408.838	2174.603	1843.195	1516.414	1142.686	774.486	450.298	260.926
2046	5061.295	4821.896	4567.986	4322.012	4110.173	3928.545	3750.191	3264.114	2815.054	2450.949	2205.701	1884.559	1550.754	1176.640	798.867	467.505	285.356
2047	5087.062	4863.678	4613.640	4360.505	4137.191	3950.524	3785.421	3365.795	2879.450	2501.199	2232.035	1930.925	1585.015	1213.805	825.690	483.637	305.192
2048	5107.565	4901.354	4659.360	4401.963	4166.346	3973.411	3806.849	3468.247	2947.047	2557.933	2257.184	1979.173	1620.579	1253.444	855.577	500.233	319.486
2049	5124.283	4934.189	4703.932	4445.616	4197.949	3996.521	3823.873	3558.964	3021.878	2618.291	2286.809	2024.703	1659.645	1294.390	888.778	518.616	327.461
2050	5138.714	4961.719	4746.019	4490.473	4232.338	4019.791	3842.569	3630.261	3105.675	2680.506	2324.356	2065	1703.229	1335.942	925.29	539.692	329.083



