Year Total	Male	Female
1970			
 0-4	1611754.000000	823045.000000	788709.000000
 5-9	1278675.000000	654426.000000	624249.000000
 10-14 	1031179.000000	529260.000000	501919.000000
 15-19 	834229.000000	428929.000000	405300.000000
 20-24 	772533.000000	398493.000000	374040.000000
 25-29 	631317.000000	323632.000000	307685.000000
 30-34 	524566.000000	268306.000000	256260.000000
 35-39 	438472.000000	223704.000000	214768.000000
 40-44 	365967.000000	185768.000000	180199.000000
 45-49 	304036.000000	153023.000000	151013.000000
 50-54 	246643.000000	122719.000000	123924.000000
 55-59 	196014.000000	96031.000000	99983.000000
 60-64 	148418.000000	71544.000000	76874.000000
 65-69 	103435.000000	48945.000000	54490.000000
 70-74 	63896.000000	29682.000000	34214.000000
 75-79 	31704.000000	14525.000000	17179.000000
 80+ 	14139.000000	6375.000000	7764.000000
Total	8596977.000000	4378407.000000	4218570.000000
1971			
 0-4	1649211.125000	841129.687500	808081.437500
 5-9	1325207.000000	678072.812500	647134.125000
 10-14 	1070317.000000	549160.687500	521156.312500
 15-19 	855413.250000	439664.031250	415749.187500
 20-24 	780893.687500	402683.125000	378210.531250
 25-29 	652977.187500	335157.156250	317820.062500
 30-34 	538279.625000	275371.593750	262908.000000
 35-39 	449581.562500	229474.515625	220107.046875
 40-44 	374972.156250	190425.562500	184546.578125
 45-49 	311718.406250	156958.890625	154759.515625
 50-54 	253270.109375	126085.601563	127184.507813
 55-59 	201293.265625	98655.312500	102637.945313
 60-64 	152704.718750	73614.195313	79090.515625
 65-69 	106774.304688	50539.972656	56234.335938
 70-74 	65990.203125	30638.712891	35351.492188
 75-79 	32958.664063	15056.809570	17901.855469
 80+ 	14742.558594	6624.321777	8118.236816
Total	8836305.000000	4499313.000000	4336991.500000
1972			
 0-4	1685063.125000	858264.000000	826799.125000
 5-9	1373112.500000	702401.500000	670711.062500
 10-14 	1110204.875000	569388.937500	540816.000000
 15-19 	885617.625000	455118.750000	430498.875000
 20-24 	783091.500000	403478.187500	379613.343750
 25-29 	677995.125000	348523.125000	329472.031250
 30-34 	552233.312500	282528.468750	269704.812500
 35-39 	461304.250000	235546.359375	225757.875000
 40-44 	384502.781250	195355.250000	189147.531250
 45-49 	319547.968750	160974.281250	158573.687500
 50-54 	260311.281250	129647.234375	130664.031250
 55-59 	206711.984375	101363.187500	105348.796875
 60-64 	157150.203125	75751.031250	81399.164063
 65-69 	110270.796875	52205.304688	58065.492188
 70-74 	68174.710938	31639.972656	36534.738281
 75-79 	34290.609375	15622.983398	18667.626953
 80+ 	15365.606445	6876.619141	8488.987305
Total	9084948.000000	4624685.000000	4460263.000000
1973			
 0-4	1718799.875000	874329.125000	844470.812500
 5-9	1419554.125000	725928.187500	693625.937500
 10-14 	1150103.625000	589591.687500	560512.000000
 15-19 	921548.687500	473550.718750	447998.000000
 20-24 	782635.062500	402798.437500	379836.656250
 25-29 	702812.312500	361786.750000	341025.562500
 30-34 	566582.187500	289913.312500	276668.843750
 35-39 	473182.125000	241684.593750	231497.546875
 40-44 	394159.062500	200356.937500	193802.125000
 45-49 	327272.562500	164940.109375	162332.453125
 50-54 	267421.531250	133238.031250	134183.500000
 55-59 	212116.031250	104076.343750	108039.687500
 60-64 	161611.062500	77892.882813	83718.179688
 65-69 	113774.343750	53870.621094	59903.718750
 70-74 	70406.578125	32666.722656	37739.855469
 75-79 	35631.507813	16195.238281	19436.271484
 80+ 	16007.998047	7134.562500	8873.435547
Total	9333619.000000	4749954.000000	4583664.500000
1974			
 0-4	1753024.750000	890894.375000	862130.375000
 5-9	1458477.000000	745411.875000	713065.125000
 10-14 	1189825.125000	609708.812500	580116.250000
 15-19 	958171.687500	492299.062500	465872.625000
 20-24 	785449.000000	403851.218750	381597.750000
 25-29 	722377.562500	372188.968750	350188.593750
 30-34 	581923.437500	297909.718750	284013.718750
 35-39 	484784.312500	247665.890625	237118.437500
 40-44 	403528.156250	205218.875000	198309.281250
 45-49 	334717.812500	168767.562500	165950.265625
 50-54 	274210.593750	136671.171875	137539.421875
 55-59 	217396.375000	106733.554688	110662.828125
 60-64 	165929.343750	79973.078125	85956.257813
 65-69 	117145.234375	55468.894531	61676.335938
 70-74 	72646.828125	33700.480469	38946.347656
 75-79 	36911.890625	16746.937500	20164.953125
 80+ 	16668.228516	7398.628418	9269.600586
Total	9573187.000000	4870609.000000	4702578.000000
1975			
 0-4	1788482.500000	908670.125000	879812.375000
 5-9	1474025.750000	752504.500000	721521.312500
 10-14 	1224219.250000	627129.250000	597089.937500
 15-19 	988245.437500	507609.656250	480635.750000
 20-24 	791851.000000	406889.343750	384961.718750
 25-29 	731126.000000	376782.625000	354343.406250
 30-34 	596016.250000	305402.562500	290613.687500
 35-39 	493865.250000	252347.343750	241517.906250
 40-44 	410718.875000	208972.531250	201746.359375
 45-49 	340414.875000	171714.562500	168700.343750
 50-54 	279328.656250	139279.468750	140049.203125
 55-59 	221596.390625	108859.312500	112737.085938
 60-64 	169322.031250	81619.703125	87702.335938
 65-69 	119826.179688	56735.796875	63090.382813
 70-74 	74552.070313	34582.812500	39969.257813
 75-79 	37945.363281	17193.923828	20751.441406
 80+ 	17256.023438	7630.048340	9625.974609
Total	9758792.000000	4963923.500000	4794868.500000
1976			
 0-4	1807923.750000	918676.875000	889246.937500
 5-9	1494517.000000	761834.187500	732682.875000
 10-14 	1256794.500000	643643.500000	613150.937500
 15-19 	1015803.500000	521574.875000	494228.625000
 20-24 	803907.875000	412937.062500	390970.781250
 25-29 	732183.062500	377214.375000	354968.656250
 30-34 	610853.875000	313391.500000	297462.343750
 35-39 	501944.562500	256505.937500	245438.625000
 40-44 	417161.812500	212341.062500	204820.765625
 45-49 	345522.968750	174371.984375	171150.968750
 50-54 	283729.593750	141538.109375	142191.468750
 55-59 	225465.093750	110820.890625	114644.203125
 60-64 	172337.015625	83099.148438	89237.867188
 65-69 	122249.171875	57877.308594	64371.859375
 70-74 	76355.093750	35422.269531	40932.824219
 75-79 	38900.101563	17611.376953	21288.726563
 80+ 	17824.564453	7853.782227	9970.782227
Total	9923474.000000	5046714.000000	4876759.000000
1977			
 0-4	1825122.000000	927688.875000	897433.125000
 5-9	1511360.000000	769250.687500	742109.375000
 10-14 	1288550.875000	659742.812500	628808.125000
 15-19 	1042246.375000	534924.062500	507322.312500
 20-24 	823206.500000	422797.281250	400409.187500
 25-29 	726069.625000	373756.625000	352312.937500
 30-34 	627960.250000	322667.062500	305293.250000
 35-39 	509369.937500	260304.453125	249065.468750
 40-44 	423473.281250	215637.031250	207836.265625
 45-49 	350543.562500	176995.171875	173548.406250
 50-54 	287791.750000	143637.312500	144154.437500
 55-59 	229334.781250	112777.437500	116557.335938
 60-64 	175185.296875	84516.960938	90668.343750
 65-69 	124602.210938	58982.894531	65619.312500
 70-74 	78147.781250	36259.171875	41888.605469
 75-79 	39850.863281	18032.080078	21818.783203
 80+ 	18397.921875	8079.876953	10318.044922
Total	10081213.000000	5126050.000000	4955163.500000
1978			
 0-4	1845811.500000	938510.500000	907301.000000
 5-9	1530114.625000	777711.250000	752403.437500
 10-14 	1321895.500000	676613.625000	645281.875000
 15-19 	1071144.875000	549508.187500	521636.718750
 20-24 	850017.375000	436552.843750	413464.562500
 25-29 	719061.375000	369737.625000	349323.750000
 30-34 	646364.750000	332613.375000	313751.343750
 35-39 	518374.312500	264936.187500	253438.140625
 40-44 	430925.687500	219502.437500	211423.250000
 45-49 	356507.500000	180104.234375	176403.281250
 50-54 	292431.718750	146029.937500	146401.796875
 55-59 	233808.328125	115028.460938	118779.875000
 60-64 	178435.015625	86142.992188	92292.031250
 65-69 	127266.445313	60236.710938	67029.734375
 70-74 	80134.578125	37186.332031	42948.246094
 75-79 	40936.882813	18518.060547	22418.824219
 80+ 	19032.429688	8334.196289	10698.232422
Total	10262263.000000	5217267.000000	5044996.000000
1979			
 0-4	1875269.000000	953788.562500	921480.375000
 5-9	1559072.875000	791632.812500	767440.062500
 10-14 	1355806.500000	693575.187500	662231.250000
 15-19 	1106425.000000	567370.250000	539054.750000
 20-24 	882773.812500	453322.031250	429451.781250
 25-29 	719604.500000	369646.562500	349957.906250
 30-34 	663470.812500	341734.062500	321736.687500
 35-39 	531508.812500	271780.250000	259728.578125
 40-44 	440720.937500	224543.406250	216177.531250
 45-49 	364350.000000	184167.421875	180182.593750
 50-54 	298570.125000	149172.890625	149397.250000
 55-59 	239394.718750	117829.796875	121564.906250
 60-64 	182655.593750	88244.242188	94411.343750
 65-69 	130583.843750	61807.984375	68775.859375
 70-74 	82512.906250	38293.285156	44219.625000
 75-79 	42290.617188	19128.320313	23162.294922
 80+ 	19779.742188	8640.899414	11138.843750
Total	10494790.000000	5334678.000000	5160111.500000
1980			
 0-4	1917644.125000	975602.750000	942041.437500
 5-9	1610191.250000	817376.500000	792814.812500
 10-14 	1384162.500000	707223.250000	676939.125000
 15-19 	1150866.750000	589944.312500	560922.437500
 20-24 	920784.937500	472703.125000	448081.843750
 25-29 	733231.500000	376400.562500	356830.937500
 30-34 	678329.250000	349446.125000	328883.125000
 35-39 	550385.687500	281687.437500	268698.250000
 40-44 	453809.937500	231241.625000	222568.312500
 45-49 	374826.125000	189553.875000	185272.250000
 50-54 	306914.250000	153414.046875	153500.203125
 55-59 	246522.625000	121394.109375	125128.515625
 60-64 	188280.562500	91022.507813	97258.062500
 65-69 	134817.734375	63824.578125	70993.148438
 70-74 	85449.585938	39655.808594	45793.777344
 75-79 	44001.472656	19903.015625	24098.457031
 80+ 	20685.140625	9019.708008	11665.431641
Total	10800904.000000	5489413.500000	5311490.000000
1981			
 0-4	1969140.500000	1002053.000000	967087.500000
 5-9	1657443.000000	841467.437500	815975.500000
 10-14 	1427341.750000	728125.250000	699216.562500
 15-19 	1202084.875000	615988.687500	586096.125000
 20-24 	963329.062500	494338.875000	468990.187500
 25-29 	757818.375000	388867.718750	368950.656250
 30-34 	690310.500000	355466.406250	334844.093750
 35-39 	574001.000000	294125.687500	279875.343750
 40-44 	469234.312500	239111.890625	230122.437500
 45-49 	387288.031250	195934.406250	191353.625000
 50-54 	316905.500000	158482.593750	158422.921875
 55-59 	254759.375000	125510.109375	129249.273438
 60-64 	194978.437500	94317.765625	100660.679688
 65-69 	139721.906250	66171.882813	73550.023438
 70-74 	88830.453125	41221.312500	47609.136719
 75-79 	45987.359375	20804.417969	25182.943359
 80+ 	21728.667969	9460.723633	12267.943359
Total	11160903.000000	5671448.000000	5489455.000000
1982			
 0-4	2026601.625000	1031548.375000	995053.250000
 5-9	1708965.375000	867835.500000	841129.937500
 10-14 	1472571.875000	749991.937500	722579.875000
 15-19 	1257300.125000	644062.000000	613238.125000
 20-24 	1008742.625000	517389.062500	491353.562500
 25-29 	792563.750000	406625.187500	385938.562500
 30-34 	697905.000000	359021.375000	338883.625000
 35-39 	602046.125000	308939.718750	293106.437500
 40-44 	485883.968750	247571.234375	238312.734375
 45-49 	401143.437500	203006.156250	198137.281250
 50-54 	328054.250000	164133.921875	163920.328125
 55-59 	263682.937500	129970.117188	133712.843750
 60-64 	202452.125000	97981.335938	104470.789063
 65-69 	145049.625000	68735.296875	76314.335938
 70-74 	92527.265625	42930.449219	49596.812500
 75-79 	48161.304688	21791.708984	26369.593750
 80+ 	22875.314453	9948.163086	12927.151367
Total	11556527.000000	5871481.500000	5685045.500000
1983			
 0-4	2083876.250000	1061031.250000	1022845.062500
 5-9	1759968.125000	893978.187500	865989.937500
 10-14 	1516593.750000	771311.500000	745282.187500
 15-19 	1311649.625000	671692.375000	639957.250000
 20-24 	1054669.875000	540730.312500	513939.500000
 25-29 	833008.125000	427390.750000	405617.343750
 30-34 	703187.437500	361330.750000	341856.687500
 35-39 	630151.625000	323820.531250	306331.093750
 40-44 	503090.125000	256368.812500	246721.312500
 45-49 	415262.500000	210212.031250	205050.468750
 50-54 	339436.250000	169929.593750	169506.656250
 55-59 	272628.437500	134463.875000	138164.562500
 60-64 	210084.390625	101735.640625	108348.757813
 65-69 	150436.312500	71341.617188	79094.703125
 70-74 	96290.703125	44671.632813	51619.070313
 75-79 	50369.210938	22794.660156	27574.548828
 80+ 	24061.183594	10455.145508	13606.038086
Total	11954764.000000	6073258.500000	5881505.500000
1984			
 0-4	2138772.500000	1089424.875000	1049347.625000
 5-9	1809046.625000	919155.500000	889891.125000
 10-14 	1561957.000000	793586.125000	768370.937500
 15-19 	1359416.750000	695842.812500	663574.000000
 20-24 	1101139.500000	564466.562500	536672.937500
 25-29 	874613.750000	448816.750000	425797.031250
 30-34 	711847.812500	365510.562500	346337.250000
 35-39 	653633.812500	336248.937500	317384.843750
 40-44 	521517.125000	265951.250000	255565.906250
 45-49 	429302.187500	217391.218750	211910.968750
 50-54 	350726.937500	175721.765625	175005.187500
 55-59 	281490.375000	138956.703125	142533.656250
 60-64 	217598.062500	105468.367188	112129.695313
 65-69 	155823.453125	73960.570313	81862.890625
 70-74 	100031.390625	46408.832031	53622.558594
 75-79 	52554.976563	23786.750000	28768.224609
 80+ 	25269.410156	10975.444336	14293.964844
Total	12344742.000000	6271673.000000	6073069.000000
1985			
 0-4	2187274.000000	1115082.250000	1072191.750000
 5-9	1853545.500000	942395.812500	911149.625000
 10-14 	1614676.500000	820491.812500	794184.687500
 15-19 	1389440.125000	710677.875000	678762.250000
 20-24 	1146685.875000	587941.125000	558744.687500
 25-29 	913356.375000	468840.562500	444515.843750
 30-34 	726367.500000	372941.500000	353425.937500
 35-39 	669022.500000	344384.750000	324637.750000
 40-44 	540639.437500	276096.906250	264542.500000
 45-49 	442565.531250	224252.953125	218312.578125
 50-54 	361253.625000	181179.328125	180074.312500
 55-59 	289807.375000	143228.078125	146579.281250
 60-64 	224511.421875	108952.109375	115559.312500
 65-69 	161020.375000	76530.890625	84489.476563
 70-74 	103592.164063	48092.605469	55499.554688
 75-79 	54641.574219	24744.294922	29897.277344
 80+ 	26458.884766	11495.823242	14963.061523
Total	12704859.000000	6457328.500000	6247530.000000
1986			
 0-4	2234749.250000	1139816.250000	1094933.000000
 5-9	1898676.250000	965666.687500	933009.500000
 10-14 	1656312.250000	841819.375000	814492.937500
 15-19 	1427816.250000	729256.875000	698559.375000
 20-24 	1193638.375000	611990.687500	581647.687500
 25-29 	952267.500000	488769.468750	463498.000000
 30-34 	748142.937500	384067.375000	364075.562500
 35-39 	678754.375000	349307.562500	329446.812500
 40-44 	561848.500000	287323.375000	274525.156250
 45-49 	456071.093750	231165.359375	224905.734375
 50-54 	372024.000000	186691.046875	185332.937500
 55-59 	298367.031250	147581.265625	150785.765625
 60-64 	231437.031250	112413.453125	119023.562500
 65-69 	166440.000000	79187.445313	87252.562500
 70-74 	107230.343750	49807.058594	57423.285156
 75-79 	56792.445313	25722.513672	31069.929688
 80+ 	27702.359375	12036.766602	15665.591797
Total	13068270.000000	6642622.500000	6425647.500000
1987			
 0-4	2280326.500000	1163713.875000	1116612.625000
 5-9	1943910.500000	989238.687500	954671.875000
 10-14 	1697030.875000	862946.625000	834084.250000
 15-19 	1463665.000000	746499.000000	717166.062500
 20-24 	1240720.875000	636106.875000	604614.000000
 25-29 	990882.125000	508506.406250	482375.718750
 30-34 	777220.562500	399019.937500	378200.625000
 35-39 	682039.500000	350723.875000	331315.562500
 40-44 	585467.062500	299878.750000	285588.312500
 45-49 	469293.250000	237932.437500	231360.812500
 50-54 	382888.687500	192242.500000	190646.203125
 55-59 	307026.812500	151988.515625	155038.296875
 60-64 	238236.781250	115815.492188	122421.296875
 65-69 	172037.765625	81942.656250	90095.109375
 70-74 	110899.492188	51559.390625	59340.105469
 75-79 	59002.472656	26731.929688	32270.542969
 80+ 	28990.750000	12599.273438	16391.476563
Total	13429639.000000	6827446.500000	6602193.000000
1988			
 0-4	2325642.250000	1187302.250000	1138340.125000
 5-9	1990609.750000	1013605.375000	977004.375000
 10-14 	1738400.625000	884398.125000	854002.500000
 15-19 	1498952.625000	763191.500000	735761.125000
 20-24 	1287362.375000	659527.875000	627834.500000
 25-29 	1030232.625000	528194.000000	502038.625000
 30-34 	811934.687500	416540.125000	395394.562500
 35-39 	683093.250000	350594.750000	332498.500000
 40-44 	609067.625000	312162.125000	296905.468750
 45-49 	483190.500000	244966.328125	238224.156250
 50-54 	394030.375000	197792.640625	196237.750000
 55-59 	315867.625000	156365.500000	159502.109375
 60-64 	245002.625000	119085.468750	125917.140625
 65-69 	177944.062500	84859.632813	93084.429688
 70-74 	114827.437500	53488.312500	61339.132813
 75-79 	61429.691406	27889.269531	33540.421875
 80+ 	30423.085938	13262.333984	17160.751953
Total	13798011.000000	7013225.500000	6784785.500000
1989			
 0-4	2370948.000000	1210616.125000	1160331.750000
 5-9	2038979.750000	1038827.812500	1000152.000000
 10-14 	1781005.625000	906384.625000	874621.000000
 15-19 	1537923.500000	781660.750000	756262.750000
 20-24 	1328953.875000	679806.125000	649147.812500
 25-29 	1070978.250000	548295.750000	522682.437500
 30-34 	848333.062500	434570.312500	413762.750000
 35-39 	687857.187500	352086.187500	335771.062500
 40-44 	628534.000000	321846.500000	306687.500000
 45-49 	498819.937500	252818.312500	246001.640625
 50-54 	405546.968750	203347.734375	202199.250000
 55-59 	324857.625000	160630.656250	164226.953125
 60-64 	251803.640625	122189.500000	129614.140625
 65-69 	184100.250000	87896.093750	96204.156250
 70-74 	119196.796875	55713.898438	63482.894531
 75-79 	64198.660156	29305.505859	34893.152344
 80+ 	32105.230469	14120.249023	17984.982422
Total	14174142.000000	7200116.000000	6974026.000000
1990			
 0-4	2416391.750000	1233795.625000	1182596.250000
 5-9	2088476.125000	1064529.875000	1023946.375000
 10-14 	1825210.375000	929086.500000	896123.875000
 15-19 	1589596.125000	807016.625000	782579.500000
 20-24 	1358187.125000	692709.125000	665478.000000
 25-29 	1115112.250000	569572.250000	545540.000000
 30-34 	885255.375000	452327.031250	432928.312500
 35-39 	700912.812500	357617.437500	343295.375000
 40-44 	642242.125000	328110.812500	314131.312500
 45-49 	516725.656250	261786.265625	254939.390625
 50-54 	417723.875000	209198.718750	208525.171875
 55-59 	334169.562500	164968.015625	169201.546875
 60-64 	258888.562500	125348.382813	133540.187500
 65-69 	190523.187500	91103.296875	99419.890625
 70-74 	124262.687500	58472.058594	65790.632813
 75-79 	67548.015625	31225.927734	36322.085938
 80+ 	34278.804688	15413.814453	18864.990234
Total	14565504.000000	7392281.500000	7173223.000000
1991			
 0-4	2461811.500000	1256857.500000	1204954.000000
 5-9	2138181.750000	1090255.250000	1047926.625000
 10-14 	1871002.250000	952584.437500	918417.812500
 15-19 	1631250.250000	827515.375000	803734.937500
 20-24 	1396299.750000	709456.875000	686842.875000
 25-29 	1161212.625000	591443.937500	569768.750000
 30-34 	922697.437500	469912.437500	452785.000000
 35-39 	721179.687500	366619.437500	354560.218750
 40-44 	650552.750000	331162.937500	319389.812500
 45-49 	536659.375000	271679.750000	264979.593750
 50-54 	430306.312500	215184.531250	215121.781250
 55-59 	343715.343750	169295.484375	174419.859375
 60-64 	266153.843750	128490.828125	137663.031250
 65-69 	196982.718750	94273.937500	102708.765625
 70-74 	129784.156250	61545.542969	68238.609375
 75-79 	71212.570313	33405.531250	37807.042969
 80+ 	36778.437500	16980.441406	19797.996094
Total	14965781.000000	7586664.000000	7379116.500000
1992			
 0-4	2506586.750000	1279557.375000	1227029.375000
 5-9	2187627.000000	1115721.500000	1071905.375000
 10-14 	1918303.375000	976916.812500	941386.500000
 15-19 	1673286.250000	848456.125000	824830.187500
 20-24 	1432878.000000	725203.937500	707674.000000
 25-29 	1208302.875000	613594.125000	594708.687500
 30-34 	960511.312500	487444.562500	473066.750000
 35-39 	749049.562500	379441.937500	369607.625000
 40-44 	653079.937500	330953.468750	322126.500000
 45-49 	559071.437500	282755.343750	276316.093750
 50-54 	442978.093750	221196.125000	221782.000000
 55-59 	353567.500000	173723.359375	179844.140625
 60-64 	273666.937500	131727.031250	141939.906250
 65-69 	203251.562500	97232.593750	106018.984375
 70-74 	135514.609375	64720.960938	70793.640625
 75-79 	74938.187500	35627.101563	39311.085938
 80+ 	39428.054688	18658.259766	20769.796875
Total	15372041.000000	7782930.500000	7589111.000000
1993			
 0-4	2549205.000000	1301223.125000	1247981.875000
 5-9	2236057.500000	1140551.625000	1095506.000000
 10-14 	1966603.500000	1001876.000000	964727.500000
 15-19 	1715547.125000	869896.125000	845650.937500
 20-24 	1468274.000000	740679.812500	727594.250000
 25-29 	1254344.000000	635297.500000	619046.562500
 30-34 	998621.812500	505207.062500	493414.750000
 35-39 	782161.000000	395052.906250	387108.062500
 40-44 	653435.000000	329601.343750	323833.625000
 45-49 	581201.312500	293572.218750	287629.093750
 50-54 	456233.000000	227575.375000	228657.609375
 55-59 	363731.656250	178335.546875	185396.109375
 60-64 	281420.500000	135134.593750	146285.906250
 65-69 	209131.171875	99837.265625	109293.906250
 70-74 	141081.343750	67725.765625	73355.578125
 75-79 	78472.390625	37680.011719	40792.378906
 80+ 	42011.289063	20268.751953	21742.535156
Total	15777532.000000	7979515.000000	7798016.500000
1994			
 0-4	2588073.000000	1321065.250000	1267007.625000
 5-9	2282747.500000	1164411.875000	1118335.750000
 10-14 	2015475.250000	1027277.000000	988198.125000
 15-19 	1757909.750000	891839.625000	866070.125000
 20-24 	1505831.875000	758145.312500	747686.562500
 25-29 	1294246.500000	654101.750000	640144.875000
 30-34 	1037380.000000	523664.312500	513715.718750
 35-39 	816486.500000	411489.687500	404996.812500
 40-44 	657226.500000	330225.593750	327000.875000
 45-49 	598997.562500	302006.437500	296991.156250
 50-54 	470831.250000	234765.656250	236065.609375
 55-59 	374192.406250	183179.953125	191012.468750
 60-64 	289326.250000	138707.968750	150618.296875
 65-69 	214599.234375	102094.093750	112505.140625
 70-74 	146174.406250	70361.414063	75812.984375
 75-79 	81708.140625	39486.468750	42221.675781
 80+ 	44393.539063	21717.800781	22675.740234
Total	16175600.000000	8174540.000000	8001059.500000
1995			
 0-4	2622506.500000	1338736.125000	1283770.500000
 5-9	2327547.500000	1187328.250000	1140219.250000
 10-14 	2064028.625000	1052616.500000	1011412.000000
 15-19 	1800316.000000	914196.375000	886119.562500
 20-24 	1553410.250000	782030.875000	771379.375000
 25-29 	1318969.750000	665253.500000	653716.312500
 30-34 	1076786.750000	542939.250000	533847.562500
 35-39 	849377.500000	427425.968750	421951.531250
 40-44 	667787.875000	334636.062500	333151.812500
 45-49 	610292.312500	306945.593750	303346.718750
 50-54 	486919.500000	242829.000000	244090.484375
 55-59 	384919.937500	188276.718750	196643.218750
 60-64 	297271.625000	142382.468750	154889.171875
 65-69 	219757.375000	104111.835938	115645.531250
 70-74 	150592.828125	72484.562500	78108.265625
 75-79 	84597.210938	41009.550781	43587.656250
 80+ 	46469.261719	22923.158203	23546.103516
Total	16561551.000000	8366126.000000	8195425.000000
1996			
 0-4	2652711.750000	1354315.125000	1298396.500000
 5-9	2370678.000000	1209452.250000	1161225.750000
 10-14 	2111700.250000	1077544.625000	1034155.562500
 15-19 	1843341.750000	937182.125000	906159.562500
 20-24 	1589701.500000	801266.875000	788434.687500
 25-29 	1350427.500000	680154.375000	670273.062500
 30-34 	1116419.500000	562848.000000	553571.500000
 35-39 	881552.500000	443293.250000	438259.250000
 40-44 	684547.562500	342541.062500	342006.468750
 45-49 	615899.937500	308913.781250	306986.156250
 50-54 	504358.656250	251639.468750	252719.171875
 55-59 	395839.437500	193622.843750	202216.609375
 60-64 	305309.375000	146175.640625	159133.718750
 65-69 	224837.109375	106108.234375	118728.875000
 70-74 	154410.671875	74149.796875	80260.875000
 75-79 	87263.335938	42364.164063	44899.175781
 80+ 	48298.203125	23942.910156	24355.294922
Total	16937296.000000	8555515.000000	8381782.000000
1997			
 0-4	2680636.000000	1368736.125000	1311899.750000
 5-9	2412368.000000	1230871.375000	1181496.750000
 10-14 	2158467.000000	1101954.250000	1056512.875000
 15-19 	1887636.500000	960867.437500	926769.125000
 20-24 	1625978.375000	820998.500000	804979.875000
 25-29 	1379531.500000	694072.312500	685459.125000
 30-34 	1156086.125000	583015.187500	573070.875000
 35-39 	913355.000000	459118.375000	454236.593750
 40-44 	708085.750000	354118.937500	353966.843750
 45-49 	615776.500000	307893.000000	307883.500000
 50-54 	523635.875000	261411.812500	262224.062500
 55-59 	406647.125000	199037.656250	207609.468750
 60-64 	313467.812500	150073.265625	163394.562500
 65-69 	230154.281250	108318.398438	121835.890625
 70-74 	157814.765625	75477.062500	82337.703125
 75-79 	89876.203125	43665.578125	46210.621094
 80+ 	49979.785156	24850.566406	25129.218750
Total	17309496.000000	8744480.000000	8565017.000000
1998			
 0-4	2710301.500000	1383978.000000	1326323.500000
 5-9	2452930.500000	1251727.500000	1201202.875000
 10-14 	2204802.750000	1125920.125000	1078882.500000
 15-19 	1934481.000000	985033.250000	949447.750000
 20-24 	1664787.500000	841244.250000	823543.250000
 25-29 	1408659.750000	707756.812500	700903.062500
 30-34 	1195205.250000	602707.375000	592497.937500
 35-39 	945567.812500	475091.156250	470476.656250
 40-44 	736557.625000	368220.312500	368337.312500
 45-49 	614221.750000	305942.906250	308278.843750
 50-54 	542240.875000	270773.031250	271467.875000
 55-59 	417754.750000	204720.687500	213034.062500
 60-64 	321597.468750	153999.343750	167598.125000
 65-69 	236130.437500	110969.710938	125160.718750
 70-74 	161257.296875	76724.406250	84532.898438
 75-79 	92725.796875	45066.519531	47659.281250
 80+ 	51747.640625	25784.603516	25963.035156
Total	17690970.000000	8935660.000000	8755310.000000
1999			
 0-4	2745290.750000	1401935.750000	1343354.875000
 5-9	2491500.750000	1271908.625000	1219592.000000
 10-14 	2250421.250000	1149614.000000	1100807.375000
 15-19 	1982492.750000	1009475.875000	973016.875000
 20-24 	1705771.750000	861958.875000	843812.812500
 25-29 	1442667.625000	723451.375000	719216.187500
 30-34 	1230128.250000	619563.000000	610565.312500
 35-39 	979265.625000	491619.781250	487645.875000
 40-44 	766444.375000	382883.812500	383560.531250
 45-49 	616577.250000	306051.750000	310525.468750
 50-54 	556489.750000	277759.593750	278730.187500
 55-59 	429746.625000	210976.671875	218769.953125
 60-64 	329457.062500	157891.625000	171565.437500
 65-69 	242788.218750	114112.546875	128675.664063
 70-74 	165127.406250	78168.875000	86958.546875
 75-79 	95947.609375	46641.089844	49306.519531
 80+ 	53791.199219	26866.082031	26925.117188
Total	18083908.000000	9130879.000000	8953029.000000
2000			
 0-4	2789005.250000	1424145.250000	1364860.000000
 5-9	2529878.000000	1291354.250000	1238523.500000
 10-14 	2297400.500000	1173513.250000	1123887.125000
 15-19 	2034162.250000	1033981.937500	1000180.375000
 20-24 	1752491.500000	883274.875000	869216.625000
 25-29 	1490325.125000	745841.000000	744484.187500
 30-34 	1253040.875000	629345.062500	623695.875000
 35-39 	1015322.625000	509111.781250	506210.875000
 40-44 	795947.625000	397075.781250	398871.812500
 45-49 	627318.000000	309995.531250	317322.468750
 50-54 	565667.500000	281571.812500	284095.687500
 55-59 	443189.937500	217907.234375	225282.703125
 60-64 	337711.031250	161865.406250	175845.625000
 65-69 	252140.375000	117665.593750	134474.781250
 70-74 	171470.718750	80081.742188	91388.976563
 75-79 	101566.734375	48438.300781	53128.433594
 80+ 	57662.035156	28228.050781	29433.984375
Total	18514300.000000	9333397.000000	9180903.000000
2001			
 0-4	2842112.750000	1451166.125000	1390946.750000
 5-9	2566129.000000	1309637.125000	1256491.875000
 10-14 	2345494.750000	1197894.750000	1147600.000000
 15-19 	2086644.750000	1058294.500000	1028350.312500
 20-24 	1802960.875000	905038.437500	897922.375000
 25-29 	1530840.625000	763864.437500	766976.125000
 30-34 	1284779.125000	642844.187500	641935.000000
 35-39 	1052921.000000	527167.375000	525753.625000
 40-44 	825333.375000	411051.906250	414281.468750
 45-49 	644766.687500	317251.125000	327515.562500
 50-54 	570402.812500	282755.437500	287647.343750
 55-59 	457567.562500	225292.625000	232274.937500
 60-64 	345885.281250	165903.625000	179981.656250
 65-69 	262056.750000	121351.203125	140705.546875
 70-74 	179463.593750	82468.453125	96995.140625
 75-79 	107968.789063	50269.179688	57699.609375
 80+ 	62728.488281	29797.988281	32930.500000
Total	18968056.000000	9542048.000000	9426008.000000
2002			
 0-4	2902872.500000	1482128.750000	1420743.875000
 5-9	2600207.750000	1326778.625000	1273429.250000
 10-14 	2394429.250000	1222666.500000	1171762.750000
 15-19 	2138750.000000	1082630.125000	1056119.750000
 20-24 	1855684.500000	927302.812500	928381.687500
 25-29 	1574418.250000	782506.875000	791911.312500
 30-34 	1315981.000000	655474.562500	660506.375000
 35-39 	1091521.625000	545483.187500	546038.500000
 40-44 	854756.562500	424939.687500	429816.875000
 45-49 	668549.000000	327842.125000	340706.843750
 50-54 	570931.875000	281426.187500	289505.687500
 55-59 	473435.281250	233396.437500	240038.843750
 60-64 	354005.125000	169989.968750	184015.156250
 65-69 	271331.281250	124884.187500	146447.078125
 70-74 	188762.859375	85238.656250	103524.203125
 75-79 	114471.312500	51954.296875	62517.023438
 80+ 	68727.507813	31478.486328	37249.019531
Total	19438836.000000	9756121.000000	9682714.000000
2003			
 0-4	2967834.000000	1515277.500000	1452556.750000
 5-9	2634185.000000	1343895.000000	1290290.000000
 10-14 	2443265.000000	1247417.375000	1195847.750000
 15-19 	2190055.750000	1107437.750000	1082618.000000
 20-24 	1909279.500000	950100.625000	959178.812500
 25-29 	1621453.625000	801836.437500	819617.125000
 30-34 	1348144.250000	668014.875000	680129.375000
 35-39 	1130077.500000	563446.750000	566630.750000
 40-44 	884831.000000	439084.218750	445746.781250
 45-49 	695894.625000	340540.812500	355353.812500
 50-54 	571311.062500	279594.437500	291716.593750
 55-59 	488879.718750	241169.281250	247710.437500
 60-64 	362799.750000	174495.968750	188303.796875
 65-69 	278615.875000	127946.718750	150669.156250
 70-74 	198901.265625	88230.101563	110671.156250
 75-79 	120838.812500	53441.746094	67397.062500
 80+ 	75498.921875	33194.660156	42304.261719
Total	19921866.000000	9975124.000000	9946742.000000
2004			
 0-4	3035226.500000	1549707.375000	1485519.250000
 5-9	2671215.000000	1362643.000000	1308571.875000
 10-14 	2490589.750000	1271412.250000	1219177.625000
 15-19 	2241100.000000	1133121.625000	1107978.500000
 20-24 	1963454.875000	973648.500000	989806.375000
 25-29 	1672188.750000	821919.250000	850269.437500
 30-34 	1385787.875000	682742.812500	703045.125000
 35-39 	1164873.000000	578915.125000	585957.812500
 40-44 	916697.875000	454056.218750	462641.656250
 45-49 	723101.625000	353486.125000	369615.500000
 50-54 	576995.812500	280018.187500	296977.593750
 55-59 	501199.250000	247078.109375	254121.140625
 60-64 	373046.906250	179838.234375	193208.671875
 65-69 	283397.031250	130445.335938	152951.671875
 70-74 	209292.296875	91250.054688	118042.257813
 75-79 	127498.031250	54864.257813	72633.773438
 80+ 	83031.984375	34930.574219	48101.410156
Total	20418696.000000	10200077.000000	10218620.000000
2005			
 0-4	3103802.250000	1584734.125000	1519068.125000
 5-9	2714311.500000	1384495.000000	1329816.625000
 10-14 	2534575.750000	1293570.500000	1241005.250000
 15-19 	2292663.250000	1159922.250000	1132741.000000
 20-24 	2017332.250000	997682.625000	1019649.625000
 25-29 	1725912.375000	842470.875000	883441.500000
 30-34 	1437065.750000	703791.562500	733274.187500
 35-39 	1188100.875000	587482.687500	600618.187500
 40-44 	950858.000000	470004.875000	480853.125000
 45-49 	748256.000000	365591.250000	382664.750000
 50-54 	590499.187500	284062.750000	306436.406250
 55-59 	509514.125000	250411.375000	259102.718750
 60-64 	384807.031250	186006.562500	198800.468750
 65-69 	286275.625000	132593.859375	153681.781250
 70-74 	218896.250000	93954.421875	124941.828125
 75-79 	134821.421875	56274.703125	78546.718750
 80+ 	91103.343750	36557.527344	54545.816406
Total	20928796.000000	10429607.000000	10499188.000000
2006			
 0-4	3174061.500000	1620611.250000	1553450.250000
 5-9	2765521.750000	1410590.000000	1354931.750000
 10-14 	2573907.500000	1313386.000000	1260521.375000
 15-19 	2345267.000000	1187886.875000	1157380.000000
 20-24 	2070420.250000	1022447.500000	1047972.812500
 25-29 	1781794.250000	863768.062500	918026.250000
 30-34 	1482359.625000	721000.500000	761359.000000
 35-39 	1220301.875000	599951.937500	620349.937500
 40-44 	987154.375000	486878.375000	500276.031250
 45-49 	772893.250000	377530.656250	395362.625000
 50-54 	609895.625000	291126.531250	318769.125000
 55-59 	515453.625000	251873.875000	263579.750000
 60-64 	397775.500000	192872.406250	204903.109375
 65-69 	288661.250000	134778.562500	153882.703125
 70-74 	226613.375000	96191.203125	130422.171875
 75-79 	142998.421875	57862.691406	85135.726563
 80+ 	99360.062500	38111.953125	61248.105469
Total	21454440.000000	10666869.000000	10787571.000000
2007			
 0-4	3249175.750000	1658961.000000	1590214.750000
 5-9	2824262.500000	1440595.125000	1383667.250000
 10-14 	2608673.250000	1330882.875000	1277790.375000
 15-19 	2398471.750000	1216339.625000	1182132.125000
 20-24 	2122567.250000	1048069.875000	1074497.250000
 25-29 	1838429.250000	885827.125000	952602.125000
 30-34 	1531204.375000	739225.125000	791979.250000
 35-39 	1252550.375000	611959.500000	640590.812500
 40-44 	1025077.000000	504376.687500	520700.281250
 45-49 	798314.750000	389775.218750	408539.500000
 50-54 	633842.312500	301028.718750	332813.593750
 55-59 	519302.375000	251481.421875	267820.937500
 60-64 	412234.250000	200546.546875	211687.718750
 65-69 	292071.875000	137398.421875	154673.437500
 70-74 	231665.953125	97855.031250	133810.921875
 75-79 	151809.187500	59628.398438	92180.796875
 80+ 	107305.570313	39539.140625	67766.429688
Total	21996958.000000	10913490.000000	11083468.000000
2008			
 0-4	3332130.000000	1701313.500000	1630816.375000
 5-9	2887539.750000	1472948.000000	1414591.875000
 10-14 	2640579.250000	1347004.375000	1293574.875000
 15-19 	2450250.500000	1244056.750000	1206193.750000
 20-24 	2173171.750000	1074764.000000	1098407.625000
 25-29 	1893659.875000	908862.562500	984797.375000
 30-34 	1582798.500000	758722.125000	824076.312500
 35-39 	1285950.750000	624425.000000	661525.687500
 40-44 	1063451.000000	521992.593750	541458.375000
 45-49 	825817.000000	402955.156250	422861.812500
 50-54 	659352.562500	312693.156250	346659.437500
 55-59 	524166.437500	250926.906250	273239.531250
 60-64 	426534.281250	208034.000000	218500.265625
 65-69 	298070.875000	141042.812500	157028.062500
 70-74 	233452.875000	98966.515625	134486.343750
 75-79 	160006.500000	61398.085938	98608.414063
 80+ 	113889.937500	40685.238281	73204.703125
Total	22550822.000000	11170791.000000	11380031.000000
2009			
 0-4	3421579.750000	1746986.500000	1674593.250000
 5-9	2953958.250000	1506925.250000	1447033.125000
 10-14 	2672210.750000	1363193.625000	1309017.250000
 15-19 	2497724.750000	1269576.000000	1228148.750000
 20-24 	2221643.750000	1102649.250000	1118994.500000
 25-29 	1946123.875000	933457.187500	1012666.687500
 30-34 	1636142.250000	779925.500000	856216.750000
 35-39 	1324768.375000	639967.750000	684800.687500
 40-44 	1098846.750000	537996.625000	560850.125000
 45-49 	856762.250000	417876.187500	438886.062500
 50-54 	683543.562500	324748.656250	358794.875000
 55-59 	534085.000000	252655.781250	281429.218750
 60-64 	438611.343750	214030.156250	224581.171875
 65-69 	307328.937500	146064.109375	161264.828125
 70-74 	232253.468750	99754.656250	132498.812500
 75-79 	165935.531250	62910.902344	103024.632813
 80+ 	118223.859375	41426.019531	76797.835938
Total	23109742.000000	11440144.000000	11669599.000000
2010			
 0-4	3515917.500000	1795208.125000	1720709.500000
 5-9	3021332.750000	1541460.500000	1479872.375000
 10-14 	2706379.500000	1381707.875000	1324671.750000
 15-19 	2537947.000000	1291840.750000	1246106.125000
 20-24 	2267285.250000	1132054.875000	1135230.375000
 25-29 	1993434.125000	960137.500000	1033296.687500
 30-34 	1689964.375000	803469.687500	886494.750000
 35-39 	1377866.875000	663605.062500	714261.812500
 40-44 	1124881.375000	549065.000000	575816.375000
 45-49 	892229.500000	435343.000000	456886.531250
 50-54 	705322.375000	336812.406250	368510.000000
 55-59 	550086.250000	258033.468750	292052.812500
 60-64 	447879.250000	218150.765625	229728.500000
 65-69 	319258.500000	152470.062500	166788.437500
 70-74 	228304.343750	100729.890625	127574.468750
 75-79 	167342.484375	64035.582031	103306.898438
 80+ 	118847.984375	41897.777344	76950.210938
Total	23664280.000000	11726022.000000	11938257.000000
2011			
 0-4	3612047.000000	1844305.375000	1767741.625000
 5-9	3090204.250000	1576630.250000	1513573.875000
 10-14 	2748391.000000	1403620.375000	1344770.500000
 15-19 	2570654.500000	1309908.000000	1260746.500000
 20-24 	2313971.750000	1162077.875000	1151893.875000
 25-29 	2039188.500000	988052.000000	1051136.625000
 30-34 	1743758.500000	828432.875000	915325.625000
 35-39 	1425530.000000	684465.250000	741064.750000
 40-44 	1160330.750000	564661.812500	595669.000000
 45-49 	931235.750000	454442.937500	476792.781250
 50-54 	728019.125000	349400.687500	378618.375000
 55-59 	570290.875000	266052.718750	304238.156250
 60-64 	456057.156250	220787.937500	235269.218750
 65-69 	333371.937500	159681.125000	173690.796875
 70-74 	226124.640625	102191.703125	123932.929688
 75-79 	166199.906250	64578.953125	101620.953125
 80+ 	118952.390625	42072.246094	76880.140625
Total	24234328.000000	12021362.000000	12212966.000000
2012			
 0-4	3704772.750000	1891689.500000	1813083.250000
 5-9	3163881.250000	1614264.000000	1549617.250000
 10-14 	2799304.250000	1429796.125000	1369508.125000
 15-19 	2596133.000000	1324210.500000	1271922.500000
 20-24 	2360836.250000	1191877.625000	1168958.500000
 25-29 	2082985.750000	1016855.562500	1066130.125000
 30-34 	1795636.875000	854258.750000	941378.125000
 35-39 	1475914.000000	706558.562500	769355.375000
 40-44 	1195863.875000	580072.375000	615791.500000
 45-49 	972137.437500	474354.281250	497783.187500
 50-54 	752711.375000	362740.062500	389971.312500
 55-59 	593193.375000	276402.437500	316790.968750
 60-64 	462923.062500	221860.156250	241062.890625
 65-69 	348863.281250	167525.921875	181337.359375
 70-74 	226961.875000	104429.492188	122532.375000
 75-79 	163004.078125	64718.039063	98286.046875
 80+ 	119077.578125	42226.066406	76851.515625
Total	24814200.000000	12323839.000000	12490361.000000
2013			
 0-4	3787538.250000	1933985.625000	1853552.500000
 5-9	3245265.500000	1655864.750000	1589400.750000
 10-14 	2857221.000000	1459414.375000	1397806.500000
 15-19 	2618494.500000	1336654.625000	1281839.875000
 20-24 	2407059.000000	1220164.375000	1186894.750000
 25-29 	2125903.500000	1046092.250000	1079811.250000
 30-34 	1845206.375000	880460.562500	964745.812500
 35-39 	1528207.625000	729450.812500	798756.875000
 40-44 	1232158.625000	595654.375000	636504.187500
 45-49 	1013130.625000	494126.281250	519004.343750
 50-54 	780407.875000	377103.093750	403304.781250
 55-59 	616598.875000	288087.843750	328511.031250
 60-64 	470601.875000	222698.437500	247903.437500
 65-69 	363610.375000	174954.812500	188655.562500
 70-74 	231496.453125	107706.812500	123789.640625
 75-79 	158673.890625	64692.093750	93981.796875
 80+ 	119415.390625	42492.125000	76923.265625
Total	25400990.000000	12629603.000000	12771387.000000
2014			
 0-4	3855738.000000	1968838.750000	1886899.250000
 5-9	3333152.500000	1700807.500000	1632345.125000
 10-14 	2920615.500000	1491776.250000	1428839.375000
 15-19 	2642384.500000	1349653.375000	1292731.000000
 20-24 	2450041.500000	1245534.250000	1204507.375000
 25-29 	2168157.000000	1075363.125000	1092793.875000
 30-34 	1892390.750000	907023.937500	985366.875000
 35-39 	1581253.875000	752954.000000	828299.812500
 40-44 	1272706.750000	613363.062500	659343.687500
 45-49 	1050277.125000	511663.781250	538613.375000
 50-54 	811675.125000	392822.062500	418853.062500
 55-59 	638569.562500	299865.281250	338704.281250
 60-64 	482145.062500	225278.312500	256866.750000
 65-69 	375625.875000	180757.906250	194867.968750
 70-74 	239419.468750	112070.859375	127348.609375
 75-79 	154225.843750	64736.203125	89489.648438
 80+ 	119608.562500	42791.683594	76816.882813
Total	25987988.000000	12935300.000000	13052687.000000
2015			
 0-4	3907974.750000	1995404.250000	1912570.500000
 5-9	3426628.000000	1748520.625000	1678107.375000
 10-14 	2986719.000000	1525436.750000	1461282.125000
 15-19 	2672961.250000	1365521.250000	1307440.125000
 20-24 	2487774.500000	1266605.500000	1221168.875000
 25-29 	2211071.250000	1104196.875000	1106874.375000
 30-34 	1937861.625000	933644.312500	1004217.250000
 35-39 	1634825.250000	776949.812500	857875.437500
 40-44 	1325740.125000	637296.125000	688443.937500
 45-49 	1077090.875000	523238.187500	553852.625000
 50-54 	846726.437500	410022.750000	436703.687500
 55-59 	659121.500000	311259.625000	347861.906250
 60-64 	498546.250000	230572.406250	267973.843750
 65-69 	384637.156250	184518.015625	200119.140625
 70-74 	249750.843750	117285.179688	132465.671875
 75-79 	150845.281250	65132.011719	85713.273438
 80+ 	119353.593750	43047.648438	76305.945313
Total	26577628.000000	13238651.000000	13338976.000000
2016			
 0-4	3944696.500000	2014067.125000	1930629.250000
 5-9	3522427.500000	1797388.500000	1725039.000000
 10-14 	3055099.000000	1560289.625000	1494809.500000
 15-19 	2713413.250000	1386228.625000	1327184.500000
 20-24 	2518368.250000	1283240.000000	1235128.250000
 25-29 	2255026.250000	1132721.375000	1122304.875000
 30-34 	1981579.500000	960509.625000	1021069.875000
 35-39 	1687634.125000	801442.000000	886192.125000
 40-44 	1372741.250000	657849.625000	714891.687500
 45-49 	1112117.500000	538579.125000	573538.375000
 50-54 	884460.437500	428325.187500	456135.250000
 55-59 	680430.062500	322992.812500	357437.250000
 60-64 	517645.687500	237940.953125	279704.750000
 65-69 	392105.562500	186814.515625	205291.031250
 70-74 	261284.515625	122976.515625	138308.000000
 75-79 	149431.093750	66085.429688	83345.671875
 80+ 	118468.328125	43226.656250	75241.671875
Total	27166928.000000	13540678.000000	13626251.000000
2017			
 0-4	3969151.000000	2026492.500000	1942658.500000
 5-9	3614688.000000	1844422.250000	1770265.875000
 10-14 	3128625.750000	1597804.500000	1530821.250000
 15-19 	2763877.500000	1411909.375000	1351968.250000
 20-24 	2542668.750000	1296223.125000	1246445.750000
 25-29 	2300094.500000	1160649.750000	1139445.000000
 30-34 	2024198.000000	987829.812500	1036368.187500
 35-39 	1738917.000000	826414.000000	912503.000000
 40-44 	1422433.250000	679398.437500	743034.812500
 45-49 	1147021.750000	553575.000000	593446.625000
 50-54 	923873.375000	447305.500000	476567.875000
 55-59 	703799.500000	335420.187500	368379.281250
 60-64 	538712.125000	247280.718750	291431.406250
 65-69 	398295.937500	187743.875000	210552.062500
 70-74 	273644.187500	129080.531250	144563.671875
 75-79 	150342.687500	67633.960938	82708.734375
 80+ 	116972.695313	43341.132813	73631.562500
Total	27757316.000000	13842525.000000	13914792.000000
2018			
 0-4	3986186.750000	2035164.000000	1951022.625000
 5-9	3697361.000000	1886532.250000	1810828.750000
 10-14 	3209898.500000	1639299.500000	1570599.000000
 15-19 	2821568.500000	1441213.000000	1380355.625000
 20-24 	2564386.250000	1307681.250000	1256705.000000
 25-29 	2344984.000000	1187235.000000	1157749.125000
 30-34 	2066369.500000	1015675.750000	1050693.750000
 35-39 	1788324.750000	851857.437500	936467.250000
 40-44 	1474495.500000	701916.750000	772578.687500
 45-49 	1182991.375000	568893.125000	614098.312500
 50-54 	963686.375000	466322.656250	497363.718750
 55-59 	730186.437500	348887.500000	381298.937500
 60-64 	560261.375000	257841.437500	302419.906250
 65-69 	405325.937500	188542.062500	216783.875000
 70-74 	285411.656250	134849.015625	150562.640625
 75-79 	153738.609375	69874.125000	83864.484375
 80+ 	115117.843750	43450.992188	71666.851563
Total	28350294.000000	14145236.000000	14205059.000000
2019			
 0-4	4000413.750000	2042436.750000	1957977.125000
 5-9	3766113.750000	1921507.750000	1844606.250000
 10-14 	3297618.250000	1684092.875000	1613525.250000
 15-19 	2884948.000000	1473411.750000	1411536.125000
 20-24 	2588130.000000	1320053.250000	1268076.750000
 25-29 	2387253.250000	1211278.500000	1175974.750000
 30-34 	2108480.750000	1043817.250000	1064663.500000
 35-39 	1835979.125000	877865.000000	958114.125000
 40-44 	1528026.375000	725261.625000	802764.687500
 45-49 	1223615.250000	586445.125000	637170.062500
 50-54 	1000299.750000	483396.000000	516903.718750
 55-59 	760209.875000	363727.843750	396482.062500
 60-64 	580639.062500	268539.593750	312099.500000
 65-69 	415833.343750	190890.250000	224943.078125
 70-74 	295053.781250	139349.250000	155704.546875
 75-79 	159415.343750	72843.984375	86571.367188
 80+ 	113319.671875	43652.332031	69667.343750
Total	28945350.000000	14448569.000000	14496780.000000
2020			
 0-4	4014731.250000	2049778.625000	1964952.625000
 5-9	3819456.000000	1948617.625000	1870838.250000
 10-14 	3390895.250000	1731706.250000	1659188.875000
 15-19 	2951071.750000	1507080.000000	1443991.750000
 20-24 	2618815.500000	1335879.750000	1282935.750000
 25-29 	2424742.750000	1231973.250000	1192769.750000
 30-34 	2151379.750000	1072247.625000	1079132.125000
 35-39 	1881883.750000	904369.000000	977514.750000
 40-44 	1581847.125000	749268.437500	832578.750000
 45-49 	1276141.875000	610060.437500	666081.500000
 50-54 	1026837.250000	494790.750000	532046.437500
 55-59 	793755.437500	379999.906250	413755.500000
 60-64 	599752.625000	278949.187500	320803.437500
 65-69 	430555.750000	195596.078125	234959.656250
 70-74 	302359.281250	142276.328125	160082.953125
 75-79 	166694.750000	76389.265625	90305.484375
 80+ 	112035.828125	44054.796875	67981.031250
Total	29542956.000000	14753037.000000	14789919.000000
2021			
 0-4	4030508.500000	2057863.125000	1972645.500000
 5-9	3857551.500000	1967968.500000	1889582.875000
 10-14 	3486558.000000	1780496.500000	1706061.500000
 15-19 	3019506.750000	1541962.500000	1477544.250000
 20-24 	2659425.250000	1356642.000000	1302783.250000
 25-29 	2455613.500000	1248660.000000	1206953.500000
 30-34 	2195557.500000	1100665.625000	1094891.875000
 35-39 	1926075.000000	931244.187500	994830.750000
 40-44 	1634831.875000	773783.250000	861048.687500
 45-49 	1322827.500000	630450.062500	692377.437500
 50-54 	1061249.500000	509802.968750	551446.562500
 55-59 	829831.250000	397318.312500	432512.937500
 60-64 	619610.000000	289697.250000	329912.781250
 65-69 	447592.343750	202079.843750	245512.468750
 70-74 	308549.750000	144105.625000	164444.093750
 75-79 	174759.218750	80246.671875	94512.554688
 80+ 	111583.156250	44722.910156	66860.242188
Total	30141630.000000	15057709.000000	15083921.000000
2022			
 0-4	4047197.250000	2066403.000000	1980794.250000
 5-9	3883283.750000	1981030.125000	1902253.500000
 10-14 	3578683.500000	1827443.875000	1751239.625000
 15-19 	3093069.500000	1579492.125000	1513577.500000
 20-24 	2709979.000000	1382364.250000	1327614.750000
 25-29 	2480430.500000	1261889.250000	1218541.250000
 30-34 	2240893.000000	1128606.000000	1112287.000000
 35-39 	1969099.250000	958584.875000	1010514.375000
 40-44 	1686225.250000	798747.000000	887478.187500
 45-49 	1372061.750000	651782.312500	720279.500000
 50-54 	1095558.375000	524504.125000	571054.250000
 55-59 	867502.062500	415283.437500	452218.625000
 60-64 	641403.187500	301100.093750	340303.125000
 65-69 	466266.562500	210227.828125	256038.734375
 70-74 	313870.875000	144938.187500	168932.671875
 75-79 	183364.062500	84369.703125	98994.367188
 80+ 	112054.398438	45653.593750	66400.804688
Total	30740942.000000	15362420.000000	15378523.000000
2023			
 0-4	4064229.500000	2075100.875000	1989128.500000
 5-9	3901687.500000	1990372.500000	1911315.000000
 10-14 	3661287.500000	1869489.500000	1791798.000000
 15-19 	3174295.000000	1620949.750000	1553345.250000
 20-24 	2767637.500000	1411634.750000	1356002.750000
 25-29 	2502672.250000	1273595.750000	1229076.500000
 30-34 	2285959.250000	1155188.375000	1130770.875000
 35-39 	2011494.375000	986362.000000	1025132.375000
 40-44 	1735577.750000	824076.750000	911501.000000
 45-49 	1423450.000000	673980.500000	749469.500000
 50-54 	1130830.625000	539487.687500	591342.875000
 55-59 	905519.562500	433268.187500	472251.343750
 60-64 	665968.500000	313449.125000	352519.406250
 65-69 	485282.468750	219389.687500	265892.781250
 70-74 	319975.406250	145735.093750	174240.296875
 75-79 	191528.687500	88244.554688	103284.132813
 80+ 	113565.250000	46906.613281	66658.640625
Total	31340960.000000	15667232.000000	15673729.000000
2024			
 0-4	4082304.250000	2084309.750000	1997994.625000
 5-9	3917311.750000	1998319.000000	1918992.750000
 10-14 	3730123.500000	1904462.625000	1825660.875000
 15-19 	3261863.750000	1665640.250000	1596223.375000
 20-24 	2830912.500000	1443750.125000	1387162.250000
 25-29 	2526881.250000	1286176.750000	1240704.500000
 30-34 	2328372.000000	1179235.875000	1149136.125000
 35-39 	2053677.250000	1014365.000000	1039312.312500
 40-44 	1783013.625000	849867.625000	933145.937500
 45-49 	1476119.125000	696909.812500	779209.312500
 50-54 	1170466.375000	556552.375000	613913.937500
 55-59 	940466.437500	449408.687500	491057.750000
 60-64 	693849.937500	327035.875000	366814.062500
 65-69 	503249.156250	228657.671875	274591.500000
 70-74 	328890.437500	147784.578125	181105.843750
 75-79 	198210.234375	91246.156250	106964.070313
 80+ 	116143.078125	48533.000000	67610.078125
Total	31941854.000000	15972255.000000	15969599.000000
2025			
 0-4	4101948.500000	2094300.750000	2007647.625000
 5-9	3932886.500000	2006246.625000	1926639.875000
 10-14 	3783696.000000	1931627.750000	1852068.250000
 15-19 	3354915.250000	1713096.500000	1641818.750000
 20-24 	2896818.000000	1477236.000000	1419582.125000
 25-29 	2557751.000000	1302016.625000	1255734.250000
 30-34 	2365877.000000	1199839.125000	1166037.875000
 35-39 	2096408.625000	1042510.875000	1053897.625000
 40-44 	1828485.125000	876001.875000	952483.187500
 45-49 	1528896.625000	720382.000000	808514.625000
 50-54 	1221315.750000	579277.312500	642038.437500
 55-59 	965809.625000	460178.937500	505630.718750
 60-64 	724920.937500	341898.500000	383022.437500
 65-69 	520125.062500	237679.875000	282445.187500
 70-74 	341118.375000	151678.593750	189439.781250
 75-79 	203301.312500	93188.414063	110112.890625
 80+ 	119599.875000	50486.652344	69113.218750
Total	32543874.000000	16277646.000000	16266227.000000
2026			
 0-4	4123659.000000	2105336.000000	2018323.000000
 5-9	3949716.500000	2014803.750000	1934912.750000
 10-14 	3822141.250000	1951082.750000	1871058.500000
 15-19 	3450377.500000	1761733.750000	1688643.625000
 20-24 	2965025.500000	1511920.500000	1453105.000000
 25-29 	2598390.250000	1322706.250000	1275683.875000
 30-34 	2396859.000000	1216489.500000	1180369.375000
 35-39 	2140358.750000	1070627.875000	1069731.000000
 40-44 	1872231.000000	902475.562500	969755.500000
 45-49 	1580837.750000	744335.875000	836501.875000
 50-54 	1266601.875000	598950.875000	667651.000000
 55-59 	998687.125000	474394.468750	524292.625000
 60-64 	758308.875000	357709.875000	400599.000000
 65-69 	537685.250000	247007.734375	290677.500000
 70-74 	355106.906250	156944.390625	198162.500000
 75-79 	207712.500000	94431.656250	113280.843750
 80+ 	123645.593750	52654.281250	70991.312500
Total	33147344.000000	16583605.000000	16563739.000000
2027			
 0-4	4147863.750000	2117645.250000	2030218.500000
 5-9	3967384.500000	2023771.750000	1943612.625000
 10-14 	3848319.250000	1964291.750000	1884027.500000
 15-19 	3542306.000000	1808524.125000	1733782.000000
 20-24 	3038336.500000	1549234.250000	1489102.500000
 25-29 	2648826.500000	1348276.250000	1300550.250000
 30-34 	2421894.500000	1229739.000000	1192155.500000
 35-39 	2185446.750000	1098276.000000	1087170.625000
 40-44 	1914842.625000	929407.187500	985435.500000
 45-49 	1631250.750000	768735.062500	862515.625000
 50-54 	1314359.750000	619533.812500	694825.937500
 55-59 	1031519.625000	488351.312500	543168.312500
 60-64 	793172.062500	374114.000000	419058.062500
 65-69 	556985.312500	256920.531250	300064.750000
 70-74 	370284.843750	163468.484375	206816.359375
 75-79 	211667.640625	95077.960938	116589.679688
 80+ 	128239.117188	55021.328125	73217.789063
Total	33752700.000000	16890388.000000	16862312.000000
2028			
 0-4	4174805.750000	2131364.750000	2043441.000000
 5-9	3985361.000000	2032879.000000	1952482.125000
 10-14 	3867217.750000	1973806.125000	1893411.625000
 15-19 	3624766.750000	1850438.250000	1774328.625000
 20-24 	3119240.250000	1590437.875000	1528802.375000
 25-29 	2706264.750000	1377342.375000	1328922.500000
 30-34 	2444397.750000	1241491.750000	1202905.875000
 35-39 	2230272.250000	1124594.750000	1105677.375000
 40-44 	1956842.500000	956769.500000	1000072.937500
 45-49 	1679695.500000	793499.750000	886195.750000
 50-54 	1364212.375000	640955.687500	723256.687500
 55-59 	1065316.625000	502604.562500	562712.062500
 60-64 	828368.375000	390542.281250	437826.093750
 65-69 	578748.000000	267665.812500	311082.187500
 70-74 	385653.093750	170747.312500	214905.765625
 75-79 	216292.625000	95775.406250	120517.218750
 80+ 	132929.156250	57345.160156	75583.992188
Total	34360384.000000	17198260.000000	17162124.000000
2029			
 0-4	4204611.500000	2146565.750000	2058045.500000
 5-9	4004340.000000	2042480.375000	1961859.625000
 10-14 	3883323.750000	1981921.875000	1901401.750000
 15-19 	3693573.000000	1885339.000000	1808234.125000
 20-24 	3206408.000000	1634833.750000	1571574.250000
 25-29 	2769254.500000	1409225.500000	1360029.125000
 30-34 	2468831.250000	1254106.375000	1214724.750000
 35-39 	2272488.500000	1148427.875000	1124060.625000
 40-44 	1998635.875000	984358.000000	1014277.875000
 45-49 	1726288.000000	818722.187500	907565.812500
 50-54 	1415317.000000	663088.437500	752228.500000
 55-59 	1103247.375000	518809.875000	584437.500000
 60-64 	860739.125000	405290.437500	455448.687500
 65-69 	603426.312500	279484.562500	323941.781250
 70-74 	400181.843750	178100.250000	222081.609375
 75-79 	222910.031250	97360.242188	125549.781250
 80+ 	137213.468750	59337.398438	77876.078125
Total	34970788.000000	17507452.000000	17463338.000000
2030			
 0-4	4237263.500000	2163238.500000	2074025.125000
 5-9	4024845.500000	2052848.500000	1971997.000000
 10-14 	3899334.750000	1990002.000000	1909332.750000
 15-19 	3747244.000000	1912498.875000	1834745.000000
 20-24 	3298998.500000	1681966.375000	1617032.125000
 25-29 	2834847.750000	1442468.750000	1392378.875000
 30-34 	2499807.000000	1269927.875000	1229879.125000
 35-39 	2309879.250000	1168882.250000	1140997.000000
 40-44 	2040964.250000	1012090.750000	1028873.562500
 45-49 	1770979.750000	844288.000000	926691.750000
 50-54 	1466544.125000	685753.500000	780790.687500
 55-59 	1151672.000000	540249.562500	611422.500000
 60-64 	884241.875000	415134.937500	469106.937500
 65-69 	630898.750000	292404.468750	338494.281250
 70-74 	413908.687500	185281.515625	228627.156250
 75-79 	231782.000000	100190.375000	131591.625000
 80+ 	141042.953125	60925.917969	80117.039063
Total	35584256.000000	17818152.000000	17766102.000000
2031			
 0-4	4272632.500000	2181310.500000	2091322.000000
 5-9	4047370.750000	2064243.500000	1983127.250000
 10-14 	3916544.500000	1998689.000000	1917855.500000
 15-19 	3785910.750000	1932011.750000	1853898.875000
 20-24 	3393990.500000	1730278.125000	1663712.625000
 25-29 	2902719.750000	1476901.750000	1425818.000000
 30-34 	2540390.500000	1290522.625000	1249867.875000
 35-39 	2340862.250000	1185460.875000	1155401.500000
 40-44 	2084486.375000	1039800.312500	1044686.000000
 45-49 	1814000.750000	870192.937500	943807.875000
 50-54 	1516983.750000	708893.937500	808089.875000
 55-59 	1194950.000000	558891.187500	636058.812500
 60-64 	914875.937500	428213.781250	486662.156250
 65-69 	660412.562500	306148.062500	354264.500000
 70-74 	428264.593750	192729.687500	235534.906250
 75-79 	241790.500000	103919.296875	137871.203125
 80+ 	144876.984375	62303.816406	82573.164063
Total	36201064.000000	18130512.000000	18070552.000000
2032			
 0-4	4310468.000000	2200642.500000	2109825.250000
 5-9	4072336.250000	2076889.500000	1995446.750000
 10-14 	3934578.250000	2007782.125000	1926796.125000
 15-19 	3812402.750000	1945326.375000	1867076.250000
 20-24 	3485494.750000	1776765.750000	1708729.000000
 25-29 	2975647.250000	1513938.750000	1461708.500000
 30-34 	2590615.750000	1315921.125000	1274694.625000
 35-39 	2366009.250000	1198706.000000	1167303.250000
 40-44 	2129128.500000	1067058.375000	1062070.000000
 45-49 	1855926.250000	896551.812500	959374.500000
 50-54 	1565969.750000	732476.125000	833493.687500
 55-59 	1240601.000000	578399.062500	662202.000000
 60-64 	945558.875000	441105.687500	504453.156250
 65-69 	691239.000000	320410.625000	370828.375000
 70-74 	444101.562500	200671.750000	243429.812500
 75-79 	252506.812500	108444.554688	144062.250000
 80+ 	148842.125000	63539.554688	85302.570313
Total	36821424.000000	18444630.000000	18376796.000000
2033			
 0-4	4350417.000000	2221043.250000	2129373.750000
 5-9	4099988.750000	2090919.500000	2009069.250000
 10-14 	3952916.000000	2017012.125000	1935903.750000
 15-19 	3831672.000000	1954975.000000	1876696.875000
 20-24 	3567650.250000	1818435.875000	1749214.375000
 25-29 	3056085.000000	1554819.250000	1501265.750000
 30-34 	2647742.500000	1344763.000000	1302979.500000
 35-39 	2388676.500000	1210485.625000	1178190.875000
 40-44 	2173524.250000	1093022.250000	1080502.000000
 45-49 	1897267.000000	923337.375000	973929.500000
 50-54 	1613077.625000	756422.812500	856654.812500
 55-59 	1288268.000000	598707.875000	689560.062500
 60-64 	977213.000000	454310.562500	522902.406250
 65-69 	722377.062500	334698.625000	387678.437500
 70-74 	461979.406250	209297.203125	252682.203125
 75-79 	263280.812500	113435.335938	149845.453125
 80+ 	153330.390625	64869.628906	88460.765625
Total	37445464.000000	18760556.000000	18684910.000000
2034			
 0-4	4392034.500000	2242278.750000	2149755.750000
 5-9	4130463.750000	2106405.000000	2024058.875000
 10-14 	3972250.500000	2026732.250000	1945518.500000
 15-19 	3848158.250000	1963228.250000	1884930.000000
 20-24 	3636326.000000	1853180.500000	1783145.500000
 25-29 	3142720.500000	1598851.000000	1543869.375000
 30-34 	2710359.250000	1376387.625000	1333971.500000
 35-39 	2413250.750000	1223113.750000	1190136.875000
 40-44 	2215375.500000	1116558.875000	1098816.625000
 45-49 	1938419.000000	950350.062500	988068.937500
 50-54 	1658417.000000	780821.062500	877596.000000
 55-59 	1337148.375000	619696.812500	717451.562500
 60-64 	1012678.312500	469287.937500	543390.375000
 65-69 	751029.625000	347522.093750	403507.500000
 70-74 	482227.093750	218781.500000	263445.593750
 75-79 	273490.187500	118467.765625	155022.406250
 80+ 	158763.093750	66578.312500	92184.773438
Total	38073112.000000	19078242.000000	18994870.000000
2035			
 0-4	4434805.500000	2264084.500000	2170721.000000
 5-9	4163752.250000	2123338.000000	2040414.375000
 10-14 	3993107.250000	2037213.625000	1955893.625000
 15-19 	3864534.750000	1971436.375000	1893098.375000
 20-24 	3690055.250000	1880279.750000	1809775.500000
 25-29 	3234734.250000	1645590.750000	1589143.375000
 30-34 	2775567.250000	1409360.500000	1366206.625000
 35-39 	2444260.250000	1238891.625000	1205368.625000
 40-44 	2252509.250000	1136792.500000	1115716.875000
 45-49 	1980105.375000	977509.125000	1002596.187500
 50-54 	1701938.750000	805559.187500	896379.562500
 55-59 	1386168.750000	641199.000000	744969.625000
 60-64 	1057624.250000	488917.093750	568707.250000
 65-69 	771841.812500	356064.781250	415777.000000
 70-74 	504726.875000	229137.093750	275589.781250
 75-79 	283233.750000	123408.593750	159825.140625
 80+ 	165155.187500	68767.984375	96387.210938
Total	38704120.000000	19397550.000000	19306570.000000
2036			
 0-4	4478174.000000	2286180.000000	2191993.750000
 5-9	4199730.500000	2141648.500000	2058082.250000
 10-14 	4015975.500000	2048715.250000	1967260.125000
 15-19 	3882083.000000	1980235.375000	1901847.500000
 20-24 	3728956.500000	1899821.875000	1829134.500000
 25-29 	3329155.500000	1693508.500000	1635647.000000
 30-34 	2843044.250000	1443512.375000	1399532.000000
 35-39 	2484721.500000	1259358.625000	1225363.000000
 40-44 	2283380.250000	1153240.000000	1130140.125000
 45-49 	2022970.250000	1004652.312500	1018317.937500
 50-54 	1743862.000000	830632.750000	913229.125000
 55-59 	1434463.000000	663162.562500	771300.500000
 60-64 	1098012.750000	506087.937500	591924.875000
 65-69 	799197.562500	367541.312500	431656.218750
 70-74 	528885.687500	240149.203125	288736.468750
 75-79 	293508.750000	128559.921875	164948.828125
 80+ 	172025.718750	71289.664063	100736.054688
Total	39338148.000000	19718296.000000	19619850.000000
2037			
 0-4	4521558.000000	2308273.750000	2213284.000000
 5-9	4238152.000000	2161201.000000	2076951.000000
 10-14 	4041266.250000	2061458.000000	1979808.375000
 15-19 	3900445.750000	1989434.375000	1911011.375000
 20-24 	3755827.750000	1913242.250000	1842585.625000
 25-29 	3420154.500000	1739633.000000	1680521.625000
 30-34 	2915533.250000	1480241.625000	1435291.625000
 35-39 	2534668.500000	1284545.000000	1250123.500000
 40-44 	2308550.250000	1166434.875000	1142115.375000
 45-49 	2066945.500000	1031365.312500	1035580.125000
 50-54 	1784741.250000	856153.062500	928588.187500
 55-59 	1481397.750000	685557.937500	795839.875000
 60-64 	1140632.375000	524061.875000	616570.562500
 65-69 	826708.875000	378912.718750	447796.156250
 70-74 	554124.187500	251577.968750	302546.250000
 75-79 	304905.968750	134081.828125	170824.140625
 80+ 	179186.437500	74096.718750	105089.710938
Total	39974800.000000	20040272.000000	19934528.000000
2038			
 0-4	4564394.000000	2330078.250000	2234315.500000
 5-9	4278663.000000	2181806.250000	2096856.875000
 10-14 	4069223.500000	2075574.000000	1993649.500000
 15-19 	3919106.750000	1998767.750000	1920339.000000
 20-24 	3775560.250000	1923043.250000	1852517.000000
 25-29 	3501942.500000	1781011.125000	1720931.500000
 30-34 	2995447.750000	1520767.625000	1474680.000000
 35-39 	2591410.000000	1313117.875000	1278292.000000
 40-44 	2331306.750000	1178205.500000	1153101.375000
 45-49 	2110698.250000	1056829.375000	1053868.750000
 50-54 	1825068.625000	882093.937500	942974.687500
 55-59 	1526566.625000	708313.125000	818253.500000
 60-64 	1185148.125000	542781.187500	642367.000000
 65-69 	855175.687500	390606.875000	464568.812500
 70-74 	579627.625000	263025.656250	316601.968750
 75-79 	317784.437500	140093.890625	177690.562500
 80+ 	186504.406250	77121.343750	109383.062500
Total	40613628.000000	20363238.000000	20250392.000000
2039			
 0-4	4606170.500000	2351329.750000	2254840.750000
 5-9	4320820.000000	2203233.000000	2117587.000000
 10-14 	4099979.750000	2091134.000000	2008845.625000
 15-19 	3938754.250000	2008586.625000	1930167.625000
 20-24 	3792530.250000	1931462.125000	1861068.125000
 25-29 	3570440.500000	1815565.750000	1754874.875000
 30-34 	3081487.500000	1564404.750000	1517082.750000
 35-39 	2653567.500000	1344434.375000	1309133.125000
 40-44 	2355945.750000	1190815.125000	1165130.750000
 45-49 	2151983.750000	1079941.000000	1072042.750000
 50-54 	1865227.500000	908263.500000	956964.000000
 55-59 	1570068.250000	731508.750000	838559.500000
 60-64 	1230806.500000	562134.250000	668672.312500
 65-69 	886989.500000	403829.281250	483160.218750
 70-74 	603083.875000	273280.375000	329803.500000
 75-79 	332329.281250	146697.000000	185632.281250
 80+ 	193908.109375	80288.210938	113619.898438
Total	41254092.000000	20686908.000000	20567184.000000
2040			
 0-4	4646433.000000	2371800.250000	2274632.500000
 5-9	4364113.000000	2225221.250000	2138891.750000
 10-14 	4133525.750000	2108130.500000	2025395.250000
 15-19 	3959909.500000	2019161.250000	1940748.250000
 20-24 	3809373.000000	1939828.000000	1869544.750000
 25-29 	3624192.000000	1842582.875000	1781609.000000
 30-34 	3172847.500000	1610717.750000	1562129.625000
 35-39 	2718290.000000	1377083.625000	1341206.500000
 40-44 	2386898.000000	1206511.500000	1180386.375000
 45-49 	2188678.250000	1099846.625000	1088831.750000
 50-54 	1905914.125000	934580.687500	971333.375000
 55-59 	1611850.375000	755036.937500	856813.437500
 60-64 	1276607.750000	581968.875000	694638.812500
 65-69 	926880.187500	420935.062500	505945.187500
 70-74 	620072.125000	280058.562500	340013.562500
 75-79 	348435.437500	153888.984375	194546.437500
 80+ 	201528.781250	83602.132813	117926.648438
Total	41895548.000000	21010956.000000	20884594.000000
2041			
 0-4	4684758.000000	2391286.000000	2293472.250000
 5-9	4407992.000000	2247493.500000	2160498.250000
 10-14 	4169739.500000	2126494.500000	2043245.125000
 15-19 	3983056.500000	2030747.125000	1952309.375000
 20-24 	3827351.250000	1948766.250000	1878584.875000
 25-29 	3663302.500000	1862143.250000	1801159.125000
 30-34 	3266601.000000	1658199.500000	1608401.250000
 35-39 	2785261.000000	1410898.750000	1374362.375000
 40-44 	2427117.500000	1226798.000000	1200319.500000
 45-49 	2219276.250000	1116078.000000	1103198.250000
 50-54 	1947753.250000	960888.437500	986864.812500
 55-59 	1652118.375000	778892.125000	873226.187500
 60-64 	1321748.875000	602239.500000	719509.375000
 65-69 	962997.312500	436020.843750	526976.500000
 70-74 	642767.875000	289366.531250	353401.343750
 75-79 	365705.656250	161530.171875	204175.468750
 80+ 	209714.906250	87174.093750	122540.812500
Total	42537260.000000	21335016.000000	21202244.000000
2042			
 0-4	4720714.000000	2409586.000000	2311127.750000
 5-9	4451884.000000	2269762.750000	2182121.500000
 10-14 	4208378.000000	2146092.000000	2062286.125000
 15-19 	4008604.500000	2043563.250000	1965041.500000
 20-24 	3846120.250000	1958091.875000	1888028.375000
 25-29 	3690525.000000	1875656.250000	1814868.750000
 30-34 	3356986.250000	1703911.750000	1653074.500000
 35-39 	2857182.000000	1447253.625000	1409928.250000
 40-44 	2476634.250000	1251699.250000	1224935.000000
 45-49 	2244328.250000	1129154.250000	1115173.875000
 50-54 	1990683.000000	986788.125000	1003894.750000
 55-59 	1691400.750000	803178.937500	888221.750000
 60-64 	1365646.500000	622921.437500	742725.000000
 65-69 	1001124.125000	451817.343750	549306.812500
 70-74 	665737.375000	298667.187500	367070.218750
 75-79 	383750.437500	169462.359375	214288.093750
 80+ 	218690.437500	91073.679688	127616.757813
Total	43178388.000000	21658680.000000	21519708.000000
2043			
 0-4	4753918.000000	2426537.750000	2327380.000000
 5-9	4495244.500000	2291754.750000	2203489.750000
 10-14 	4249092.500000	2166736.750000	2082355.750000
 15-19 	4036795.750000	2057740.750000	1979055.000000
 20-24 	3865170.000000	1967541.250000	1897628.750000
 25-29 	3710680.750000	1885584.875000	1825095.875000
 30-34 	3438287.000000	1744937.875000	1693349.125000
 35-39 	2936423.000000	1487341.375000	1449081.750000
 40-44 	2532806.500000	1279905.625000	1252901.000000
 45-49 	2267036.000000	1140848.500000	1126187.375000
 50-54 	2033408.000000	1011485.875000	1021922.250000
 55-59 	1730162.250000	827867.250000	902295.000000
 60-64 	1407921.750000	643946.062500	763975.625000
 65-69 	1040956.750000	468274.281250	572682.437500
 70-74 	689610.875000	308292.593750	381318.281250
 75-79 	401997.531250	177411.437500	224586.093750
 80+ 	228550.156250	95328.320313	133221.828125
Total	43818060.000000	21981536.000000	21836526.000000
2044			
 0-4	4784106.000000	2442031.750000	2342074.250000
 5-9	4537583.000000	2313224.500000	2224358.750000
 10-14 	4291444.500000	2188201.250000	2103243.000000
 15-19 	4067762.500000	2073350.500000	1994412.250000
 20-24 	3885180.750000	1977461.250000	1907719.500000
 25-29 	3728080.500000	1894130.000000	1833950.500000
 30-34 	3506471.000000	1779224.750000	1727246.250000
 35-39 	3021693.750000	1530479.125000	1491214.500000
 40-44 	2594287.750000	1310789.250000	1283498.500000
 45-49 	2291582.500000	1153355.000000	1138227.500000
 50-54 	2073745.500000	1033911.812500	1039833.687500
 55-59 	1768766.875000	852771.250000	915995.625000
 60-64 	1448658.000000	665382.500000	783275.625000
 65-69 	1081811.625000	485290.125000	596521.437500
 70-74 	716177.750000	319120.468750	397057.312500
 75-79 	418768.250000	184516.937500	234251.296875
 80+ 	239315.718750	99947.007813	139368.718750
Total	44455436.000000	22303188.000000	22152248.000000
2045			
 0-4	4811113.500000	2455987.000000	2355126.500000
 5-9	4578462.000000	2333958.250000	2244503.500000
 10-14 	4334927.000000	2210228.000000	2124699.250000
 15-19 	4101490.000000	2090381.500000	2011108.625000
 20-24 	3906659.000000	1988112.500000	1918546.375000
 25-29 	3745313.250000	1902595.000000	1842718.375000
 30-34 	3560086.250000	1806060.500000	1754025.500000
 35-39 	3112194.500000	1576233.250000	1535961.125000
 40-44 	2658278.750000	1342965.125000	1315313.625000
 45-49 	2322279.500000	1168851.875000	1153427.750000
 50-54 	2109633.000000	1053240.625000	1056392.250000
 55-59 	1807873.750000	877807.625000	930066.062500
 60-64 	1487797.375000	687125.562500	800671.812500
 65-69 	1122796.000000	502731.250000	620064.750000
 70-74 	748927.375000	332840.562500	416086.843750
 75-79 	430853.750000	189160.296875	241693.468750
 80+ 	250961.687500	104922.734375	146038.953125
Total	45089648.000000	22623202.000000	22466444.000000
2046			
 0-4	4834854.000000	2468342.500000	2366511.250000
 5-9	4617472.000000	2353763.500000	2263708.250000
 10-14 	4378999.000000	2232543.000000	2146455.750000
 15-19 	4137866.750000	2108770.750000	2029096.125000
 20-24 	3930100.500000	1999758.625000	1930341.750000
 25-29 	3763643.250000	1911607.625000	1852035.500000
 30-34 	3599241.250000	1825529.875000	1773711.375000
 35-39 	3205055.000000	1623129.125000	1581926.000000
 40-44 	2724479.750000	1376276.375000	1348203.375000
 45-49 	2362011.750000	1188801.375000	1173210.250000
 50-54 	2139626.250000	1069030.875000	1070595.375000
 55-59 	1848087.500000	902830.687500	945256.875000
 60-64 	1525531.875000	709171.937500	816360.000000
 65-69 	1163202.500000	520561.312500	642641.187500
 70-74 	778936.125000	345097.187500	433838.906250
 75-79 	447453.843750	195783.781250	251670.062500
 80+ 	263431.906250	110230.960938	153200.937500
Total	45719992.000000	22941230.000000	22778764.000000
2047			
 0-4	4855294.000000	2479047.000000	2376247.000000
 5-9	4654186.000000	2372442.000000	2281743.750000
 10-14 	4423090.000000	2254860.500000	2168229.500000
 15-19 	4176654.000000	2128386.250000	2048267.625000
 20-24 	3955914.250000	2012618.875000	1943295.375000
 25-29 	3782742.500000	1920994.375000	1861748.000000
 30-34 	3626658.000000	1839028.750000	1787629.125000
 35-39 	3294603.500000	1668278.125000	1626325.375000
 40-44 	2795558.750000	1412080.750000	1383478.000000
 45-49 	2410812.250000	1213230.375000	1197581.875000
 50-54 	2164280.000000	1081796.625000	1082483.500000
 55-59 	1889364.250000	927471.812500	961892.500000
 60-64 	1562364.375000	731624.500000	830739.875000
 65-69 	1202527.250000	538765.500000	663761.812500
 70-74 	810633.625000	357937.312500	452696.312500
 75-79 	464403.843750	202483.578125	261920.281250
 80+ 	276622.437500	115817.343750	160805.093750
Total	46345708.000000	23256864.000000	23088844.000000
2048			
 0-4	4872480.500000	2488087.000000	2384393.500000
 5-9	4688216.000000	2389820.500000	2298395.750000
 10-14 	4466660.500000	2276907.000000	2189753.500000
 15-19 	4217514.000000	2149048.500000	2068465.750000
 20-24 	3984359.000000	2026834.500000	1957524.500000
 25-29 	3802128.500000	1930508.875000	1871619.500000
 30-34 	3647111.000000	1848999.000000	1798112.125000
 35-39 	3375222.500000	1708821.125000	1666401.500000
 40-44 	2873851.500000	1451553.750000	1422297.625000
 45-49 	2466114.000000	1240872.125000	1225241.875000
 50-54 	2186707.000000	1093254.125000	1093453.000000
 55-59 	1930475.250000	950984.500000	979490.750000
 60-64 	1598736.375000	754458.500000	844277.937500
 65-69 	1240443.625000	557286.937500	683156.687500
 70-74 	843765.000000	371322.812500	472442.218750
 75-79 	482122.250000	209471.734375	272650.500000
 80+ 	290259.562500	121541.039063	168718.531250
Total	46966168.000000	23569772.000000	23396394.000000
2049			
 0-4	4886613.500000	2495544.500000	2391069.000000
 5-9	4719286.000000	2405772.250000	2313514.000000
 10-14 	4509225.000000	2298438.500000	2210786.250000
 15-19 	4260024.000000	2170537.500000	2089486.500000
 20-24 	4015589.000000	2042489.500000	1973099.375000
 25-29 	3822500.000000	1940511.250000	1881988.750000
 30-34 	3664872.000000	1857622.750000	1807249.250000
 35-39 	3442955.750000	1742750.125000	1700205.500000
 40-44 	2958097.500000	1494030.000000	1464067.250000
 45-49 	2526621.000000	1271128.375000	1255492.750000
 50-54 	2210957.000000	1105515.625000	1105441.500000
 55-59 	1969337.125000	972357.875000	996979.312500
 60-64 	1634995.250000	777504.937500	857490.437500
 65-69 	1277025.500000	576186.062500	700839.500000
 70-74 	877753.812500	385168.593750	492585.187500
 75-79 	501713.218750	217265.531250	284447.687500
 80+ 	303383.031250	126919.859375	176463.171875
Total	47580948.000000	23879744.000000	23701206.000000
2050			
 0-4	4905500.000000	2505365.750000	2400134.500000
 5-9	4747081.500000	2420146.750000	2326934.500000
 10-14 	4550270.500000	2319210.250000	2231060.000000
 15-19 	4303573.500000	2192554.250000	2111019.250000
 20-24 	4049453.250000	2059516.500000	1989936.750000
 25-29 	3844229.000000	1951211.375000	1893017.625000
 30-34 	3682369.750000	1866139.000000	1816230.750000
 35-39 	3496245.500000	1769319.500000	1726925.875000
 40-44 	3047393.500000	1539035.375000	1508358.000000
 45-49 	2589496.500000	1302604.250000	1286892.375000
 50-54 	2241077.250000	1120618.750000	1120458.375000
 55-59 	2003844.375000	990747.000000	1013097.375000
 60-64 	1671590.500000	800611.000000	870979.500000
 65-69 	1312028.750000	595292.375000	716736.437500
 70-74 	911651.125000	399282.656250	512368.468750
 75-79 	525081.125000	226758.250000	298322.906250
 80+ 	313972.343750	130978.882813	182993.468750
Total	48194856.000000	24189392.000000	24005466.000000
