1970	20606.09894	27560.0998	29374.49959	39066.49949	50901.69959	42997.90043	29571.19892	18277.09998	12344.19925	8451.798736	7115.699462	4087.199765	2890.89991	1710.600671	1131.499706	754.7005359	482.7004977
1971	30028.99965	40141.89888	42802.10031	57005.59876	74259.6997	62594.79924	42942.39861	26511.00059	17901.20067	12257.50065	10311.30013	5936.699552	4205.100078	2490.200648	1648.600698	1098.899104	703.1983964
1972	33980.7008	45418.10146	48433.29941	64528.20023	84055.00082	70812.7015	48549.79947	29964.00066	20231.59881	13853.60074	11651.50044	6712.500329	4756.49872	2817.099092	1865.601627	1243.200556	795.5994547
1973	32730.99897	43751.4008	46653.09965	62143.20082	80950.50219	68219.69988	46789.69907	28882.60056	19502.20068	13354.2017	11233.0018	6468.900098	4582.801839	2713.699899	1796.800919	1197.599802	766.4007479
1974	29596.99871	39571.19942	42188.29835	56162.99869	73166.39959	61715.10186	42372.00126	26168.00038	17671.19945	12099.90096	10181.59931	5857.598993	4146.799673	2454.798577	1625.10042	1083.198367	693.1992335
1975	21218.29915	28390.60068	30250.49974	40189.29904	52371.29949	44311.40021	30530.99987	18885.80037	12757.89975	8734.599737	7359.399173	4219.600591	2980.500408	1761.899758	1165.399808	777.3998227	497.5993349
1976	17778.80059	23798.1006	25349.09949	33641.2998	43845.09983	37158.69995	25651.19982	15880.4993	10729.80016	7345.800553	6193.500133	3544.800137	2500.601032	1477.200217	976.7990841	651.6996187	417.1996841
1977	15071.59947	20180.70011	21490.80028	28497.80065	37145.50018	31520.39941	21790.00002	13498.9003	9121.899226	6244.699795	5267.699556	3010.900667	2121.800335	1252.899777	827.899089	552.6002746	353.7999899
1978	13061.39953	17490.69984	18624.39953	24689.19959	32182.70015	27322.2997	18898.10083	11710.19971	7913.700089	5417.400309	4570.799702	2611.200022	1839.400094	1085.899371	717.4005513	479.099559	306.6999401
1979	11197.19977	14995.20063	15966.59938	21163.70043	27587.3002	23424.29995	16204.90029	10042.20018	6786.400167	4645.700249	3920.099591	2238.999843	1577.299718	931.0001317	615.1997691	410.7002217	262.9001539
1980	9585.699813	12833.29985	13667.99991	18131.10036	23631.40023	20041.39994	13845.70002	8575.199852	5794.300434	3966.699895	3345.499814	1913.400161	1349.00004	796.600157	526.600341	351.3002104	225.0000791
1981	7980.000207	10683.49966	11378.69957	15096.70015	19676.19984	16682.19989	11521.30035	7134.600203	4820.599964	3299.999726	2783.199936	1592.300008	1123.000451	662.9996209	438.0998799	292.4003382	187.2999842
1982	6506.800058	8710.500325	9277.800088	12310.99999	16044.99994	13601.09963	9391.2003	5814.999944	3928.799947	2689.70014	2268.200086	1297.99991	915.4002456	540.5000842	357.4001862	238.5001698	152.7000817
1983	5226.600115	6997.100337	7452.700152	9889.399881	12888.70012	10925.20004	7543.700007	4670.899881	3156.000079	2160.500243	1821.999926	1042.600204	735.2998443	434.1998154	287.0998174	191.6999895	122.7003024
1984	4121.500028	5517.599844	5876.799864	7798.399938	10163.70019	8614.80019	5947.800011	3682.700119	2488.300016	1703.400021	1436.500263	822.0000624	579.8999624	342.400241	226.2999929	151.1001381	96.6997113
1985	3893.399974	5211.599813	5551.20016	7366.999927	9601.099919	8137.499797	5617.899892	3478.199963	2350.200127	1608.79997	1356.700174	776.4000282	547.6997943	323.2999637	213.9001792	142.6000044	91.29998034
1986	2459.099945	3291.800139	3506.199926	4653.200094	6064.599901	5139.700039	3547.600072	2196.199899	1484.099942	1016.099991	856.6999322	490.3999924	345.8999313	204.1001647	134.9999435	90.09991116	57.59996368
1987	772.1999788	1033.899984	1101.100016	1461.000011	1904.199983	1613.899976	1114.200004	689.4999912	466.0999923	319.2000222	269.1000027	153.8999856	108.5000073	63.90000519	42.50002776	28.40002426	18.00003398
1988	-1031.30005	-1380.400042	-1470.300001	-1951.300027	-2543.200065	-2155.299998	-1487.699995	-921.0000319	-622.2000312	-425.9999603	-359.1999729	-205.5999942	-144.9000131	-85.80000835	-56.69996489	-37.90001922	-24.19997518
1989	-2969.70006	-3975.19999	-4234.099921	-5619.500102	-7324.29986	-6206.900173	-4284.299971	-2652.399915	-1792.199973	-1226.899981	-1034.399949	-591.9001471	-417.5998842	-246.699944	-163.1999792	-108.8997906	-69.4999307
1990	-6954.69994	-9308.800038	-9915.699905	-13163.00005	-17155.30038	-14533.59999	-10028.30035	-6207.300293	-4194.199931	-2871.40031	-2420.200238	-1385.500195	-977.9001088	-577.8001422	-382.3997934	-255.0996807	-162.6004483
1991	-9132.500415	-12223.10023	-13020.30033	-17285.80016	-22528.30018	-19082.60003	-13165.4	-8148.6002	-5505.899784	-3769.199824	-3176.99975	-1818.899825	-1283.699978	-758.40032	-502.0996034	-334.8997611	-213.6001391
1992	-10138.30008	-13568.99987	-14454.5998	-19192.69985	-25012.59979	-21182.50045	-14610.39945	-9041.999423	-6109.200194	-4182.500467	-3524.999974	-2018.600433	-1424.999667	-841.9999421	-557.1001275	-371.8998722	-237.3997421
1993	-10305.20015	-13791.30005	-14692.29993	-19510.80001	-25426.89968	-21528.89943	-14845.60008	-9186.400313	-6206.600513	-4249.09965	-3581.000279	-2051.500522	-1448.100529	-855.6996687	-566.1004733	-377.8003385	-241.5001613
1994	-10395.30034	-13911.59981	-14820.59976	-19683.00041	-25650.50057	-21715.69997	-14972.60005	-9264.500216	-6259.000554	-4285.000331	-3611.399325	-2068.90017	-1460.800189	-863.1999377	-571.0997372	-381.0997554	-243.7003818
1995	-8376.699583	-11207.09951	-11941.99985	-15869.89986	-20679.70033	-17489.89989	-12044.90016	-7449.199734	-5032.100161	-3445.300204	-2902.300372	-1664.700375	-1176.100065	-695.10029	-460.1001902	-306.8998589	-196.300283
1996	-8450.799538	-11306.00006	-12047.60024	-16011.79978	-20863.90042	-17643.70025	-12149.30011	-7513.199491	-5075.199899	-3474.600453	-2926.999921	-1679.200173	-1186.300061	-701.4000282	-464.1997454	-309.5998119	-198.1000221
1997	-8588.400449	-11489.39976	-12243.79975	-16274.49977	-21205.8001	-17929.10013	-12342.99984	-7632.099745	-5155.100134	-3529.499714	-2973.100097	-1706.100441	-1205.200077	-712.8995402	-471.5000838	-314.5000274	-201.6003425
1998	-10227.00029	-13684.7996	-14580.60017	-19368.99952	-25240.29967	-21359.40042	-14719.79954	-9106.099768	-6151.399836	-4211.300054	-3549.099924	-2034.500582	-1436.399507	-849.1998091	-561.5996684	-374.5997609	-240.2995318
1999	-13998.59955	-18737.60033	-19959.50041	-26492.39985	-34526.9996	-29254.70048	-20189.69973	-12497.90041	-8443.800057	-5780.800558	-4873.99934	-2789.999167	-1968.400287	-1162.899879	-768.8002947	-513.0995749	-329.0000714
2000	-22481.49949	-30110.49959	-32058.89977	-42482.39878	-55379.20013	-47039.80022	-32555.60009	-20178.69895	-13636.50081	-9335.201041	-7878.799772	-4497.700207	-3167.899402	-1869.59881	-1235.099635	-824.9008055	-528.7998356
2001	-27921.09949	-37389.00075	-39814.10032	-52786.69993	-68806.69828	-58398.89973	-40380.60084	-25018.39807	-16906.10075	-11573.69837	-9764.599797	-5579.099088	-3931.700253	-2321.399943	-1534.199942	-1024.298477	-656.3994885
2002	-31713.09893	-42445.59882	-45216.19843	-60027.80164	-78230.79886	-66264.99849	-45715.8986	-28294.7987	-19115.69917	-13087.50096	-11032.90086	-6317.301438	-4458.300925	-2634.401205	-1742.198567	-1162.598527	-744.7004051
2003	-34195.99808	-45541.70153	-48666.39828	-64973.00107	-84652.70045	-71327.39964	-48890.30074	-30342.59903	-20514.30065	-14046.09871	-11826.49923	-6791.299917	-4757.898139	-2818.098546	-1863.198245	-1244.698789	-800.5011131
2004	-36527.00058	-48236.40087	-51817.30024	-69778.20022	-90888.19848	-76035.29943	-51643.99865	-32253.39883	-21840.60013	-14955.89865	-12576.40209	-7240.399608	-4996.500742	-2969.499138	-1960.799648	-1313.699916	-851.2019661
2005	-37878.19997	-49706.99945	-53613.29798	-72728.99982	-94690.50134	-78620.40019	-52899.89757	-33128.19973	-22450.60114	-15376.00027	-12903.49844	-7464.899307	-5109.10129	-3046.901316	-2012.299624	-1349.701014	-878.6015569
2006	-39361.19954	-51758.00246	-55760.70032	-75570.40063	-98374.29895	-81642.60157	-54917.80041	-34272.79935	-23208.29761	-15895.6005	-13329.39847	-7728.998962	-5326.400826	-3176.799491	-2100.999349	-1406.600268	-913.1012926
2007	-40170.29867	-53587.70061	-57231.09782	-76638.60105	-99759.00236	-83390.20074	-56657.39998	-34819.59914	-23490.80152	-16089.49862	-13488.09866	-7839.401639	-5585.699721	-3318.40077	-2204.79911	-1464.998542	-937.19847
2008	-40443.49868	-55720.69978	-58454.49853	-74092.19818	-97212.70154	-84251.99928	-58336.00099	-34939.9987	-23031.39857	-15581.19774	-12819.89933	-7609.801596	-6002.398028	-3504.698229	-2353.998736	-1539.70031	-954.8996462
2009	-40466.4988	-58293.89946	-59771.00101	-67989.19912	-91044.50139	-84807.90107	-60003.20076	-34922.30145	-21901.49937	-14354.19892	-11222.50031	-7031.399873	-6574.50155	-3728.398573	-2542.600284	-1629.30143	-970.1985253
2010	-40122.49888	-60559.50149	-60675.9996	-60271.00005	-82969.8983	-84680.00003	-61304.40039	-34743.50037	-20466.09953	-12850.30004	-9303.900404	-6308.098591	-7126.69931	-3924.800248	-2713.099534	-1709.401262	-977.298882
2011	-39804.70134	-62444.29852	-61400.19967	-54006.50057	-76213.39898	-84556.89976	-62317.99835	-34505.0994	-19113	-11530.50156	-7681.698038	-5701.699	-7577.997752	-4086.198579	-2853.80205	-1774.600455	-982.7005923
2012	-39379.79939	-63189.80029	-61421.30165	-51083.3004	-72440.29852	-84066.29964	-62701.49943	-34185.59862	-18199.49814	-10831.09822	-6964.901192	-5417.79823	-7760.001266	-4149.601509	-2910.100421	-1800.497526	-980.5980136
2013	-37792.19902	-60347.8015	-58707.40018	-50782.1006	-70874.29942	-80680.49922	-60112.40028	-32948.70002	-17605.20083	-10667.89945	-6969.799787	-5360.800858	-7332.400089	-3979.500684	-2779.401532	-1718.299247	-934.7001602
2014	-34667.89907	-53558.50066	-52828.79897	-50766.0993	-69364.90109	-73572.00214	-53923.30098	-30501.1007	-17008.19915	-10623.7984	-7068.100041	-5294.299174	-6312.00026	-3572.701157	-2468.100496	-1521.799662	-834.2019595
2015	-29684.00128	-43376.90046	-43859.90074	-48716.69883	-65117.99976	-62333.80077	-44328.3999	-26354.60145	-15678.99988	-10132.29867	-6859.599813	-4987.799633	-4860.499901	-2946.399574	-2002.700212	-1228.999918	-684.4988542
2016	-26836.899	-36837.7986	-38347.80012	-48861.50018	-64177.6006	-55685.79933	-38340.59866	-24102.99916	-15297.89921	-10164.801	-6970.399646	-4938.100829	-3875.399625	-2551.301309	-1700.40088	-1039.600839	-589.9992359
2017	-25571.79967	-33981.09968	-35927.69989	-48890.29974	-63683.09965	-52733.59983	-35694.09911	-23077.50148	-15098.29842	-10153.19993	-7006.498452	-4913.299834	-3449.300324	-2377	-1568.199492	-957.1996887	-548.7011455
2018	-25453.89866	-33818.80085	-35758.79968	-48789.20077	-63464.59979	-52476.20069	-35502.40043	-22949.60085	-15019.89977	-10105.50016	-6983.801105	-4901.398989	-3431.000912	-2364.900693	-1560.600403	-952.5991937	-546.2011176
2019	-25368.09983	-33701.30053	-35636.19923	-48648.00042	-63268.50123	-52287.90078	-35363.00094	-22856	-14958.6008	-10065.2996	-6957.600484	-4883.800214	-3417.79953	-2356.399913	-1554.900964	-949.3008305	-544.4004445
2020	-26080.89944	-34655.59975	-36641.80118	-49953.001	-65001.39995	-53780.70044	-36397.99889	-23532.40088	-15400.50058	-10360.30093	-7156.699597	-5021.399714	-3517.401259	-2424.19934	-1599.29957	-976.4004827	-559.6007124
2021	-26032.19947	-34589.70058	-36572.60065	-49808.60028	-64855.19882	-53672.69939	-36318.40032	-23477.90132	-15360.8999	-10331.39924	-7132.099074	-5002.900278	-3509.600814	-2419.098998	-1596.399843	-974.3002859	-558.7005334
2022	-25990.80145	-34533.30042	-36513.59862	-49706.89915	-64743.20087	-53579.90036	-36248.5999	-23429.79995	-15327.69992	-10307.79926	-7113.700495	-4989.499977	-3503.20124	-2414.898811	-1593.399216	-972.6998483	-557.8003011
2023	-25957.89974	-34487.7004	-36466.10002	-49649.39986	-64666.90092	-53505.3006	-36191.39943	-23390.60106	-15301.49897	-10290.40094	-7102.100086	-4981.399383	-3497.900457	-2411.400049	-1591.399886	-971.3998297	-557.1005328
2024	-25934.89867	-34455.70013	-36432.99985	-49609.79979	-64614.29985	-53452.69959	-36150.49958	-23362.50055	-15282.7004	-10277.99898	-7093.900021	-4975.699913	-3493.900059	-2408.801085	-1589.699542	-970.8003759	-556.5998509
2025	-26029.40055	-34580.10099	-36565.09877	-49793.99917	-64853.49892	-53643.29927	-36274.89939	-23441.50007	-15333.99994	-10312.69956	-7117.80168	-4993.00005	-3506.400766	-2417.200328	-1595.299498	-974.1008601	-558.6003864
2026	-26002.99938	-34543.39948	-36527.19888	-49748.60029	-64793.40026	-53583.29943	-36228.79952	-23409.70054	-15313.00042	-10298.49983	-7108.298947	-4986.499376	-3501.900019	-2414.39988	-1593.599556	-973.2995665	-558.0009066
2027	-25963.5005	-34488.99922	-36470.50141	-49679.99975	-64702.19996	-53494.09941	-36160.40077	-23362.70162	-15282.0008	-10277.59902	-7094.399494	-4977.100064	-3495.498783	-2410.299328	-1590.89971	-971.7002588	-557.199713
2028	-25805.6004	-34276.99919	-36247.20053	-49383.89995	-64315.70139	-53161.10004	-35927.50051	-23209.69887	-15181.20021	-10210.39972	-7048.300297	-4944.901188	-3473.29832	-2395.000319	-1581.099763	-966.0004231	-553.8004449
2029	-25499.0997	-33868.60077	-35816.09943	-48801.19934	-63555.6997	-52524.89968	-35492.9009	-22927.19879	-14996.19885	-10085.99944	-6962.600682	-4884.899044	-3431.398398	-2366.200256	-1562.000324	-954.2998057	-547.2993376
2030	-24943.10059	-33129.69987	-35034.80025	-47739.09993	-62172.39938	-51377.60058	-34715.19986	-22423.99876	-14667.30003	-9864.90073	-6809.900443	-4778.098872	-3356.2995	-2314.500841	-1527.899311	-933.4000774	-535.3992659
2031	-24658.30046	-32751.09943	-34634.50057	-47194.50093	-61462.90051	-50789.79983	-34317.29918	-22166.60155	-14498.40006	-9751.400377	-6731.999149	-4723.399546	-3317.99931	-2287.901201	-1510.400033	-922.7990044	-529.398856
2032	-24539.80015	-32593.69955	-34467.9996	-46967.70128	-61167.69915	-50545.69987	-34152.09965	-22060.0993	-14428.90081	-9704.699472	-6699.70083	-4700.699415	-3301.901025	-2276.800669	-1503.300706	-918.2004734	-526.8998742
2033	-24539.49994	-32593.40111	-34467.79909	-46967.40038	-61166.89883	-50545.4993	-34152.09987	-22059.9005	-14428.89975	-9704.398535	-6699.499993	-4700.598724	-3301.899166	-2276.800341	-1503.299686	-918.2001886	-526.9010747
2034	-24539.39968	-32593.4996	-34467.70002	-46967.30038	-61166.90162	-50545.70024	-34152.19962	-22060.00059	-14429.00083	-9704.298308	-6699.400114	-4700.600194	-3301.898759	-2276.899955	-1503.299642	-918.2007839	-526.8998378
2035	-24643.39984	-32731.59961	-34613.8994	-47165.9014	-61425.69973	-50759.99855	-34297.39898	-22154.00002	-14490.39877	-9746.000081	-6728.099273	-4720.700306	-3315.900023	-2286.699797	-1509.699998	-922.1998255	-529.1012054
2036	-24643.69877	-32732.10015	-34614.19957	-47166.60049	-61426.59971	-50760.99955	-34298.19926	-22154.40001	-14490.80072	-9746.101496	-6728.198918	-4720.801099	-3315.999268	-2286.800044	-1509.699374	-922.3003912	-529.0993373
2037	-24644.19927	-32732.69878	-34615.00084	-47167.29988	-61427.60043	-50761.99944	-34298.99957	-22155.1008	-14491.1997	-9746.400132	-6728.4003	-4720.898934	-3315.999918	-2286.800232	-1509.700908	-922.4011244	-529.0995698
2038	-24645.09923	-32734.10131	-34616.49932	-47169.10145	-61430.10076	-50764.00037	-34300.30035	-22156.19973	-14491.70007	-9746.801065	-6728.600404	-4721.099519	-3316.09919	-2286.899754	-1509.799506	-922.6008858	-529.0990911
2039	-24646.99892	-32736.50132	-34618.90098	-47172.69995	-61434.60021	-50767.80011	-34302.99993	-22157.70082	-14492.89837	-9747.400111	-6729.099048	-4721.199792	-3316.49907	-2287.099263	-1509.801406	-922.6003837	-529.198481
2040	-24588.20055	-32658.69995	-34536.59982	-47060.39935	-61288.50029	-50647.09932	-34221.1999	-22104.89933	-14458.39906	-9724.300246	-6712.90064	-4709.900514	-3308.601195	-2281.500489	-1506.401421	-920.2013601	-528.0000795
2041	-24592.40105	-32663.89908	-34542.19991	-47068.10059	-61298.39995	-50654.90116	-34226.70144	-22108.29857	-14460.5988	-9725.700892	-6713.800745	-4710.799014	-3309.10084	-2282.000115	-1506.600025	-920.2993072	-528.1003386
2042	-24597.40061	-32670.39844	-34549.40044	-47077.99937	-61311.20076	-50665.59972	-34233.69958	-22113.099	-14463.40106	-9727.900838	-6715.400505	-4711.60074	-3309.999373	-2282.69984	-1506.799301	-920.601114	-528.2011421
2043	-24673.39918	-32771.29875	-34655.99944	-47223.20044	-61500.49959	-50821.7005	-34339.10013	-22181.20095	-14508.09991	-9757.799899	-6736.200025	-4726.299516	-3320.100778	-2289.39979	-1511.500358	-923.5986356	-529.800597
2044	-24846.09964	-33000.59916	-34898.39978	-47554.0009	-61930.69944	-51176.89895	-34579.20027	-22336.00057	-14609.40028	-9825.999511	-6783.09951	-4759.299504	-3343.199678	-2305.500088	-1522.099945	-929.9999237	-533.5994649
2045	-25258.80073	-33548.69894	-35477.79895	-48343.99904	-62959.6994	-52026.69953	-35152.79949	-22706.50091	-14851.60037	-9988.899366	-6895.701385	-4838.301133	-3398.69997	-2343.599803	-1547.199965	-945.4000922	-542.39904
2046	-25430.50086	-33776.69981	-35718.99926	-48672.69956	-63387.80048	-52380.30163	-35391.59875	-22860.49861	-14952.60012	-10056.70058	-6942.698842	-4871.399709	-3421.700728	-2359.598808	-1557.800096	-951.8011961	-546.099061
2047	-25502.39864	-33872.39892	-35820.00041	-48810.29957	-63567.19977	-52528.09993	-35491.1993	-22925.10036	-14994.69926	-10085.09916	-6962.099119	-4884.801433	-3431.39949	-2366.300277	-1562.099639	-954.5992686	-547.6002363
2048	-25410.89979	-33750.10079	-35691.10057	-48634.7997	-63338.50032	-52339.19911	-35363.70042	-22842.60062	-14940.69967	-10048.69983	-6937.000511	-4867.400568	-3419.099097	-2357.699785	-1556.599813	-951.0995484	-545.6000209
2049	-25176.29959	-33439.00073	-35361.80069	-48186.199	-62754.30075	-51856.19887	-35037.30089	-22631.89907	-14803.00081	-9955.899215	-6873.099586	-4822.299979	-3387.400587	-2336.000641	-1542.200376	-942.1996351	-540.5994123
2050	-25176.29959	-33439.00073	-35361.80069	-48186.199	-62754.30075	-51856.19887	-35037.30089	-22631.89907	-14803.00081	-9955.899215	-6873.099586	-4822.299979	-3387.400587	-2336.000641	-1542.200376	-942.1996351	-540.5994123
