Year Total	Male	Female
1970			
 0-4	86412752.000000	44434304.000000	41978448.000000
 5-9	74271688.000000	38480312.000000	35791376.000000
 10-14 	65599416.000000	34127444.000000	31471970.000000
 15-19 	57934540.000000	30216506.000000	27718032.000000
 20-24 	45034024.000000	23087752.000000	21946270.000000
 25-29 	39179112.000000	20061084.000000	19118028.000000
 30-34 	36244048.000000	18459390.000000	17784658.000000
 35-39 	32014712.000000	16501103.000000	15513610.000000
 40-44 	27676924.000000	14620521.000000	13056403.000000
 45-49 	23440876.000000	12479586.000000	10961291.000000
 50-54 	19603248.000000	10390264.000000	9212985.000000
 55-59 	15803073.000000	8268607.000000	7534466.000000
 60-64 	12349108.000000	6407038.000000	5942070.000000
 65-69 	8283525.000000	4330664.000000	3952861.000000
 70-74 	5538234.000000	2808381.000000	2729853.000000
 75-79 	2676733.000000	1333330.000000	1343403.000000
 80+ 	1881214.000000	808829.000000	1072385.000000
Total	553943232.000000	286815104.000000	267128112.000000
1971			
 0-4	87536696.000000	45024624.000000	42512068.000000
 5-9	75952152.000000	39335704.000000	36616448.000000
 10-14 	66971768.000000	34823140.000000	32148632.000000
 15-19 	59774624.000000	31210436.000000	28564190.000000
 20-24 	47135816.000000	24256868.000000	22878950.000000
 25-29 	39831520.000000	20417310.000000	19414208.000000
 30-34 	36703944.000000	18719324.000000	17984620.000000
 35-39 	32707748.000000	16808610.000000	15899137.000000
 40-44 	28316406.000000	14899328.000000	13417079.000000
 45-49 	23990128.000000	12764514.000000	11225614.000000
 50-54 	20045600.000000	10635387.000000	9410213.000000
 55-59 	16165031.000000	8468555.000000	7696475.500000
 60-64 	12648631.000000	6553559.000000	6095072.000000
 65-69 	8579294.000000	4478055.000000	4101239.250000
 70-74 	5663428.500000	2881788.750000	2781640.000000
 75-79 	2847835.250000	1420535.875000	1427299.250000
 80+ 	1917821.500000	831173.875000	1086647.625000
Total	566788416.000000	293528928.000000	273259520.000000
1972			
 0-4	88653488.000000	45610152.000000	43043332.000000
 5-9	77687888.000000	40222688.000000	37465196.000000
 10-14 	68438800.000000	35571200.000000	32867596.000000
 15-19 	61241952.000000	31976718.000000	29265236.000000
 20-24 	49694744.000000	25696272.000000	23998474.000000
 25-29 	40572228.000000	20801712.000000	19770516.000000
 30-34 	37108744.000000	18970058.000000	18138686.000000
 35-39 	33439854.000000	17145060.000000	16294794.000000
 40-44 	28968676.000000	15169603.000000	13799073.000000
 45-49 	24577524.000000	13065495.000000	11512030.000000
 50-54 	20497420.000000	10881858.000000	9615563.000000
 55-59 	16567063.000000	8691620.000000	7875443.000000
 60-64 	12906556.000000	6682788.500000	6223767.500000
 65-69 	8945131.000000	4650848.000000	4294283.000000
 70-74 	5739300.000000	2935959.000000	2803341.250000
 75-79 	3063940.250000	1524972.875000	1538967.250000
 80+ 	1945563.125000	851165.000000	1094398.125000
Total	580048896.000000	300448160.000000	279600704.000000
1973			
 0-4	89823840.000000	46217156.000000	43606688.000000
 5-9	79407048.000000	41109668.000000	38297380.000000
 10-14 	69987504.000000	36362960.000000	33624544.000000
 15-19 	62456072.000000	32587604.000000	29868468.000000
 20-24 	52456520.000000	27255416.000000	25201108.000000
 25-29 	41497780.000000	21278378.000000	20219404.000000
 30-34 	37501732.000000	19223034.000000	18278698.000000
 35-39 	34167408.000000	17490038.000000	16677372.000000
 40-44 	29632604.000000	15437263.000000	14195342.000000
 45-49 	25194716.000000	13373717.000000	11821000.000000
 50-54 	20965300.000000	11132251.000000	9833050.000000
 55-59 	16996574.000000	8929548.000000	8067026.000000
 60-64 	13150614.000000	6808163.000000	6342451.000000
 65-69 	9338846.000000	4831397.500000	4507448.500000
 70-74 	5810683.000000	2988446.250000	2822237.000000
 75-79 	3284463.500000	1629843.125000	1654620.250000
 80+ 	1983017.500000	876116.312500	1106901.125000
Total	593654720.000000	307531008.000000	286123744.000000
1974			
 0-4	91294400.000000	46966476.000000	44327924.000000
 5-9	80834208.000000	41860560.000000	38973644.000000
 10-14 	71591272.000000	37180520.000000	34410752.000000
 15-19 	63640180.000000	33177390.000000	30462792.000000
 20-24 	55043544.000000	28708236.000000	26335308.000000
 25-29 	42761420.000000	21950474.000000	20810946.000000
 30-34 	37954860.000000	19499962.000000	18454896.000000
 35-39 	34829548.000000	17814974.000000	17014574.000000
 40-44 	30313108.000000	15715013.000000	14598096.000000
 45-49 	25831940.000000	13677877.000000	12154064.000000
 50-54 	21461724.000000	11392775.000000	10068948.000000
 55-59 	17436056.000000	9171205.000000	8264851.000000
 60-64 	13420162.000000	6948617.000000	6471545.000000
 65-69 	9705684.000000	4997853.000000	4707832.000000
 70-74 	5931771.500000	3059591.250000	2872180.000000
 75-79 	3465690.500000	1717770.750000	1747919.750000
 80+ 	2048484.625000	913011.250000	1135473.375000
Total	607564032.000000	314752288.000000	292811744.000000
1975			
 0-4	93719024.000000	48215844.000000	45503176.000000
 5-9	81285376.000000	42101456.000000	39183924.000000
 10-14 	73230088.000000	38011664.000000	35218420.000000
 15-19 	64930316.000000	33828628.000000	31101688.000000
 20-24 	57214196.000000	29910736.000000	27303462.000000
 25-29 	44430540.000000	22866192.000000	21564348.000000
 30-34 	38515080.000000	19816036.000000	18699044.000000
 35-39 	35391548.000000	18102314.000000	17289234.000000
 40-44 	31007884.000000	16008186.000000	14999699.000000
 45-49 	26480048.000000	13970003.000000	12510044.000000
 50-54 	21991696.000000	11665246.000000	10326450.000000
 55-59 	17875096.000000	9409746.000000	8465350.000000
 60-64 	13734246.000000	7113290.500000	6620955.500000
 65-69 	10019081.000000	5140386.500000	4878695.000000
 70-74 	6124238.000000	3156731.500000	2967506.500000
 75-79 	3593489.750000	1783570.750000	1809919.125000
 80+ 	2144912.000000	962484.875000	1182427.250000
Total	621686848.000000	322062528.000000	299624352.000000
1976			
 0-4	95453440.000000	49111312.000000	46342124.000000
 5-9	82423136.000000	42695068.000000	39728072.000000
 10-14 	74922064.000000	38869148.000000	36052912.000000
 15-19 	66302112.000000	34524976.000000	31777134.000000
 20-24 	59022928.000000	30893508.000000	28129418.000000
 25-29 	46494744.000000	24017144.000000	22477602.000000
 30-34 	39174200.000000	20169300.000000	19004900.000000
 35-39 	35877184.000000	18365306.000000	17511876.000000
 40-44 	31720330.000000	16318495.000000	15401834.000000
 45-49 	27137838.000000	14251723.000000	12886116.000000
 50-54 	22553136.000000	11948952.000000	10604185.000000
 55-59 	18318212.000000	9647235.000000	8670977.000000
 60-64 	14082734.000000	7297383.000000	6785350.500000
 65-69 	10293821.000000	5266025.000000	5027795.000000
 70-74 	6371531.000000	3272996.500000	3098534.500000
 75-79 	3684687.000000	1834540.875000	1850146.250000
 80+ 	2261688.750000	1019779.000000	1241909.750000
Total	636093760.000000	329502880.000000	306590880.000000
1977			
 0-4	97219616.000000	50021264.000000	47198356.000000
 5-9	83577024.000000	43297544.000000	40279476.000000
 10-14 	76656848.000000	39751656.000000	36905192.000000
 15-19 	67755256.000000	35266380.000000	32488876.000000
 20-24 	60452144.000000	31644710.000000	28807432.000000
 25-29 	48990108.000000	25424814.000000	23565296.000000
 30-34 	39902272.000000	20540858.000000	19361412.000000
 35-39 	36295720.000000	18611414.000000	17684308.000000
 40-44 	32461168.000000	16651568.000000	15809601.000000
 45-49 	27799700.000000	14520761.000000	13278940.000000
 50-54 	23144140.000000	12244157.000000	10899983.000000
 55-59 	18764630.000000	9882703.000000	8881928.000000
 60-64 	14461649.000000	7498973.500000	6962676.000000
 65-69 	10531306.000000	5376153.500000	5155152.000000
 70-74 	6668593.500000	3406353.000000	3262240.750000
 75-79 	3744031.750000	1873366.500000	1870665.375000
 80+ 	2394312.250000	1082816.125000	1311496.125000
Total	650818496.000000	337095488.000000	313723040.000000
1978			
 0-4	99077704.000000	50979152.000000	48098548.000000
 5-9	84797808.000000	43929352.000000	40868452.000000
 10-14 	78371568.000000	40632564.000000	37739004.000000
 15-19 	69286152.000000	36049340.000000	33236816.000000
 20-24 	61631264.000000	32241560.000000	29389700.000000
 25-29 	51682072.000000	26948878.000000	24733196.000000
 30-34 	40805556.000000	21000612.000000	19804944.000000
 35-39 	36696348.000000	18856952.000000	17839398.000000
 40-44 	33192784.000000	16991044.000000	16201739.000000
 45-49 	28467702.000000	14785138.000000	13682564.000000
 50-54 	23758546.000000	12543992.000000	11214554.000000
 55-59 	19221386.000000	10119650.000000	9101735.000000
 60-64 	14859777.000000	7711262.500000	7148514.500000
 65-69 	10752437.000000	5481384.000000	5271053.500000
 70-74 	6982131.000000	3543746.250000	3438384.500000
 75-79 	3800686.000000	1911370.750000	1889315.000000
 80+ 	2528840.500000	1146195.125000	1382645.250000
Total	665912768.000000	344872192.000000	321040576.000000
1979			
 0-4	101082384.000000	52016684.000000	49065696.000000
 5-9	86322008.000000	44706064.000000	41615944.000000
 10-14 	79797632.000000	41379340.000000	38418292.000000
 15-19 	70871208.000000	36857756.000000	34013448.000000
 20-24 	62783408.000000	32818328.000000	29965080.000000
 25-29 	54205360.000000	28369546.000000	25835814.000000
 30-34 	42039232.000000	21652590.000000	20386642.000000
 35-39 	37151876.000000	19125128.000000	18026750.000000
 40-44 	33857452.000000	17310310.000000	16547141.000000
 45-49 	29147806.000000	15058029.000000	14089777.000000
 50-54 	24387636.000000	12838247.000000	11549389.000000
 55-59 	19700204.000000	10364093.000000	9336111.000000
 60-64 	15262013.000000	7924906.500000	7337106.500000
 65-69 	10988750.000000	5596683.000000	5392067.500000
 70-74 	7270019.500000	3669036.000000	3600983.250000
 75-79 	3889611.750000	1961364.250000	1928247.500000
 80+ 	2650920.500000	1204515.000000	1446405.500000
Total	681407488.000000	352852608.000000	328554912.000000
1980			
 0-4	103251896.000000	53145608.000000	50106292.000000
 5-9	88794728.000000	45980684.000000	42814044.000000
 10-14 	80268736.000000	41627348.000000	38641396.000000
 15-19 	72498224.000000	37683572.000000	34814648.000000
 20-24 	64052220.000000	33461252.000000	30590970.000000
 25-29 	56335768.000000	29551318.000000	26784452.000000
 30-34 	43681840.000000	22550786.000000	21131054.000000
 35-39 	37716436.000000	19436024.000000	18280412.000000
 40-44 	34426212.000000	17595544.000000	16830668.000000
 45-49 	29841392.000000	15347017.000000	14494375.000000
 50-54 	25025148.000000	13120979.000000	11904168.000000
 55-59 	20207640.000000	10619040.000000	9588599.000000
 60-64 	15660745.000000	8134893.000000	7525852.000000
 65-69 	11256641.000000	5729824.000000	5526817.000000
 70-74 	7512741.500000	3775344.000000	3737397.500000
 75-79 	4024417.000000	2027808.000000	1996609.125000
 80+ 	2756360.500000	1256344.000000	1500016.375000
Total	697311168.000000	361043392.000000	336267776.000000
1981			
 0-4	105556040.000000	54351664.000000	51204376.000000
 5-9	90596568.000000	46910108.000000	43686456.000000
 10-14 	81408160.000000	42220664.000000	39187500.000000
 15-19 	74178104.000000	38535840.000000	35642264.000000
 20-24 	65403820.000000	34149672.000000	31254146.000000
 25-29 	58114212.000000	30518186.000000	27596028.000000
 30-34 	45714264.000000	23681734.000000	22032530.000000
 35-39 	38376408.000000	19783826.000000	18592582.000000
 40-44 	34918668.000000	17857108.000000	17061560.000000
 45-49 	30549670.000000	15652195.000000	14897475.000000
 50-54 	25668828.000000	13392859.000000	12275968.000000
 55-59 	20741042.000000	10883174.000000	9857868.000000
 60-64 	16060172.000000	8342959.000000	7717213.000000
 65-69 	11548523.000000	5877221.000000	5671302.000000
 70-74 	7722449.500000	3868125.000000	3854324.500000
 75-79 	4193384.000000	2105950.750000	2087433.500000
 80+ 	2851287.000000	1304132.375000	1547154.750000
Total	713601600.000000	369435424.000000	344166176.000000
1982			
 0-4	107903712.000000	55587880.000000	52315832.000000
 5-9	92431600.000000	47854524.000000	44577080.000000
 10-14 	82561120.000000	42822212.000000	39738904.000000
 15-19 	75900152.000000	39412804.000000	36487348.000000
 20-24 	66836616.000000	34882984.000000	31953632.000000
 25-29 	59521352.000000	31257352.000000	28264000.000000
 30-34 	48171168.000000	25065882.000000	23105286.000000
 35-39 	39102456.000000	20149594.000000	18952860.000000
 40-44 	35344120.000000	18102160.000000	17241960.000000
 45-49 	31283340.000000	15978862.000000	15304478.000000
 50-54 	26314354.000000	13652184.000000	12662171.000000
 55-59 	21299630.000000	11157129.000000	10142502.000000
 60-64 	16461275.000000	8548914.000000	7912360.500000
 65-69 	11862988.000000	6038272.000000	5824716.500000
 70-74 	7902843.500000	3949191.500000	3953651.750000
 75-79 	4393139.000000	2194380.500000	2198758.500000
 80+ 	2937705.500000	1348872.625000	1588832.875000
Total	730227584.000000	378003200.000000	352224384.000000
1983			
 0-4	110170880.000000	56788216.000000	53382672.000000
 5-9	94355744.000000	48845192.000000	45510552.000000
 10-14 	83778752.000000	43452496.000000	40326260.000000
 15-19 	77601720.000000	40287844.000000	37313880.000000
 20-24 	68345808.000000	35657112.000000	32688692.000000
 25-29 	60682424.000000	31843980.000000	28838444.000000
 30-34 	50821208.000000	26564460.000000	24256748.000000
 35-39 	39998424.000000	20601402.000000	19397020.000000
 40-44 	35750168.000000	18346158.000000	17404010.000000
 45-49 	32005954.000000	16311032.000000	15694922.000000
 50-54 	26964022.000000	13906631.000000	13057390.000000
 55-59 	21878382.000000	11434847.000000	10443535.000000
 60-64 	16871424.000000	8756371.000000	8115053.000000
 65-69 	12192202.000000	6208074.000000	5984128.000000
 70-74 	8071161.000000	4026902.250000	4044258.500000
 75-79 	4601937.000000	2284699.250000	2317237.750000
 80+ 	3025848.250000	1394304.375000	1631543.875000
Total	747116032.000000	386709728.000000	360406336.000000
1984			
 0-4	112262488.000000	57900712.000000	54361776.000000
 5-9	96419952.000000	49912088.000000	46507864.000000
 10-14 	85296744.000000	44226620.000000	41070128.000000
 15-19 	79016800.000000	41029668.000000	37987128.000000
 20-24 	69908048.000000	36456136.000000	33451912.000000
 25-29 	61816588.000000	32410492.000000	29406098.000000
 30-34 	53305324.000000	27961032.000000	25344294.000000
 35-39 	41216724.000000	21241364.000000	19975362.000000
 40-44 	36207616.000000	18611480.000000	17596134.000000
 45-49 	32661656.000000	16623035.000000	16038620.000000
 50-54 	27623282.000000	14168536.000000	13454746.000000
 55-59 	22469520.000000	11707080.000000	10762440.000000
 60-64 	17301180.000000	8970800.000000	8330379.000000
 65-69 	12524242.000000	6379139.500000	6145102.500000
 70-74 	8250902.000000	4112383.000000	4138518.750000
 75-79 	4792302.000000	2366658.500000	2425643.500000
 80+ 	3127479.000000	1444426.875000	1683052.125000
Total	764200832.000000	395521664.000000	368679200.000000
1985			
 0-4	114097576.000000	58881976.000000	55215596.000000
 5-9	98642640.000000	51067336.000000	47575304.000000
 10-14 	87756288.000000	45495564.000000	42260724.000000
 15-19 	79486608.000000	41277536.000000	38209072.000000
 20-24 	71513208.000000	37273100.000000	34240108.000000
 25-29 	63066580.000000	33042946.000000	30023634.000000
 30-34 	55403956.000000	29122838.000000	26281118.000000
 35-39 	42835500.000000	22123074.000000	20712424.000000
 40-44 	36769912.000000	18918028.000000	17851882.000000
 45-49 	33223044.000000	16901922.000000	16321122.000000
 50-54 	28293880.000000	14445290.000000	13848590.000000
 55-59 	23067884.000000	11968702.000000	11099183.000000
 60-64 	17756618.000000	9194988.000000	8561631.000000
 65-69 	12853502.000000	6547663.500000	6305838.500000
 70-74 	8454167.000000	4211370.000000	4242796.500000
 75-79 	4952195.500000	2436185.000000	2516010.500000
 80+ 	3246646.750000	1500350.750000	1746296.000000
Total	781420224.000000	404408864.000000	377011328.000000
1986			
 0-4	115659336.000000	59723248.000000	55936088.000000
 5-9	100994712.000000	52296972.000000	48697740.000000
 10-14 	89551264.000000	46422472.000000	43128796.000000
 15-19 	80618192.000000	41867400.000000	38750792.000000
 20-24 	73169592.000000	38115496.000000	35054096.000000
 25-29 	64397264.000000	33719696.000000	30677564.000000
 30-34 	57155976.000000	30072530.000000	27083446.000000
 35-39 	44835668.000000	23232704.000000	21602966.000000
 40-44 	37423872.000000	19259914.000000	18163960.000000
 45-49 	33709480.000000	17157680.000000	16551802.000000
 50-54 	28977272.000000	14736915.000000	14240356.000000
 55-59 	23671814.000000	12220504.000000	11451311.000000
 60-64 	18235578.000000	9427744.000000	8807835.000000
 65-69 	13183913.000000	6715256.000000	6468657.000000
 70-74 	8675303.000000	4321197.000000	4354106.000000
 75-79 	5090530.500000	2497191.250000	2593339.500000
 80+ 	3378378.500000	1560149.375000	1818229.250000
Total	798728128.000000	413347072.000000	385381088.000000
1987			
 0-4	116998688.000000	60452064.000000	56546624.000000
 5-9	103390600.000000	53557048.000000	49833552.000000
 10-14 	91378944.000000	47364156.000000	44014784.000000
 15-19 	81763192.000000	42465200.000000	39297992.000000
 20-24 	74866816.000000	38981624.000000	35885192.000000
 25-29 	65807168.000000	34440020.000000	31367150.000000
 30-34 	58542688.000000	30797664.000000	27745024.000000
 35-39 	47251708.000000	24590244.000000	22661464.000000
 40-44 	38141728.000000	19618984.000000	18522744.000000
 45-49 	34131152.000000	17397708.000000	16733445.000000
 50-54 	29684732.000000	15048797.000000	14635934.000000
 55-59 	24278264.000000	12461322.000000	11816944.000000
 60-64 	18737852.000000	9669666.000000	9068185.000000
 65-69 	13516914.000000	6882093.500000	6634821.000000
 70-74 	8913255.000000	4441311.500000	4471943.500000
 75-79 	5210676.000000	2551308.750000	2659367.500000
 80+ 	3521180.000000	1623416.875000	1897763.000000
Total	816135552.000000	422342624.000000	393792928.000000
1988			
 0-4	118139704.000000	61094252.000000	57045448.000000
 5-9	105725160.000000	54785188.000000	50939968.000000
 10-14 	93295360.000000	48351728.000000	44943632.000000
 15-19 	82973048.000000	43091424.000000	39881624.000000
 20-24 	76544056.000000	39845380.000000	36698676.000000
 25-29 	67292208.000000	35199928.000000	32092284.000000
 30-34 	59687732.000000	31372308.000000	28315422.000000
 35-39 	49857724.000000	26059758.000000	23797964.000000
 40-44 	39026276.000000	20062180.000000	18964094.000000
 45-49 	34535660.000000	17637518.000000	16898142.000000
 50-54 	30383708.000000	15366718.000000	15016990.000000
 55-59 	24892088.000000	12699434.000000	12192654.000000
 60-64 	19262608.000000	9916999.000000	9345610.000000
 65-69 	13862565.000000	7052789.000000	6809776.000000
 70-74 	9165460.000000	4569249.000000	4596211.500000
 75-79 	5326924.000000	2605132.750000	2721791.000000
 80+ 	3670094.000000	1688365.250000	1981728.625000
Total	833640384.000000	431398336.000000	402242016.000000
1989			
 0-4	119102944.000000	61664512.000000	57438424.000000
 5-9	107897632.000000	55930960.000000	51966668.000000
 10-14 	95352416.000000	49415288.000000	45937128.000000
 15-19 	84481096.000000	43860104.000000	40620992.000000
 20-24 	77939592.000000	40576920.000000	37362672.000000
 25-29 	68829856.000000	35983632.000000	32846220.000000
 30-34 	60806716.000000	31926542.000000	28880176.000000
 35-39 	52302152.000000	27428994.000000	24873156.000000
 40-44 	40227464.000000	20689464.000000	19538000.000000
 45-49 	34992544.000000	17898982.000000	17093564.000000
 50-54 	31023126.000000	15667392.000000	15355733.000000
 55-59 	25521374.000000	12947514.000000	12573860.000000
 60-64 	19807884.000000	10163998.000000	9643886.000000
 65-69 	14235103.000000	7234034.000000	7001069.000000
 70-74 	9428373.000000	4701533.500000	4726840.000000
 75-79 	5458519.500000	2667255.250000	2791264.250000
 80+ 	3819977.250000	1753178.875000	2066798.375000
Total	851226752.000000	440510304.000000	410716448.000000
1990			
 0-4	119891056.000000	62165008.000000	57726052.000000
 5-9	109829440.000000	56953852.000000	52875584.000000
 10-14 	97565688.000000	50564988.000000	47000700.000000
 15-19 	86916336.000000	45116308.000000	41800024.000000
 20-24 	78396848.000000	40815852.000000	37580996.000000
 25-29 	70404104.000000	36780776.000000	33623328.000000
 30-34 	62035264.000000	32541848.000000	29493416.000000
 35-39 	54366720.000000	28565604.000000	25801116.000000
 40-44 	41820056.000000	21551704.000000	20268352.000000
 45-49 	35552512.000000	18200358.000000	17352156.000000
 50-54 	31576726.000000	15938262.000000	15638464.000000
 55-59 	26168358.000000	13212386.000000	12955972.000000
 60-64 	20371020.000000	10407058.000000	9963962.000000
 65-69 	14642108.000000	7429106.000000	7213002.000000
 70-74 	9700883.000000	4836608.000000	4864275.000000
 75-79 	5615189.000000	2741913.000000	2873276.250000
 80+ 	3969724.250000	1817607.750000	2152116.500000
Total	868822016.000000	449639232.000000	419182784.000000
1991			
 0-4	120523888.000000	62601840.000000	57922048.000000
 5-9	111505592.000000	57847584.000000	53658008.000000
 10-14 	99911344.000000	51789596.000000	48121744.000000
 15-19 	88696376.000000	46033872.000000	42662504.000000
 20-24 	79510968.000000	41393840.000000	38117128.000000
 25-29 	72029704.000000	37602512.000000	34427192.000000
 30-34 	63343456.000000	33199914.000000	30143544.000000
 35-39 	56092248.000000	29493820.000000	26598428.000000
 40-44 	43787016.000000	22636424.000000	21150590.000000
 45-49 	36203836.000000	18536808.000000	17667028.000000
 50-54 	32063880.000000	16189588.000000	15874290.000000
 55-59 	26834844.000000	13494378.000000	13340466.000000
 60-64 	20950710.000000	10647151.000000	10303559.000000
 65-69 	15082258.000000	7637335.500000	7444922.000000
 70-74 	9986917.000000	4976164.500000	5010753.000000
 75-79 	5793639.000000	2827397.000000	2966241.750000
 80+ 	4124039.000000	1883669.375000	2240369.750000
Total	886440704.000000	458791904.000000	427648832.000000
1992			
 0-4	121040872.000000	62989808.000000	58051060.000000
 5-9	112964592.000000	58630756.000000	54333832.000000
 10-14 	102306368.000000	53046548.000000	49259820.000000
 15-19 	90512376.000000	46967424.000000	43544952.000000
 20-24 	80643360.000000	41981416.000000	38661948.000000
 25-29 	73698840.000000	38448744.000000	35250096.000000
 30-34 	64731312.000000	33901160.000000	30830152.000000
 35-39 	57460592.000000	30201942.000000	27258652.000000
 40-44 	46161768.000000	23963018.000000	22198748.000000
 45-49 	36919088.000000	18890688.000000	18028400.000000
 50-54 	32493380.000000	16428223.000000	16065156.000000
 55-59 	27529720.000000	13797708.000000	13732011.000000
 60-64 	21541870.000000	10882192.000000	10659678.000000
 65-69 	15553040.000000	7858348.000000	7694693.000000
 70-74 	10286070.000000	5119901.000000	5166169.500000
 75-79 	5991752.500000	2922647.000000	3069105.250000
 80+ 	4283906.000000	1951844.000000	2332061.750000
Total	904118912.000000	467982368.000000	436136544.000000
1993			
 0-4	121488208.000000	63340152.000000	58148056.000000
 5-9	114229856.000000	59328628.000000	54901228.000000
 10-14 	104646384.000000	54274272.000000	50372112.000000
 15-19 	92420536.000000	47948396.000000	44472140.000000
 20-24 	81845464.000000	42599508.000000	39245956.000000
 25-29 	75352720.000000	39294576.000000	36058144.000000
 30-34 	66195392.000000	34642392.000000	31553004.000000
 35-39 	58592840.000000	30762858.000000	27829980.000000
 40-44 	48723072.000000	25398652.000000	23324422.000000
 45-49 	37797396.000000	19326520.000000	18470876.000000
 50-54 	32908910.000000	16668066.000000	16240844.000000
 55-59 	28220100.000000	14108183.000000	14111916.000000
 60-64 	22145622.000000	11117740.000000	11027882.000000
 65-69 	16050172.000000	8087246.000000	7962926.000000
 70-74 	10602472.000000	5269786.000000	5332685.500000
 75-79 	6205055.000000	3024899.250000	3180155.750000
 80+ 	4451995.000000	2023593.750000	2428401.250000
Total	921876224.000000	477215456.000000	444660736.000000
1994			
 0-4	121923040.000000	63672680.000000	58250360.000000
 5-9	115323392.000000	59956560.000000	55366828.000000
 10-14 	106829960.000000	55422248.000000	51407712.000000
 15-19 	94471896.000000	49006568.000000	45465328.000000
 20-24 	83346448.000000	43360596.000000	39985848.000000
 25-29 	76732992.000000	40011700.000000	36721288.000000
 30-34 	67713456.000000	35408272.000000	32305184.000000
 35-39 	59700136.000000	31304070.000000	28396068.000000
 40-44 	51126780.000000	26736048.000000	24390732.000000
 45-49 	38983992.000000	19940806.000000	19043184.000000
 50-54 	33375494.000000	16929032.000000	16446463.000000
 55-59 	28856368.000000	14403548.000000	14452820.000000
 60-64 	22766744.000000	11363627.000000	11403117.000000
 65-69 	16569254.000000	8317646.000000	8251608.000000
 70-74 	10943532.000000	5429229.000000	5514303.500000
 75-79 	6428634.500000	3130959.250000	3297675.000000
 80+ 	4632852.000000	2101235.750000	2531616.500000
Total	939724928.000000	486494816.000000	453230144.000000
1995			
 0-4	122421680.000000	64022536.000000	58399140.000000
 5-9	116253488.000000	60520224.000000	55733260.000000
 10-14 	108783472.000000	56453116.000000	52330360.000000
 15-19 	96688032.000000	50155504.000000	46532532.000000
 20-24 	85774824.000000	44610096.000000	41164732.000000
 25-29 	77200640.000000	40249076.000000	36951560.000000
 30-34 	69276848.000000	36193208.000000	33083642.000000
 35-39 	60920072.000000	31908684.000000	29011388.000000
 40-44 	53161968.000000	27848168.000000	25313800.000000
 45-49 	40553088.000000	20783966.000000	19769124.000000
 50-54 	33942248.000000	17229068.000000	16713177.000000
 55-59 	29413708.000000	14672528.000000	14741180.000000
 60-64 	23405914.000000	11625491.000000	11780422.000000
 65-69 	17106436.000000	8545833.000000	8560602.000000
 70-74 	11312712.000000	5599751.500000	5712960.500000
 75-79 	6659964.000000	3239316.250000	3420648.000000
 80+ 	4828544.000000	2185895.000000	2642648.750000
Total	957703616.000000	495842464.000000	461861184.000000
1996			
 0-4	122992304.000000	64394284.000000	58598016.000000
 5-9	117032176.000000	61022200.000000	56009972.000000
 10-14 	110485672.000000	57357224.000000	53128448.000000
 15-19 	99038184.000000	51380396.000000	47657788.000000
 20-24 	87560320.000000	45526528.000000	42033784.000000
 25-29 	78320112.000000	40823720.000000	37496388.000000
 30-34 	70893376.000000	37003936.000000	33889440.000000
 35-39 	62218684.000000	32555646.000000	29663040.000000
 40-44 	54865280.000000	28756616.000000	26108662.000000
 45-49 	42485368.000000	21841974.000000	20643392.000000
 50-54 	34596064.000000	17562378.000000	17033684.000000
 55-59 	29908692.000000	14923826.000000	14984867.000000
 60-64 	24062684.000000	11902882.000000	12159802.000000
 65-69 	17658660.000000	8772026.000000	8886634.000000
 70-74 	11707034.000000	5780240.000000	5926794.000000
 75-79 	6900177.000000	3350727.500000	3549449.750000
 80+ 	5037563.000000	2276930.750000	2760632.250000
Total	975762304.000000	505231552.000000	470530784.000000
1997			
 0-4	123581488.000000	64765652.000000	58815836.000000
 5-9	117692272.000000	61474840.000000	56217432.000000
 10-14 	111972896.000000	58152032.000000	53820864.000000
 15-19 	101438168.000000	52638072.000000	48800096.000000
 20-24 	89382096.000000	46459256.000000	42922844.000000
 25-29 	79458368.000000	41408400.000000	38049972.000000
 30-34 	72552632.000000	37838724.000000	34713908.000000
 35-39 	63593936.000000	33244044.000000	30349892.000000
 40-44 	56217632.000000	29449376.000000	26768254.000000
 45-49 	44811532.000000	23132392.000000	21679140.000000
 50-54 	35309848.000000	17911738.000000	17398108.000000
 55-59 	30349104.000000	15163679.000000	15185426.000000
 60-64 	24743792.000000	12199372.000000	12544421.000000
 65-69 	18220550.000000	8994680.000000	9225869.000000
 70-74 	12123562.000000	5970517.000000	6153045.500000
 75-79 	7148139.500000	3465030.500000	3683108.750000
 80+ 	5258348.500000	2373988.750000	2884359.750000
Total	993854336.000000	514641792.000000	479212576.000000
1998			
 0-4	124159032.000000	65126684.000000	59032348.000000
 5-9	118275360.000000	61886888.000000	56388472.000000
 10-14 	113264816.000000	58860680.000000	54404136.000000
 15-19 	103780104.000000	53865232.000000	49914872.000000
 20-24 	91290400.000000	47436728.000000	43853676.000000
 25-29 	80660672.000000	42020888.000000	38639784.000000
 30-34 	74192320.000000	38670360.000000	35521960.000000
 35-39 	65039288.000000	33968684.000000	31070606.000000
 40-44 	57334920.000000	29996040.000000	27338876.000000
 45-49 	47314712.000000	24525536.000000	22789178.000000
 50-54 	36177548.000000	18338040.000000	17839510.000000
 55-59 	30774552.000000	15404289.000000	15370263.000000
 60-64 	25417702.000000	12501882.000000	12915819.000000
 65-69 	18791332.000000	9218296.000000	9573035.000000
 70-74 	12557949.000000	6166764.000000	6391185.000000
 75-79 	7405591.000000	3583461.750000	3822129.250000
 80+ 	5488581.000000	2476171.250000	3012409.500000
Total	1011924864.000000	524046624.000000	487878240.000000
1999			
 0-4	124705520.000000	65468960.000000	59236560.000000
 5-9	118836376.000000	62276080.000000	56560296.000000
 10-14 	114379480.000000	59496436.000000	54883040.000000
 15-19 	105959328.000000	55009656.000000	50949668.000000
 20-24 	93330200.000000	48485768.000000	44844436.000000
 25-29 	82147904.000000	42769340.000000	39378560.000000
 30-34 	75553560.000000	39369880.000000	36183676.000000
 35-39 	66530288.000000	34712832.000000	31817460.000000
 40-44 	58421248.000000	30519474.000000	27901772.000000
 45-49 	49659032.000000	25820036.000000	23838998.000000
 50-54 	37337432.000000	18932620.000000	18404810.000000
 55-59 	31244560.000000	15663210.000000	15581349.000000
 60-64 	26037894.000000	12789959.000000	13247935.000000
 65-69 	19373208.000000	9450533.000000	9922676.000000
 70-74 	13005764.000000	6363640.000000	6642124.000000
 75-79 	7676544.500000	3707988.000000	3968556.250000
 80+ 	5726445.000000	2582510.500000	3143934.750000
Total	1029924800.000000	533418912.000000	496505856.000000
2000			
 0-4	125213280.000000	65788752.000000	59424528.000000
 5-9	119444272.000000	62672380.000000	56771892.000000
 10-14 	115315536.000000	60059336.000000	55256196.000000
 15-19 	107891680.000000	56027932.000000	51863744.000000
 20-24 	95508096.000000	49611744.000000	45896352.000000
 25-29 	84524680.000000	43985524.000000	40539152.000000
 30-34 	75993920.000000	39583328.000000	36410588.000000
 35-39 	68050520.000000	35465416.000000	32585104.000000
 40-44 	59605816.000000	31096792.000000	28509022.000000
 45-49 	51636272.000000	26890700.000000	24745572.000000
 50-54 	38857848.000000	19741360.000000	19116488.000000
 55-59 	31803176.000000	15955513.000000	15847664.000000
 60-64 	26580580.000000	13052704.000000	13527876.000000
 65-69 	19965538.000000	9695506.000000	10270032.000000
 70-74 	13463603.000000	6557982.000000	6905621.000000
 75-79 	7963025.000000	3839404.000000	4123620.750000
 80+ 	5971228.000000	2692623.750000	3278604.000000
Total	1047789056.000000	542716992.000000	505072064.000000
2001			
 0-4	125678928.000000	66083928.000000	59594996.000000
 5-9	120116568.000000	63085260.000000	57031304.000000
 10-14 	116092080.000000	60556312.000000	55535768.000000
 15-19 	109565752.000000	56915896.000000	52649852.000000
 20-24 	97806504.000000	50807264.000000	46999240.000000
 25-29 	86253512.000000	44866128.000000	41387388.000000
 30-34 	77065304.000000	40122860.000000	36942440.000000
 35-39 	69613160.000000	36237024.000000	33376138.000000
 40-44 	60859280.000000	31710268.000000	29149010.000000
 45-49 	53285144.000000	27760666.000000	25524480.000000
 50-54 	40721612.000000	20751828.000000	19969782.000000
 55-59 	32439858.000000	16276805.000000	16163052.000000
 60-64 	27062774.000000	13298703.000000	13764070.000000
 65-69 	20569148.000000	9953284.000000	10615865.000000
 70-74 	13930110.000000	6750384.000000	7179726.000000
 75-79 	8263920.000000	3977204.750000	4286715.000000
 80+ 	6223924.000000	2806961.000000	3416963.000000
Total	1065547584.000000	551960768.000000	513586784.000000
2002			
 0-4	126093712.000000	66347496.000000	59746208.000000
 5-9	120805112.000000	63495300.000000	57309812.000000
 10-14 	116744512.000000	61001292.000000	55743224.000000
 15-19 	111021680.000000	57693100.000000	53328580.000000
 20-24 	100147744.000000	52032640.000000	48115108.000000
 25-29 	88009216.000000	45758944.000000	42250268.000000
 30-34 	78146544.000000	40667940.000000	37478600.000000
 35-39 	71210040.000000	37027424.000000	34182616.000000
 40-44 	62181668.000000	32360314.000000	29821356.000000
 45-49 	54589480.000000	28419772.000000	26169708.000000
 50-54 	42958744.000000	21980930.000000	20977812.000000
 55-59 	33130494.000000	16611524.000000	16518971.000000
 60-64 	27493694.000000	13534237.000000	13959457.000000
 65-69 	21191828.000000	10227357.000000	10964472.000000
 70-74 	14403024.000000	6940251.000000	7462773.000000
 75-79 	8579013.000000	4121701.000000	4457312.000000
 80+ 	6485252.000000	2925783.000000	3559468.750000
Total	1083191808.000000	561145984.000000	522045760.000000
2003			
 0-4	126446056.000000	66570564.000000	59875496.000000
 5-9	121482832.000000	63895376.000000	57587456.000000
 10-14 	117318816.000000	61405760.000000	55913056.000000
 15-19 	112283984.000000	58385324.000000	53898656.000000
 20-24 	102432168.000000	53229000.000000	49203164.000000
 25-29 	89849488.000000	46696864.000000	43152620.000000
 30-34 	79288880.000000	41240364.000000	38048520.000000
 35-39 	72784272.000000	37812984.000000	34971288.000000
 40-44 	63570012.000000	33044214.000000	30525800.000000
 45-49 	55664460.000000	28937016.000000	26727444.000000
 50-54 	45363104.000000	23306266.000000	22056838.000000
 55-59 	33966072.000000	17017910.000000	16948162.000000
 60-64 	27910978.000000	13770664.000000	14140314.000000
 65-69 	21807692.000000	10507156.000000	11300535.000000
 70-74 	14883583.000000	7131807.000000	7751775.500000
 75-79 	8907108.000000	4270768.000000	4636339.500000
 80+ 	6756896.500000	3049840.250000	3707056.250000
Total	1100716416.000000	570271872.000000	530444512.000000
2004			
 0-4	126716872.000000	66741788.000000	59975088.000000
 5-9	122130960.000000	64278476.000000	57852484.000000
 10-14 	117873136.000000	61789448.000000	56083688.000000
 15-19 	113373840.000000	59007692.000000	54366152.000000
 20-24 	104560880.000000	54347020.000000	50213864.000000
 25-29 	91825904.000000	47710232.000000	44115668.000000
 30-34 	80716544.000000	41950576.000000	38765964.000000
 35-39 	74086016.000000	38470484.000000	35615536.000000
 40-44 	65003760.000000	33748020.000000	31255740.000000
 45-49 	56710304.000000	29432576.000000	27277730.000000
 50-54 	47614788.000000	24537524.000000	23077264.000000
 55-59 	35079136.000000	17582744.000000	17496390.000000
 60-64 	28369582.000000	14023912.000000	14345670.000000
 65-69 	22376764.000000	10775610.000000	11601154.000000
 70-74 	15374261.000000	7331482.000000	8042779.000000
 75-79 	9245987.000000	4421070.000000	4824917.000000
 80+ 	7040825.000000	3180020.750000	3860804.500000
Total	1118099584.000000	579328704.000000	538770880.000000
2005			
 0-4	126878552.000000	66846340.000000	60032208.000000
 5-9	122745392.000000	64644060.000000	58101336.000000
 10-14 	118483952.000000	62187144.000000	56296800.000000
 15-19 	114298184.000000	59565532.000000	54732648.000000
 20-24 	106461376.000000	55350064.000000	51111312.000000
 25-29 	93959768.000000	48812992.000000	45146776.000000
 30-34 	83038480.000000	43133396.000000	39905084.000000
 35-39 	74494216.000000	38660280.000000	35833932.000000
 40-44 	66474264.000000	34466396.000000	32007870.000000
 45-49 	57857120.000000	29984406.000000	27872712.000000
 50-54 	49518716.000000	25558722.000000	23959994.000000
 55-59 	36537052.000000	18350950.000000	18186102.000000
 60-64 	28911368.000000	14308467.000000	14602900.000000
 65-69 	22879650.000000	11024086.000000	11855564.000000
 70-74 	15875401.000000	7542895.000000	8332505.500000
 75-79 	9594116.000000	4570792.000000	5023324.000000
 80+ 	7338540.500000	3316992.000000	4021548.500000
Total	1135346176.000000	588323520.000000	547022592.000000
2006			
 0-4	126917752.000000	66877360.000000	60040396.000000
 5-9	123318680.000000	64987096.000000	58331580.000000
 10-14 	119164336.000000	62604760.000000	56559576.000000
 15-19 	115071416.000000	60062136.000000	55009276.000000
 20-24 	108116088.000000	56229264.000000	51886824.000000
 25-29 	96225952.000000	49992120.000000	46233828.000000
 30-34 	84735312.000000	43994868.000000	40740444.000000
 35-39 	75534056.000000	39178020.000000	36356040.000000
 40-44 	67992768.000000	35207980.000000	32784786.000000
 45-49 	59075340.000000	30574204.000000	28501136.000000
 50-54 	51112348.000000	26391734.000000	24720614.000000
 55-59 	38322232.000000	19309604.000000	19012630.000000
 60-64 	29526932.000000	14620212.000000	14906719.000000
 65-69 	23331950.000000	11259852.000000	12072099.000000
 70-74 	16387840.000000	7765882.000000	8621958.000000
 75-79 	9950681.000000	4720326.500000	5230354.500000
 80+ 	7650310.000000	3460997.750000	4189312.000000
Total	1152434048.000000	597236416.000000	555197568.000000
2007			
 0-4	126835416.000000	66837208.000000	59998208.000000
 5-9	123841288.000000	65299288.000000	58542000.000000
 10-14 	119864784.000000	63021324.000000	56843456.000000
 15-19 	115727656.000000	60510064.000000	55217592.000000
 20-24 	109563448.000000	57002508.000000	52560940.000000
 25-29 	98545576.000000	51206464.000000	47339112.000000
 30-34 	86471432.000000	44876388.000000	41595040.000000
 35-39 	76595960.000000	39709620.000000	36886336.000000
 40-44 	69553712.000000	35973960.000000	33579752.000000
 45-49 	60366864.000000	31203408.000000	29163458.000000
 50-54 	52382812.000000	27028392.000000	25354418.000000
 55-59 	40462692.000000	20473986.000000	19988704.000000
 60-64 	30194950.000000	14945264.000000	15249686.000000
 65-69 	23743138.000000	11488553.000000	12254585.000000
 70-74 	16918246.000000	8002974.000000	8915273.000000
 75-79 	10314282.000000	4869150.500000	5445131.000000
 80+ 	7977108.000000	3612910.000000	4364198.000000
Total	1169359360.000000	606061440.000000	563297920.000000
2008			
 0-4	126568552.000000	66694020.000000	59874532.000000
 5-9	124302344.000000	65570800.000000	58731544.000000
 10-14 	120556424.000000	63427804.000000	57128620.000000
 15-19 	116313576.000000	60920372.000000	55393208.000000
 20-24 	110829112.000000	57695228.000000	53133884.000000
 25-29 	100817144.000000	52395256.000000	48421888.000000
 30-34 	88299816.000000	45807132.000000	42492684.000000
 35-39 	77727248.000000	40273808.000000	37453440.000000
 40-44 	71100168.000000	36739796.000000	34360372.000000
 45-49 	61728104.000000	31868240.000000	29859864.000000
 50-54 	53440436.000000	27533764.000000	25906672.000000
 55-59 	42764452.000000	21729040.000000	21035412.000000
 60-64 	31000350.000000	15336604.000000	15663746.000000
 65-69 	24146964.000000	11719388.000000	12427576.000000
 70-74 	17446532.000000	8245180.500000	9201352.000000
 75-79 	10687223.000000	5019887.500000	5667336.000000
 80+ 	8322636.000000	3773306.750000	4549329.500000
Total	1186051072.000000	614749632.000000	571301440.000000
2009			
 0-4	126071824.000000	66424488.000000	59647340.000000
 5-9	124680176.000000	65788240.000000	58891936.000000
 10-14 	121219856.000000	63816268.000000	57403584.000000
 15-19 	116889104.000000	61313384.000000	55575728.000000
 20-24 	111937712.000000	58324024.000000	53613688.000000
 25-29 	102944144.000000	53509788.000000	49434352.000000
 30-34 	90271536.000000	46816404.000000	43455132.000000
 35-39 	79148848.000000	40978496.000000	38170356.000000
 40-44 	72389208.000000	37385992.000000	35003212.000000
 45-49 	63141232.000000	32556018.000000	30585216.000000
 50-54 	54478184.000000	28022416.000000	26455770.000000
 55-59 	44928184.000000	22897514.000000	22030668.000000
 60-64 	32067090.000000	15873575.000000	16193516.000000
 65-69 	24592292.000000	11965585.000000	12626708.000000
 70-74 	17941936.000000	8478683.000000	9463252.000000
 75-79 	11073438.000000	5176852.000000	5896586.000000
 80+ 	8691292.000000	3942278.000000	4749013.500000
Total	1202466048.000000	623270016.000000	579196032.000000
2010			
 0-4	125348480.000000	66031480.000000	59317004.000000
 5-9	124946568.000000	65935780.000000	59010784.000000
 10-14 	121849736.000000	64184792.000000	57664940.000000
 15-19 	117528432.000000	61721924.000000	55806504.000000
 20-24 	112896048.000000	58893256.000000	54002792.000000
 25-29 	104854192.000000	54512224.000000	50341968.000000
 30-34 	92405024.000000	47915260.000000	44489764.000000
 35-39 	81455656.000000	42148424.000000	39307236.000000
 40-44 	72810704.000000	37579768.000000	35230940.000000
 45-49 	64597376.000000	33260896.000000	31336478.000000
 50-54 	55619552.000000	28567454.000000	27052098.000000
 55-59 	46770248.000000	23871062.000000	22899186.000000
 60-64 	33457262.000000	16596566.000000	16860696.000000
 65-69 	25115388.000000	12239060.000000	12876328.000000
 70-74 	18389384.000000	8696527.000000	9692856.000000
 75-79 	11473953.000000	5342379.000000	6131574.000000
 80+ 	9084914.000000	4119396.500000	4965517.000000
Total	1218602880.000000	631616256.000000	586986688.000000
2011			
 0-4	124455440.000000	65547308.000000	58908132.000000
 5-9	125088560.000000	66007944.000000	59080616.000000
 10-14 	122438976.000000	64529756.000000	57909216.000000
 15-19 	118241056.000000	62151232.000000	56089824.000000
 20-24 	113716344.000000	59406776.000000	54309568.000000
 25-29 	106530264.000000	55395468.000000	51134792.000000
 30-34 	94674176.000000	49090908.000000	45583268.000000
 35-39 	83155248.000000	43006976.000000	40148272.000000
 40-44 	73859224.000000	38097736.000000	35761492.000000
 45-49 	66106124.000000	33990632.000000	32115492.000000
 50-54 	56834360.000000	29150496.000000	27683864.000000
 55-59 	48325504.000000	24670656.000000	23654848.000000
 60-64 	35152628.000000	17492700.000000	17659928.000000
 65-69 	25707260.000000	12536084.000000	13171174.000000
 70-74 	18801704.000000	8904859.000000	9896844.000000
 75-79 	11888938.000000	5516344.000000	6372593.500000
 80+ 	9502162.000000	4304099.500000	5198062.500000
Total	1234477952.000000	639800000.000000	594678016.000000
2012			
 0-4	123512536.000000	65037496.000000	58475036.000000
 5-9	125106896.000000	66007948.000000	59098948.000000
 10-14 	122978304.000000	64843944.000000	58134364.000000
 15-19 	118972144.000000	62578228.000000	56393920.000000
 20-24 	114426576.000000	59874868.000000	54551708.000000
 25-29 	108008928.000000	56177308.000000	51831620.000000
 30-34 	96998784.000000	50301892.000000	46696892.000000
 35-39 	84896248.000000	43885968.000000	41010284.000000
 40-44 	74931984.000000	38630376.000000	36301608.000000
 45-49 	67658184.000000	34744360.000000	32913830.000000
 50-54 	58120360.000000	29770646.000000	28349714.000000
 55-59 	49579160.000000	25288298.000000	24290864.000000
 60-64 	37175212.000000	18574278.000000	18600932.000000
 65-69 	26346816.000000	12843848.000000	13502968.000000
 70-74 	19185350.000000	9108585.000000	10076766.000000
 75-79 	12321483.000000	5700685.000000	6620798.000000
 80+ 	9938637.000000	4494162.000000	5444475.000000
Total	1250157568.000000	647862912.000000	602294720.000000
2013			
 0-4	122694328.000000	64595084.000000	58099244.000000
 5-9	124939040.000000	65905564.000000	59033476.000000
 10-14 	123459880.000000	65120596.000000	58339288.000000
 15-19 	119689848.000000	62993256.000000	56696596.000000
 20-24 	115065504.000000	60305616.000000	54759888.000000
 25-29 	109314272.000000	56883320.000000	52430952.000000
 30-34 	99281536.000000	51490888.000000	47790648.000000
 35-39 	86733232.000000	44816376.000000	41916856.000000
 40-44 	76076672.000000	39197712.000000	36878956.000000
 45-49 	69198728.000000	35500036.000000	33698696.000000
 50-54 	59473676.000000	30424994.000000	29048682.000000
 55-59 	50633304.000000	25785068.000000	24848236.000000
 60-64 	39344724.000000	19736784.000000	19607938.000000
 65-69 	27107936.000000	13208749.000000	13899186.000000
 70-74 	19565222.000000	9314946.000000	10250275.000000
 75-79 	12753926.000000	5889302.000000	6864624.000000
 80+ 	10392214.000000	4689127.000000	5703087.000000
Total	1265724032.000000	655857408.000000	609866624.000000
2014			
 0-4	122110528.000000	64276896.000000	57833632.000000
 5-9	124539520.000000	65678500.000000	58861020.000000
 10-14 	123865232.000000	65349168.000000	58516060.000000
 15-19 	120376072.000000	63389676.000000	56986400.000000
 20-24 	115687568.000000	60717140.000000	54970428.000000
 25-29 	110468784.000000	57529776.000000	52939008.000000
 30-34 	101429944.000000	52612392.000000	48817556.000000
 35-39 	88717144.000000	45828412.000000	42888732.000000
 40-44 	77508176.000000	39904704.000000	37603468.000000
 45-49 	70488864.000000	36141812.000000	34347056.000000
 50-54 	60875576.000000	31101214.000000	29774360.000000
 55-59 	51666772.000000	26266646.000000	25400128.000000
 60-64 	41384300.000000	20819302.000000	20564998.000000
 65-69 	28099664.000000	13700254.000000	14399409.000000
 70-74 	19978586.000000	9533732.000000	10444854.000000
 75-79 	13161134.000000	6072452.000000	7088683.000000
 80+ 	10863596.000000	4890497.500000	5973098.000000
Total	1281221504.000000	663812544.000000	617408896.000000
2015			
 0-4	121793152.000000	64098656.000000	57694496.000000
 5-9	123911048.000000	65330244.000000	58580800.000000
 10-14 	124169200.000000	65516536.000000	58652668.000000
 15-19 	121030008.000000	63768880.000000	57261128.000000
 20-24 	116366520.000000	61142824.000000	55223696.000000
 25-29 	111478640.000000	58122008.000000	53356636.000000
 30-34 	103375552.000000	53631976.000000	49743572.000000
 35-39 	90868712.000000	46935456.000000	43933252.000000
 40-44 	79809480.000000	41068424.000000	38741056.000000
 45-49 	70932608.000000	36347124.000000	34585488.000000
 50-54 	62318144.000000	31794624.000000	30523520.000000
 55-59 	52794992.000000	26800736.000000	25994252.000000
 60-64 	43125084.000000	21724088.000000	21400996.000000
 65-69 	29376504.000000	14353668.000000	15022835.000000
 70-74 	20453834.000000	9774033.000000	10679800.000000
 75-79 	13531020.000000	6245301.000000	7285718.000000
 80+ 	11352148.000000	5098963.000000	6253185.000000
Total	1296686592.000000	671753536.000000	624933120.000000
2016			
 0-4	121699784.000000	64036308.000000	57663476.000000
 5-9	123104960.000000	64889188.000000	58215776.000000
 10-14 	124355248.000000	65614160.000000	58741092.000000
 15-19 	121645416.000000	64127216.000000	57518200.000000
 20-24 	117109776.000000	61585772.000000	55524004.000000
 25-29 	112349856.000000	58659484.000000	53690368.000000
 30-34 	105098152.000000	54539612.000000	50558540.000000
 35-39 	93162368.000000	48124292.000000	45038072.000000
 40-44 	81521672.000000	41933908.000000	39587764.000000
 45-49 	71994176.000000	36872428.000000	35121748.000000
 50-54 	63812784.000000	32514110.000000	31298672.000000
 55-59 	53990944.000000	27370738.000000	26620208.000000
 60-64 	44600840.000000	22471370.000000	22129468.000000
 65-69 	30920724.000000	15156743.000000	15763982.000000
 70-74 	20983766.000000	10032835.000000	10950931.000000
 75-79 	13873950.000000	6412501.500000	7461448.500000
 80+ 	11857078.000000	5314308.500000	6542770.000000
Total	1312081536.000000	679654976.000000	632426496.000000
2017			
 0-4	121709112.000000	64024816.000000	57684296.000000
 5-9	122238600.000000	64418572.000000	57820032.000000
 10-14 	124420320.000000	65642148.000000	58778172.000000
 15-19 	122214624.000000	64457972.000000	57756648.000000
 20-24 	117866464.000000	62024472.000000	55841988.000000
 25-29 	113107080.000000	59150448.000000	53956628.000000
 30-34 	106628992.000000	55349648.000000	51279344.000000
 35-39 	95516664.000000	49352324.000000	46164344.000000
 40-44 	83279528.000000	42823604.000000	40455924.000000
 45-49 	73083200.000000	37415700.000000	35667500.000000
 50-54 	65351608.000000	33259288.000000	32092322.000000
 55-59 	55253904.000000	27976064.000000	27277840.000000
 60-64 	45800736.000000	23054930.000000	22745804.000000
 65-69 	32750640.000000	16119223.000000	16631417.000000
 70-74 	21551746.000000	10299752.000000	11251995.000000
 75-79 	14196320.000000	6577546.500000	7618774.000000
 80+ 	12380104.000000	5537388.500000	6842715.000000
Total	1327349632.000000	687483904.000000	639865728.000000
2018			
 0-4	121703432.000000	64002392.000000	57701036.000000
 5-9	121485032.000000	64009624.000000	57475412.000000
 10-14 	124296336.000000	65566080.000000	58730256.000000
 15-19 	122728208.000000	64752844.000000	57975360.000000
 20-24 	118608448.000000	62450752.000000	56157696.000000
 25-29 	113787280.000000	59601708.000000	54185576.000000
 30-34 	107984600.000000	56082968.000000	51901632.000000
 35-39 	97829632.000000	50559068.000000	47270568.000000
 40-44 	85133296.000000	43765144.000000	41368152.000000
 45-49 	74244032.000000	37994176.000000	36249860.000000
 50-54 	66880568.000000	34007872.000000	32872698.000000
 55-59 	56580836.000000	28613720.000000	27967118.000000
 60-64 	46819312.000000	23529950.000000	23289362.000000
 65-69 	34707016.000000	17149560.000000	17557454.000000
 70-74 	22221002.000000	10613248.000000	11607754.000000
 75-79 	14516991.000000	6744846.000000	7772145.000000
 80+ 	12909672.000000	5764419.000000	7145253.500000
Total	1342435712.000000	695208384.000000	647227328.000000
2019			
 0-4	121639072.000000	63947168.000000	57691904.000000
 5-9	120955936.000000	63719592.000000	57236340.000000
 10-14 	123934352.000000	65361188.000000	58573160.000000
 15-19 	123163760.000000	64998536.000000	58165220.000000
 20-24 	119318944.000000	62858560.000000	56460388.000000
 25-29 	114444904.000000	60031160.000000	54413748.000000
 30-34 	109182576.000000	56753032.000000	52429544.000000
 35-39 	100005296.000000	51696548.000000	48308744.000000
 40-44 	87130576.000000	44785968.000000	42344612.000000
 45-49 	75684328.000000	38707672.000000	36976656.000000
 50-54 	68166432.000000	34646960.000000	33519474.000000
 55-59 	57954456.000000	29272054.000000	28682404.000000
 60-64 	47820264.000000	23991700.000000	23828566.000000
 65-69 	36546216.000000	18107814.000000	18438400.000000
 70-74 	23083638.000000	11030655.000000	12052982.000000
 75-79 	14863068.000000	6920690.000000	7942378.000000
 80+ 	13429574.000000	5989850.500000	7439724.000000
Total	1357323392.000000	702819136.000000	654504256.000000
2020			
 0-4	121494504.000000	63848616.000000	57645892.000000
 5-9	120684440.000000	63564200.000000	57120240.000000
 10-14 	123332528.000000	65027984.000000	58304548.000000
 15-19 	123490264.000000	65177952.000000	58312312.000000
 20-24 	119993424.000000	63246912.000000	56746512.000000
 25-29 	115149808.000000	60469464.000000	54680344.000000
 30-34 	110223192.000000	57361260.000000	52861936.000000
 35-39 	101970336.000000	52726968.000000	49243376.000000
 40-44 	89287888.000000	45896168.000000	43391712.000000
 45-49 	77968192.000000	39860092.000000	38108100.000000
 50-54 	68628288.000000	34863800.000000	33764488.000000
 55-59 	59366804.000000	29946150.000000	29420654.000000
 60-64 	48908632.000000	24500848.000000	24407782.000000
 65-69 	38120944.000000	18909886.000000	19211060.000000
 70-74 	24184988.000000	11580646.000000	12604343.000000
 75-79 	15255430.000000	7111404.000000	8144027.000000
 80+ 	13932668.000000	6211287.500000	7721380.500000
Total	1371992320.000000	710303616.000000	661688704.000000
2021			
 0-4	121273344.000000	63709100.000000	57564244.000000
 5-9	120632768.000000	63522184.000000	57110584.000000
 10-14 	122546704.000000	64597788.000000	57948920.000000
 15-19 	123694600.000000	65284680.000000	58409916.000000
 20-24 	120629432.000000	63614328.000000	57015104.000000
 25-29 	115915296.000000	60923076.000000	54992220.000000
 30-34 	111117704.000000	57910616.000000	53207092.000000
 35-39 	103707800.000000	53642656.000000	50065148.000000
 40-44 	91581088.000000	47083868.000000	44497224.000000
 45-49 	79676560.000000	40722864.000000	38953700.000000
 50-54 	69691104.000000	35389332.000000	34301776.000000
 55-59 	60828964.000000	30644746.000000	30184218.000000
 60-64 	50060272.000000	25042800.000000	25017474.000000
 65-69 	39464300.000000	19575640.000000	19888660.000000
 70-74 	25508616.000000	12252265.000000	13256351.000000
 75-79 	15689278.000000	7315321.000000	8373957.500000
 80+ 	14427866.000000	6432470.000000	7995395.500000
Total	1386445696.000000	717663744.000000	668781952.000000
2022			
 0-4	120999656.000000	63541188.000000	57458468.000000
 5-9	120681960.000000	63529984.000000	57151976.000000
 10-14 	121697184.000000	64135900.000000	57561284.000000
 15-19 	123775600.000000	65320068.000000	58455536.000000
 20-24 	121218408.000000	63953504.000000	57264900.000000
 25-29 	116691840.000000	61370940.000000	55320904.000000
 30-34 	111894208.000000	58410944.000000	53483264.000000
 35-39 	105251104.000000	54459152.000000	50791956.000000
 40-44 	93931160.000000	48307936.000000	45623220.000000
 45-49 	81428432.000000	41608204.000000	39820232.000000
 50-54 	70780640.000000	35932080.000000	34848560.000000
 55-59 	62333544.000000	31367788.000000	30965756.000000
 60-64 	51274968.000000	25617534.000000	25657434.000000
 65-69 	40570484.000000	20102276.000000	20468210.000000
 70-74 	27068088.000000	13052702.000000	14015386.000000
 75-79 	16152699.000000	7525492.000000	8627207.000000
 80+ 	14922464.000000	6656987.000000	8265476.500000
Total	1400672384.000000	724892672.000000	675779776.000000
2023			
 0-4	120694480.000000	63355744.000000	57338736.000000
 5-9	120715304.000000	63526540.000000	57188760.000000
 10-14 	120958832.000000	63734704.000000	57224124.000000
 15-19 	123666672.000000	65250680.000000	58415992.000000
 20-24 	121750488.000000	64255736.000000	57494752.000000
 25-29 	117451584.000000	61804764.000000	55646816.000000
 30-34 	112591736.000000	58869944.000000	53721784.000000
 35-39 	106618760.000000	55198048.000000	51420712.000000
 40-44 	96239424.000000	49509832.000000	46729588.000000
 45-49 	83274208.000000	42543648.000000	40730564.000000
 50-54 	71940976.000000	36509276.000000	35431704.000000
 55-59 	63829440.000000	32094756.000000	31734686.000000
 60-64 	52551100.000000	26223364.000000	26327734.000000
 65-69 	41524324.000000	20539296.000000	20985028.000000
 70-74 	28732120.000000	13908239.000000	14823880.000000
 75-79 	16696246.000000	7772376.000000	8923869.000000
 80+ 	15423026.000000	6885900.500000	8537126.000000
Total	1414658688.000000	731982848.000000	682675840.000000
2024			
 0-4	120357008.000000	63152464.000000	57204544.000000
 5-9	120688776.000000	63489724.000000	57199052.000000
 10-14 	120443032.000000	63451300.000000	56991736.000000
 15-19 	123318984.000000	65051820.000000	58267160.000000
 20-24 	122203008.000000	64507500.000000	57695508.000000
 25-29 	118177552.000000	62218272.000000	55959280.000000
 30-34 	113264080.000000	59305064.000000	53959016.000000
 35-39 	107827600.000000	55872080.000000	51955516.000000
 40-44 	98410760.000000	50641932.000000	47768824.000000
 45-49 	85260224.000000	43555492.000000	41704732.000000
 50-54 	73372072.000000	37215888.000000	36156180.000000
 55-59 	65092616.000000	32718340.000000	32374276.000000
 60-64 	53873792.000000	26850530.000000	27023264.000000
 65-69 	42469304.000000	20969558.000000	21499746.000000
 70-74 	30301160.000000	14706857.000000	15594304.000000
 75-79 	17392444.000000	8100316.500000	9292127.000000
 80+ 	15937724.000000	7120117.000000	8817607.000000
Total	1428390144.000000	738927232.000000	689462848.000000
2025			
 0-4	119982088.000000	62928708.000000	57053380.000000
 5-9	120580880.000000	63409032.000000	57171848.000000
 10-14 	120183976.000000	63302032.000000	56881944.000000
 15-19 	122731472.000000	64724488.000000	58006980.000000
 20-24 	122546336.000000	64692600.000000	57853740.000000
 25-29 	118867144.000000	62611604.000000	56255544.000000
 30-34 	113982144.000000	59747696.000000	54234440.000000
 35-39 	108878688.000000	56483244.000000	52395440.000000
 40-44 	100373208.000000	51667352.000000	48705860.000000
 45-49 	87402664.000000	44653556.000000	42749108.000000
 50-54 	75616568.000000	38341576.000000	37274988.000000
 55-59 	65564752.000000	32940672.000000	32624080.000000
 60-64 	55236364.000000	27494990.000000	27741376.000000
 65-69 	43496780.000000	21445230.000000	22051550.000000
 70-74 	31656060.000000	15382159.000000	16273902.000000
 75-79 	18276502.000000	8531142.000000	9745361.000000
 80+ 	16475552.000000	7362441.500000	9113110.000000
Total	1441851136.000000	745718528.000000	696132672.000000
2026			
 0-4	119564272.000000	62681684.000000	56882592.000000
 5-9	120394536.000000	63286404.000000	57108128.000000
 10-14 	120143400.000000	63265340.000000	56878060.000000
 15-19 	121959256.000000	64299676.000000	57659576.000000
 20-24 	122766592.000000	64804328.000000	57962260.000000
 25-29 	119516704.000000	62982692.000000	56534008.000000
 30-34 	114758216.000000	60203760.000000	54554448.000000
 35-39 	109782824.000000	57034320.000000	52748500.000000
 40-44 	102109568.000000	52578392.000000	49531180.000000
 45-49 	89677560.000000	45826052.000000	43851508.000000
 50-54 	77305968.000000	39190124.000000	38115848.000000
 55-59 	66620148.000000	33460160.000000	33159988.000000
 60-64 	56648728.000000	28164476.000000	28484254.000000
 65-69 	44585232.000000	21953266.000000	22631968.000000
 70-74 	32827072.000000	15951988.000000	16875084.000000
 75-79 	19333902.000000	9055529.000000	10278372.000000
 80+ 	17037850.000000	7614113.000000	9423737.000000
Total	1455031808.000000	752352320.000000	702679488.000000
2027			
 0-4	119102024.000000	62410572.000000	56691456.000000
 5-9	120153776.000000	63134368.000000	57019400.000000
 10-14 	120202960.000000	63278068.000000	56924892.000000
 15-19 	121122728.000000	63842840.000000	57279892.000000
 20-24 	122863136.000000	64844496.000000	58018640.000000
 25-29 	120118544.000000	63325060.000000	56793488.000000
 30-34 	115544168.000000	60653296.000000	54890868.000000
 35-39 	110568856.000000	57536064.000000	53032788.000000
 40-44 	103653600.000000	53391140.000000	50262464.000000
 45-49 	92008048.000000	47033520.000000	44974528.000000
 50-54 	79038688.000000	40060828.000000	38977860.000000
 55-59 	67704472.000000	33997968.000000	33706500.000000
 60-64 	58103376.000000	28858408.000000	29244968.000000
 65-69 	45733664.000000	22492780.000000	23240884.000000
 70-74 	33811764.000000	16415034.000000	17396732.000000
 75-79 	20572856.000000	9677472.000000	10895384.000000
 80+ 	17620108.000000	7872592.500000	9747516.000000
Total	1467922816.000000	758824512.000000	709098240.000000
2028			
 0-4	118597248.000000	62116512.000000	56480732.000000
 5-9	119880080.000000	62963992.000000	56916088.000000
 10-14 	120246680.000000	63279584.000000	56967096.000000
 15-19 	120396912.000000	63446536.000000	56950376.000000
 20-24 	122770496.000000	64780444.000000	57990048.000000
 25-29 	120664072.000000	63630892.000000	57033176.000000
 30-34 	116313600.000000	61089044.000000	55224552.000000
 35-39 	111276744.000000	57997116.000000	53279628.000000
 40-44 	105024592.000000	54127856.000000	50896736.000000
 45-49 	94298320.000000	48219664.000000	46078660.000000
 50-54 	80864544.000000	40980944.000000	39883600.000000
 55-59 	68859888.000000	34570384.000000	34289500.000000
 60-64 	59551816.000000	29557444.000000	29994370.000000
 65-69 	46940004.000000	23061604.000000	23878400.000000
 70-74 	34679192.000000	16810572.000000	17868618.000000
 75-79 	21892310.000000	10341258.000000	11551052.000000
 80+ 	18261700.000000	8159539.000000	10102160.000000
Total	1480518144.000000	765133376.000000	715384768.000000
2029			
 0-4	118049760.000000	61799532.000000	56250232.000000
 5-9	119573080.000000	62775256.000000	56797824.000000
 10-14 	120230832.000000	63247856.000000	56982976.000000
 15-19 	119893224.000000	63167852.000000	56725368.000000
 20-24 	122440648.000000	64587852.000000	57852796.000000
 25-29 	121131520.000000	63887248.000000	57244272.000000
 30-34 	117050544.000000	61505384.000000	55545160.000000
 35-39 	111960528.000000	58435224.000000	53525304.000000
 40-44 	106239640.000000	54801528.000000	51438108.000000
 45-49 	96455720.000000	49338656.000000	47117064.000000
 50-54 	82829024.000000	41976256.000000	40852764.000000
 55-59 	70275584.000000	35266096.000000	35009492.000000
 60-64 	60782500.000000	30161574.000000	30620928.000000
 65-69 	48191344.000000	23651260.000000	24540082.000000
 70-74 	35545416.000000	17204282.000000	18341136.000000
 75-79 	23140538.000000	10963439.000000	12177099.000000
 80+ 	19016780.000000	8504918.000000	10511863.000000
Total	1492806656.000000	771274240.000000	721532480.000000
2030			
 0-4	117455664.000000	61457472.000000	55998192.000000
 5-9	119228304.000000	62565940.000000	56662368.000000
 10-14 	120134368.000000	63172608.000000	56961760.000000
 15-19 	119646496.000000	63023480.000000	56623020.000000
 20-24 	121873408.000000	64268244.000000	57605168.000000
 25-29 	121492304.000000	64078544.000000	57413760.000000
 30-34 	117753120.000000	61902888.000000	55850240.000000
 35-39 	112691008.000000	58881828.000000	53809176.000000
 40-44 	107300096.000000	55414432.000000	51885668.000000
 45-49 	98409904.000000	50354792.000000	48055116.000000
 50-54 	84947920.000000	43056376.000000	41891548.000000
 55-59 	72464128.000000	36355560.000000	36108572.000000
 60-64 	61268672.000000	30392828.000000	30875842.000000
 65-69 	49482200.000000	24258318.000000	25223880.000000
 70-74 	36484084.000000	17637206.000000	18846878.000000
 75-79 	24228420.000000	11495185.000000	12733235.000000
 80+ 	19911408.000000	8922938.000000	10988469.000000
Total	1504771584.000000	777238656.000000	727532864.000000
2031			
 0-4	116808296.000000	61086584.000000	55721716.000000
 5-9	118839960.000000	62333120.000000	56506844.000000
 10-14 	119959408.000000	63055344.000000	56904056.000000
 15-19 	119617752.000000	62991560.000000	56626192.000000
 20-24 	121122440.000000	63851992.000000	57270448.000000
 25-29 	121731536.000000	64197616.000000	57533924.000000
 30-34 	118416896.000000	62279180.000000	56137720.000000
 35-39 	113479760.000000	59342472.000000	54137288.000000
 40-44 	108216128.000000	55969100.000000	52247028.000000
 45-49 	100143608.000000	51260496.000000	48883112.000000
 50-54 	87197464.000000	44209636.000000	42987828.000000
 55-59 	74127664.000000	37186436.000000	36941232.000000
 60-64 	62313996.000000	30905480.000000	31408514.000000
 65-69 	50821272.000000	24889272.000000	25932002.000000
 70-74 	37477456.000000	18098358.000000	19379100.000000
 75-79 	25181928.000000	11951063.000000	13230864.000000
 80+ 	20930708.000000	9404728.000000	11525981.000000
Total	1516386304.000000	783012416.000000	733373824.000000
2032			
 0-4	116101744.000000	60683408.000000	55418332.000000
 5-9	118406216.000000	62075884.000000	56330336.000000
 10-14 	119729600.000000	62908456.000000	56821144.000000
 15-19 	119688432.000000	63008920.000000	56679516.000000
 20-24 	120306712.000000	63403928.000000	56902784.000000
 25-29 	121847552.000000	64245888.000000	57601660.000000
 30-34 	119033424.000000	62627416.000000	56406008.000000
 35-39 	114278504.000000	59797200.000000	54481308.000000
 40-44 	109015584.000000	56475748.000000	52539836.000000
 45-49 	101689376.000000	52071112.000000	49618264.000000
 50-54 	89502168.000000	45397444.000000	44104724.000000
 55-59 	75835120.000000	38039748.000000	37795372.000000
 60-64 	63391480.000000	31437354.000000	31954126.000000
 65-69 	52201812.000000	25543334.000000	26658476.000000
 70-74 	38524976.000000	18586676.000000	19938300.000000
 75-79 	26002556.000000	12331424.000000	13671132.000000
 80+ 	22073966.000000	9949030.000000	12124936.000000
Total	1527629184.000000	788582976.000000	739046272.000000
2033			
 0-4	115335392.000000	60246928.000000	55088460.000000
 5-9	117927608.000000	61794196.000000	56133412.000000
 10-14 	119465840.000000	62742704.000000	56723132.000000
 15-19 	119742224.000000	63014828.000000	56727392.000000
 20-24 	119599504.000000	63015820.000000	56583680.000000
 25-29 	121773840.000000	64190304.000000	57583532.000000
 30-34 	119593112.000000	62939404.000000	56653708.000000
 35-39 	115060120.000000	60238448.000000	54821672.000000
 40-44 	109737136.000000	56942448.000000	52794692.000000
 45-49 	103064848.000000	52807768.000000	50257076.000000
 50-54 	91768144.000000	46564888.000000	45203264.000000
 55-59 	77634048.000000	38941020.000000	38693028.000000
 60-64 	64539784.000000	32002666.000000	32537116.000000
 65-69 	53579688.000000	26202548.000000	27377140.000000
 70-74 	39625948.000000	19100134.000000	20525812.000000
 75-79 	26743892.000000	12665130.000000	14078762.000000
 80+ 	23295508.000000	10529875.000000	12765632.000000
Total	1538486656.000000	793939136.000000	744547520.000000
2034			
 0-4	114518680.000000	59781776.000000	54736904.000000
 5-9	117402232.000000	61486456.000000	55915776.000000
 10-14 	119167552.000000	62557956.000000	56609600.000000
 15-19 	119735256.000000	62987096.000000	56748160.000000
 20-24 	119111312.000000	62744320.000000	56366996.000000
 25-29 	121461984.000000	64006544.000000	57455436.000000
 30-34 	120073536.000000	63201952.000000	56871592.000000
 35-39 	115808232.000000	60660408.000000	55147824.000000
 40-44 	110433584.000000	57386408.000000	53047176.000000
 45-49 	104286040.000000	53482792.000000	50803248.000000
 50-54 	93904424.000000	47667304.000000	46237120.000000
 55-59 	79567544.000000	39914292.000000	39653252.000000
 60-64 	65932068.000000	32681206.000000	33250862.000000
 65-69 	54761052.000000	26775876.000000	27985178.000000
 70-74 	40770992.000000	19631754.000000	21139240.000000
 75-79 	27493400.000000	12999736.000000	14493663.000000
 80+ 	24529044.000000	11110116.000000	13418929.000000
Total	1548956928.000000	799075968.000000	749880960.000000
2035			
 0-4	113668752.000000	59297712.000000	54371040.000000
 5-9	116824816.000000	61149200.000000	55675624.000000
 10-14 	118829664.000000	62351696.000000	56477968.000000
 15-19 	119645952.000000	62915172.000000	56730780.000000
 20-24 	118876288.000000	62605696.000000	56270596.000000
 25-29 	120910856.000000	63695664.000000	57215188.000000
 30-34 	120445544.000000	63399228.000000	57046316.000000
 35-39 	116520504.000000	61063388.000000	55457116.000000
 40-44 	111174488.000000	57838308.000000	53336180.000000
 45-49 	105353536.000000	54098004.000000	51255528.000000
 50-54 	95842136.000000	48670108.000000	47172028.000000
 55-59 	81650112.000000	40968380.000000	40681736.000000
 60-64 	68037952.000000	33717864.000000	34320092.000000
 65-69 	55263264.000000	27011556.000000	28251706.000000
 70-74 	41956272.000000	20178946.000000	21777328.000000
 75-79 	28305858.000000	13364792.000000	14941067.000000
 80+ 	25737790.000000	11669083.000000	14068707.000000
Total	1559043840.000000	803994816.000000	755049024.000000
2036			
 0-4	112806720.000000	58807600.000000	53999120.000000
 5-9	116188488.000000	60778144.000000	55410340.000000
 10-14 	118447104.000000	62121452.000000	56325656.000000
 15-19 	119477192.000000	62800872.000000	56676324.000000
 20-24 	118856720.000000	62578588.000000	56278136.000000
 25-29 	120174952.000000	63288340.000000	56886612.000000
 30-34 	120695192.000000	63524532.000000	57170660.000000
 35-39 	117193072.000000	61445272.000000	55747800.000000
 40-44 	111971808.000000	58303876.000000	53667932.000000
 45-49 	106277600.000000	54655996.000000	51621608.000000
 50-54 	97564688.000000	49566268.000000	47998420.000000
 55-59 	83858568.000000	42092176.000000	41766392.000000
 60-64 	69659832.000000	34518600.000000	35141228.000000
 65-69 	56289832.000000	27506508.000000	28783322.000000
 70-74 	43188736.000000	20747244.000000	22441492.000000
 75-79 	29167416.000000	13752137.000000	15415278.000000
 80+ 	26939500.000000	12215971.000000	14723530.000000
Total	1568757376.000000	808703552.000000	760053824.000000
2037			
 0-4	111952304.000000	58324312.000000	53627996.000000
 5-9	115488128.000000	60370504.000000	55117628.000000
 10-14 	118018496.000000	61866512.000000	56151984.000000
 15-19 	119253104.000000	62656764.000000	56596344.000000
 20-24 	118935280.000000	62600304.000000	56334980.000000
 25-29 	119373536.000000	62849240.000000	56524300.000000
 30-34 	120821584.000000	63579544.000000	57242032.000000
 35-39 	117818232.000000	61799400.000000	56018832.000000
 40-44 	112778536.000000	58763840.000000	54014700.000000
 45-49 	107086440.000000	55167152.000000	51919292.000000
 50-54 	99104280.000000	50371064.000000	48733216.000000
 55-59 	86120256.000000	43249296.000000	42870960.000000
 60-64 	71325632.000000	35341596.000000	35984032.000000
 65-69 	57352168.000000	28021592.000000	29330576.000000
 70-74 	44461540.000000	21336380.000000	23125160.000000
 75-79 	30076578.000000	14161259.000000	15915319.000000
 80+ 	28140388.000000	12754209.000000	15386178.000000
Total	1578106496.000000	813212992.000000	764893504.000000
2038			
 0-4	111120792.000000	57857448.000000	53263340.000000
 5-9	114725096.000000	59927860.000000	54797240.000000
 10-14 	117544696.000000	61587136.000000	55957560.000000
 15-19 	118994880.000000	62493788.000000	56501096.000000
 20-24 	118996816.000000	62610616.000000	56386200.000000
 25-29 	118679648.000000	62469700.000000	56209948.000000
 30-34 	120759256.000000	63531668.000000	57227588.000000
 35-39 	118387048.000000	62117892.000000	56269160.000000
 40-44 	113568512.000000	59211032.000000	54357480.000000
 45-49 	107818768.000000	55639676.000000	52179088.000000
 50-54 	100478384.000000	51105400.000000	49372980.000000
 55-59 	88345280.000000	44388084.000000	43957200.000000
 60-64 	73080648.000000	36211728.000000	36868916.000000
 65-69 	58484064.000000	28569922.000000	29914144.000000
 70-74 	45735172.000000	21931656.000000	23803518.000000
 75-79 	31031908.000000	14591356.000000	16440553.000000
 80+ 	29349188.000000	13289502.000000	16059686.000000
Total	1587100160.000000	817534464.000000	769565696.000000
2039			
 0-4	110320872.000000	57411588.000000	52909288.000000
 5-9	113911016.000000	59458176.000000	54452840.000000
 10-14 	117023944.000000	61281884.000000	55742064.000000
 15-19 	118702032.000000	62311928.000000	56390104.000000
 20-24 	118997728.000000	62587452.000000	56410272.000000
 25-29 	118203472.000000	62206072.000000	55997404.000000
 30-34 	120460192.000000	63356820.000000	57103376.000000
 35-39 	118877472.000000	62387736.000000	56489740.000000
 40-44 	114325768.000000	59639848.000000	54685916.000000
 45-49 	108526944.000000	56090696.000000	52436244.000000
 50-54 	101702552.000000	51781336.000000	49921220.000000
 55-59 	90446288.000000	45466504.000000	44979784.000000
 60-64 	74965328.000000	37151888.000000	37813440.000000
 65-69 	59836784.000000	29220426.000000	30616360.000000
 70-74 	46839188.000000	22455274.000000	24383912.000000
 75-79 	32026182.000000	15038035.000000	16988146.000000
 80+ 	30581602.000000	13831169.000000	16750433.000000
Total	1595747328.000000	821676800.000000	774070528.000000
2040			
 0-4	109558288.000000	56989280.000000	52569008.000000
 5-9	113064744.000000	58973872.000000	54090872.000000
 10-14 	116451336.000000	60947488.000000	55503844.000000
 15-19 	118369856.000000	62108908.000000	56260952.000000
 20-24 	118916968.000000	62520480.000000	56396488.000000
 25-29 	117979488.000000	62074676.000000	55904812.000000
 30-34 	119923712.000000	63056232.000000	56867476.000000
 35-39 	119261008.000000	62593540.000000	56667464.000000
 40-44 	115048248.000000	60050664.000000	54997584.000000
 45-49 	109279568.000000	56550304.000000	52729260.000000
 50-54 	102777200.000000	52400456.000000	50376744.000000
 55-59 	92357200.000000	46451808.000000	45905388.000000
 60-64 	76993008.000000	38170320.000000	38822684.000000
 65-69 	61821768.000000	30184296.000000	31637470.000000
 70-74 	47350880.000000	22690834.000000	24660048.000000
 75-79 	33056702.000000	15499922.000000	17556780.000000
 80+ 	31848256.000000	14385189.000000	17463068.000000
Total	1604058240.000000	825648256.000000	778409920.000000
2041			
 0-4	108835872.000000	56591584.000000	52244284.000000
 5-9	112207536.000000	58488640.000000	53718896.000000
 10-14 	115819856.000000	60579644.000000	55240208.000000
 15-19 	117992984.000000	61882040.000000	56110944.000000
 20-24 	118757048.000000	62411360.000000	56345688.000000
 25-29 	117969832.000000	62054088.000000	55915740.000000
 30-34 	119203680.000000	62660160.000000	56543520.000000
 35-39 	119523584.000000	62728496.000000	56795088.000000
 40-44 	115731984.000000	60441172.000000	55290816.000000
 45-49 	110088320.000000	57024012.000000	53064304.000000
 50-54 	103712272.000000	52965044.000000	50747224.000000
 55-59 	94062328.000000	47337296.000000	46725032.000000
 60-64 	79141296.000000	39256236.000000	39885068.000000
 65-69 	63380112.000000	30945350.000000	32434764.000000
 70-74 	48335496.000000	23157434.000000	25178064.000000
 75-79 	34128736.000000	15981152.000000	18147586.000000
 80+ 	33148706.000000	14950672.000000	18198034.000000
Total	1612039680.000000	829454400.000000	782585280.000000
2042			
 0-4	108152968.000000	56218112.000000	51934856.000000
 5-9	111358168.000000	58014044.000000	53344120.000000
 10-14 	115124464.000000	60175484.000000	54948976.000000
 15-19 	117570048.000000	61630612.000000	55939440.000000
 20-24 	118541888.000000	62272536.000000	56269348.000000
 25-29 	118057840.000000	62082056.000000	55975788.000000
 30-34 	118418568.000000	62232656.000000	56185916.000000
 35-39 	119664048.000000	62794068.000000	56869976.000000
 40-44 	116369240.000000	60804636.000000	55564608.000000
 45-49 	110906920.000000	57492784.000000	53414136.000000
 50-54 	104535376.000000	53484872.000000	51050508.000000
 55-59 	95592960.000000	48137184.000000	47455780.000000
 60-64 	81341520.000000	40375076.000000	40966444.000000
 65-69 	64982808.000000	31729614.000000	33253194.000000
 70-74 	49358680.000000	23645734.000000	25712948.000000
 75-79 	35236836.000000	16481096.000000	18755738.000000
 80+ 	34485164.000000	15528214.000000	18956950.000000
Total	1619697536.000000	833098752.000000	786598720.000000
2043			
 0-4	107503712.000000	55866200.000000	51637516.000000
 5-9	110531456.000000	57557256.000000	52974200.000000
 10-14 	114366512.000000	59736408.000000	54630104.000000
 15-19 	117101824.000000	61354768.000000	55747056.000000
 20-24 	118292304.000000	62114752.000000	56177552.000000
 25-29 	118128664.000000	62098492.000000	56030172.000000
 30-34 	117740168.000000	61864136.000000	55876028.000000
 35-39 	119617168.000000	62757732.000000	56859432.000000
 40-44 	116951016.000000	61132992.000000	55818024.000000
 45-49 	111709248.000000	57949212.000000	53760040.000000
 50-54 	105284464.000000	53967544.000000	51316916.000000
 55-59 	96965560.000000	48870760.000000	48094800.000000
 60-64 	83509080.000000	41477936.000000	42031144.000000
 65-69 	66671708.000000	32559028.000000	34112680.000000
 70-74 	50448468.000000	24165694.000000	26282776.000000
 75-79 	36348708.000000	16987468.000000	19361240.000000
 80+ 	35862060.000000	16119748.000000	19742312.000000
Total	1627032064.000000	836580096.000000	790451968.000000
2044			
 0-4	106879600.000000	55531656.000000	51347944.000000
 5-9	109737376.000000	57121432.000000	52615944.000000
 10-14 	113557496.000000	59270204.000000	54287288.000000
 15-19 	116586248.000000	61052816.000000	55533436.000000
 20-24 	118007600.000000	61937852.000000	56069752.000000
 25-29 	118138648.000000	62081344.000000	56057300.000000
 30-34 	117277664.000000	61610240.000000	55667424.000000
 35-39 	119335080.000000	62595432.000000	56739648.000000
 40-44 	117455216.000000	61413184.000000	56042040.000000
 45-49 	112479528.000000	58387592.000000	54091932.000000
 50-54 	106010544.000000	54429368.000000	51581176.000000
 55-59 	98194512.000000	49548852.000000	48645656.000000
 60-64 	85561336.000000	42525088.000000	43036248.000000
 65-69 	68483360.000000	33453556.000000	35029808.000000
 70-74 	51728788.000000	24772014.000000	26956772.000000
 75-79 	37324000.000000	17437410.000000	19886590.000000
 80+ 	37284176.000000	16727537.000000	20556638.000000
Total	1634041216.000000	839895552.000000	794145600.000000
2045			
 0-4	106270760.000000	55209244.000000	51061516.000000
 5-9	108982552.000000	56708044.000000	52274504.000000
 10-14 	112715776.000000	58788976.000000	53926800.000000
 15-19 	116018064.000000	60721288.000000	55296776.000000
 20-24 	117682360.000000	61739232.000000	55943128.000000
 25-29 	118066176.000000	62020012.000000	56046168.000000
 30-34 	117064904.000000	61486952.000000	55577952.000000
 35-39 	118816696.000000	62308100.000000	56508596.000000
 40-44 	117853568.000000	61629980.000000	56223592.000000
 45-49 	113215656.000000	58808184.000000	54407468.000000
 50-54 	106780448.000000	54899420.000000	51881032.000000
 55-59 	99279552.000000	50172520.000000	49107024.000000
 60-64 	87435984.000000	43485856.000000	43950132.000000
 65-69 	70429320.000000	34420144.000000	36009176.000000
 70-74 	53538036.000000	25634522.000000	27903514.000000
 75-79 	37815472.000000	17656908.000000	20158564.000000
 80+ 	38756608.000000	17354304.000000	21402302.000000
Total	1640721920.000000	843043712.000000	797678272.000000
2046			
 0-4	105669064.000000	54893892.000000	50775172.000000
 5-9	108270832.000000	56318060.000000	51952768.000000
 10-14 	111862912.000000	58306484.000000	53556432.000000
 15-19 	115390920.000000	60356232.000000	55034688.000000
 20-24 	117312064.000000	61516608.000000	55795452.000000
 25-29 	117914392.000000	61916508.000000	55997884.000000
 30-34 	117064800.000000	61473296.000000	55591508.000000
 35-39 	118115920.000000	61926016.000000	56189904.000000
 40-44 	118132344.000000	61776840.000000	56355496.000000
 45-49 	113914016.000000	59208960.000000	54705056.000000
 50-54 	107605720.000000	55383224.000000	52222500.000000
 55-59 	100230344.000000	50744096.000000	49486248.000000
 60-64 	89118552.000000	44354288.000000	44764268.000000
 65-69 	72488816.000000	35449048.000000	37039768.000000
 70-74 	54994276.000000	26332924.000000	28661350.000000
 75-79 	38712080.000000	18069876.000000	20642204.000000
 80+ 	40282548.000000	18002288.000000	22280260.000000
Total	1647079552.000000	846028672.000000	801050944.000000
2047			
 0-4	105069816.000000	54581256.000000	50488560.000000
 5-9	107601080.000000	55951496.000000	51649584.000000
 10-14 	111017848.000000	57834448.000000	53183400.000000
 15-19 	114699960.000000	59954844.000000	54745116.000000
 20-24 	116895656.000000	61269460.000000	55626196.000000
 25-29 	117707360.000000	61783440.000000	55923924.000000
 30-34 	117161696.000000	61507832.000000	55653864.000000
 35-39 	117350560.000000	61512884.000000	55837672.000000
 40-44 	118290448.000000	61855448.000000	56435004.000000
 45-49 	114567104.000000	59583540.000000	54983560.000000
 50-54 	108441224.000000	55862656.000000	52578568.000000
 55-59 	101074160.000000	51273608.000000	49800560.000000
 60-64 	90639040.000000	45144344.000000	45494696.000000
 65-69 	74599160.000000	36509628.000000	38089532.000000
 70-74 	56495132.000000	27054460.000000	29440672.000000
 75-79 	39649544.000000	18505060.000000	21144486.000000
 80+ 	41859328.000000	18671770.000000	23187556.000000
Total	1653119104.000000	848856192.000000	804262976.000000
2048			
 0-4	104472016.000000	54269584.000000	50202432.000000
 5-9	106966232.000000	55606248.000000	51359984.000000
 10-14 	110195648.000000	57380256.000000	52815392.000000
 15-19 	113946960.000000	59518796.000000	54428168.000000
 20-24 	116434656.000000	60998356.000000	55436296.000000
 25-29 	117466512.000000	61631916.000000	55834592.000000
 30-34 	117241976.000000	61531392.000000	55710588.000000
 35-39 	116691648.000000	61158756.000000	55532896.000000
 40-44 	118263784.000000	61834208.000000	56429576.000000
 45-49 	115166544.000000	59924632.000000	55241916.000000
 50-54 	109261984.000000	56331244.000000	52930736.000000
 55-59 	101848336.000000	51769088.000000	50079240.000000
 60-64 	92012976.000000	45874792.000000	46138184.000000
 65-69 	76683872.000000	37558820.000000	39125048.000000
 70-74 	58078656.000000	27819444.000000	30259212.000000
 75-79 	40650020.000000	18970678.000000	21679342.000000
 80+ 	43466536.000000	19356148.000000	24110388.000000
Total	1658848384.000000	851534336.000000	807313984.000000
2049			
 0-4	103874840.000000	53958500.000000	49916344.000000
 5-9	106356848.000000	55278268.000000	51078580.000000
 10-14 	109406472.000000	56947216.000000	52459256.000000
 15-19 	113143712.000000	59056048.000000	54087664.000000
 20-24 	115927520.000000	60701856.000000	55225668.000000
 25-29 	117191856.000000	61462216.000000	55729640.000000
 30-34 	117262920.000000	61522568.000000	55740352.000000
 35-39 	116248000.000000	60919088.000000	55328916.000000
 40-44 	118005328.000000	61689716.000000	56315616.000000
 45-49 	115691048.000000	60219888.000000	55471160.000000
 50-54 	110053024.000000	56783960.000000	53269064.000000
 55-59 	102602696.000000	52246788.000000	50355908.000000
 60-64 	93253600.000000	46556184.000000	46697420.000000
 65-69 	78667720.000000	38561620.000000	40106100.000000
 70-74 	59777212.000000	28645826.000000	31131384.000000
 75-79 	41807040.000000	19507010.000000	22300028.000000
 80+ 	45003720.000000	20012436.000000	24991286.000000
Total	1664273536.000000	854069184.000000	810204416.000000
2050			
 0-4	103339216.000000	53679768.000000	49659448.000000
 5-9	105761272.000000	54961800.000000	50799472.000000
 10-14 	108656176.000000	56536380.000000	52119796.000000
 15-19 	112307232.000000	58577908.000000	53729320.000000
 20-24 	115367072.000000	60375192.000000	54991880.000000
 25-29 	116875888.000000	61270020.000000	55605864.000000
 30-34 	117200296.000000	61468572.000000	55731720.000000
 35-39 	116049384.000000	60806564.000000	55242816.000000
 40-44 	117508832.000000	61418836.000000	56089996.000000
 45-49 	116105600.000000	60448976.000000	55656628.000000
 50-54 	110802960.000000	57214352.000000	53588608.000000
 55-59 	103388432.000000	52725592.000000	50662840.000000
 60-64 	94340472.000000	47177468.000000	47163004.000000
 65-69 	80467744.000000	39475672.000000	40992076.000000
 70-74 	61571676.000000	29524028.000000	32047646.000000
 75-79 	43348064.000000	20224388.000000	23123678.000000
 80+ 	46189648.000000	20505404.000000	25684244.000000
Total	1669280000.000000	856390912.000000	812889024.000000
