Incidence per 1000 by age and sex			
	Vietnam		
 	Total	Male	Female
1970			
 0-4	0.000000	0.000000	0.000000
 5-9	0.000000	0.000000	0.000000
 10-14 	0.000000	0.000000	0.000000
 15-19 	0.000000	0.000000	0.000000
 20-24 	0.000000	0.000000	0.000000
 25-29 	0.000000	0.000000	0.000000
 30-34 	0.000000	0.000000	0.000000
 35-39 	0.000000	0.000000	0.000000
 40-44 	0.000000	0.000000	0.000000
 45-49 	0.000000	0.000000	0.000000
 50-54 	0.000000	0.000000	0.000000
 55-59 	0.000000	0.000000	0.000000
 60-64 	0.000000	0.000000	0.000000
 65-69 	0.000000	0.000000	0.000000
 70-74 	0.000000	0.000000	0.000000
 75-79 	0.000000	0.000000	0.000000
 80+ 	0.000000	0.000000	0.000000
Total	0.000000	0.000000	0.000000
1971			
 0-4	0.000000	0.000000	0.000000
 5-9	0.000000	0.000000	0.000000
 10-14 	0.000000	0.000000	0.000000
 15-19 	0.000000	0.000000	0.000000
 20-24 	0.000000	0.000000	0.000000
 25-29 	0.000000	0.000000	0.000000
 30-34 	0.000000	0.000000	0.000000
 35-39 	0.000000	0.000000	0.000000
 40-44 	0.000000	0.000000	0.000000
 45-49 	0.000000	0.000000	0.000000
 50-54 	0.000000	0.000000	0.000000
 55-59 	0.000000	0.000000	0.000000
 60-64 	0.000000	0.000000	0.000000
 65-69 	0.000000	0.000000	0.000000
 70-74 	0.000000	0.000000	0.000000
 75-79 	0.000000	0.000000	0.000000
 80+ 	0.000000	0.000000	0.000000
Total	0.000000	0.000000	0.000000
1972			
 0-4	0.000000	0.000000	0.000000
 5-9	0.000000	0.000000	0.000000
 10-14 	0.000000	0.000000	0.000000
 15-19 	0.000000	0.000000	0.000000
 20-24 	0.000000	0.000000	0.000000
 25-29 	0.000000	0.000000	0.000000
 30-34 	0.000000	0.000000	0.000000
 35-39 	0.000000	0.000000	0.000000
 40-44 	0.000000	0.000000	0.000000
 45-49 	0.000000	0.000000	0.000000
 50-54 	0.000000	0.000000	0.000000
 55-59 	0.000000	0.000000	0.000000
 60-64 	0.000000	0.000000	0.000000
 65-69 	0.000000	0.000000	0.000000
 70-74 	0.000000	0.000000	0.000000
 75-79 	0.000000	0.000000	0.000000
 80+ 	0.000000	0.000000	0.000000
Total	0.000000	0.000000	0.000000
1973			
 0-4	0.000000	0.000000	0.000000
 5-9	0.000000	0.000000	0.000000
 10-14 	0.000000	0.000000	0.000000
 15-19 	0.000000	0.000000	0.000000
 20-24 	0.000000	0.000000	0.000000
 25-29 	0.000000	0.000000	0.000000
 30-34 	0.000000	0.000000	0.000000
 35-39 	0.000000	0.000000	0.000000
 40-44 	0.000000	0.000000	0.000000
 45-49 	0.000000	0.000000	0.000000
 50-54 	0.000000	0.000000	0.000000
 55-59 	0.000000	0.000000	0.000000
 60-64 	0.000000	0.000000	0.000000
 65-69 	0.000000	0.000000	0.000000
 70-74 	0.000000	0.000000	0.000000
 75-79 	0.000000	0.000000	0.000000
 80+ 	0.000000	0.000000	0.000000
Total	0.000000	0.000000	0.000000
1974			
 0-4	0.000000	0.000000	0.000000
 5-9	0.000000	0.000000	0.000000
 10-14 	0.000000	0.000000	0.000000
 15-19 	0.000000	0.000000	0.000000
 20-24 	0.000000	0.000000	0.000000
 25-29 	0.000000	0.000000	0.000000
 30-34 	0.000000	0.000000	0.000000
 35-39 	0.000000	0.000000	0.000000
 40-44 	0.000000	0.000000	0.000000
 45-49 	0.000000	0.000000	0.000000
 50-54 	0.000000	0.000000	0.000000
 55-59 	0.000000	0.000000	0.000000
 60-64 	0.000000	0.000000	0.000000
 65-69 	0.000000	0.000000	0.000000
 70-74 	0.000000	0.000000	0.000000
 75-79 	0.000000	0.000000	0.000000
 80+ 	0.000000	0.000000	0.000000
Total	0.000000	0.000000	0.000000
1975			
 0-4	0.000000	0.000000	0.000000
 5-9	0.000000	0.000000	0.000000
 10-14 	0.000000	0.000000	0.000000
 15-19 	0.000000	0.000000	0.000000
 20-24 	0.000000	0.000000	0.000000
 25-29 	0.000000	0.000000	0.000000
 30-34 	0.000000	0.000000	0.000000
 35-39 	0.000000	0.000000	0.000000
 40-44 	0.000000	0.000000	0.000000
 45-49 	0.000000	0.000000	0.000000
 50-54 	0.000000	0.000000	0.000000
 55-59 	0.000000	0.000000	0.000000
 60-64 	0.000000	0.000000	0.000000
 65-69 	0.000000	0.000000	0.000000
 70-74 	0.000000	0.000000	0.000000
 75-79 	0.000000	0.000000	0.000000
 80+ 	0.000000	0.000000	0.000000
Total	0.000000	0.000000	0.000000
1976			
 0-4	0.000000	0.000000	0.000000
 5-9	0.000000	0.000000	0.000000
 10-14 	0.000000	0.000000	0.000000
 15-19 	0.000000	0.000000	0.000000
 20-24 	0.000000	0.000000	0.000000
 25-29 	0.000000	0.000000	0.000000
 30-34 	0.000000	0.000000	0.000000
 35-39 	0.000000	0.000000	0.000000
 40-44 	0.000000	0.000000	0.000000
 45-49 	0.000000	0.000000	0.000000
 50-54 	0.000000	0.000000	0.000000
 55-59 	0.000000	0.000000	0.000000
 60-64 	0.000000	0.000000	0.000000
 65-69 	0.000000	0.000000	0.000000
 70-74 	0.000000	0.000000	0.000000
 75-79 	0.000000	0.000000	0.000000
 80+ 	0.000000	0.000000	0.000000
Total	0.000000	0.000000	0.000000
1977			
 0-4	0.000000	0.000000	0.000000
 5-9	0.000000	0.000000	0.000000
 10-14 	0.000000	0.000000	0.000000
 15-19 	0.000000	0.000000	0.000000
 20-24 	0.000000	0.000000	0.000000
 25-29 	0.000000	0.000000	0.000000
 30-34 	0.000000	0.000000	0.000000
 35-39 	0.000000	0.000000	0.000000
 40-44 	0.000000	0.000000	0.000000
 45-49 	0.000000	0.000000	0.000000
 50-54 	0.000000	0.000000	0.000000
 55-59 	0.000000	0.000000	0.000000
 60-64 	0.000000	0.000000	0.000000
 65-69 	0.000000	0.000000	0.000000
 70-74 	0.000000	0.000000	0.000000
 75-79 	0.000000	0.000000	0.000000
 80+ 	0.000000	0.000000	0.000000
Total	0.000000	0.000000	0.000000
1978			
 0-4	0.000000	0.000000	0.000000
 5-9	0.000000	0.000000	0.000000
 10-14 	0.000000	0.000000	0.000000
 15-19 	0.000000	0.000000	0.000000
 20-24 	0.000000	0.000000	0.000000
 25-29 	0.000000	0.000000	0.000000
 30-34 	0.000000	0.000000	0.000000
 35-39 	0.000000	0.000000	0.000000
 40-44 	0.000000	0.000000	0.000000
 45-49 	0.000000	0.000000	0.000000
 50-54 	0.000000	0.000000	0.000000
 55-59 	0.000000	0.000000	0.000000
 60-64 	0.000000	0.000000	0.000000
 65-69 	0.000000	0.000000	0.000000
 70-74 	0.000000	0.000000	0.000000
 75-79 	0.000000	0.000000	0.000000
 80+ 	0.000000	0.000000	0.000000
Total	0.000000	0.000000	0.000000
1979			
 0-4	0.000000	0.000000	0.000000
 5-9	0.000000	0.000000	0.000000
 10-14 	0.000000	0.000000	0.000000
 15-19 	0.000000	0.000000	0.000000
 20-24 	0.000000	0.000000	0.000000
 25-29 	0.000000	0.000000	0.000000
 30-34 	0.000000	0.000000	0.000000
 35-39 	0.000000	0.000000	0.000000
 40-44 	0.000000	0.000000	0.000000
 45-49 	0.000000	0.000000	0.000000
 50-54 	0.000000	0.000000	0.000000
 55-59 	0.000000	0.000000	0.000000
 60-64 	0.000000	0.000000	0.000000
 65-69 	0.000000	0.000000	0.000000
 70-74 	0.000000	0.000000	0.000000
 75-79 	0.000000	0.000000	0.000000
 80+ 	0.000000	0.000000	0.000000
Total	0.000000	0.000000	0.000000
1980			
 0-4	0.000000	0.000000	0.000000
 5-9	0.000000	0.000000	0.000000
 10-14 	0.000000	0.000000	0.000000
 15-19 	0.000000	0.000000	0.000000
 20-24 	0.000000	0.000000	0.000000
 25-29 	0.000000	0.000000	0.000000
 30-34 	0.000000	0.000000	0.000000
 35-39 	0.000000	0.000000	0.000000
 40-44 	0.000000	0.000000	0.000000
 45-49 	0.000000	0.000000	0.000000
 50-54 	0.000000	0.000000	0.000000
 55-59 	0.000000	0.000000	0.000000
 60-64 	0.000000	0.000000	0.000000
 65-69 	0.000000	0.000000	0.000000
 70-74 	0.000000	0.000000	0.000000
 75-79 	0.000000	0.000000	0.000000
 80+ 	0.000000	0.000000	0.000000
Total	0.000000	0.000000	0.000000
1981			
 0-4	0.000000	0.000000	0.000000
 5-9	0.000000	0.000000	0.000000
 10-14 	0.000000	0.000000	0.000000
 15-19 	0.000000	0.000000	0.000000
 20-24 	0.000000	0.000000	0.000000
 25-29 	0.000000	0.000000	0.000000
 30-34 	0.000000	0.000000	0.000000
 35-39 	0.000000	0.000000	0.000000
 40-44 	0.000000	0.000000	0.000000
 45-49 	0.000000	0.000000	0.000000
 50-54 	0.000000	0.000000	0.000000
 55-59 	0.000000	0.000000	0.000000
 60-64 	0.000000	0.000000	0.000000
 65-69 	0.000000	0.000000	0.000000
 70-74 	0.000000	0.000000	0.000000
 75-79 	0.000000	0.000000	0.000000
 80+ 	0.000000	0.000000	0.000000
Total	0.000000	0.000000	0.000000
1982			
 0-4	0.000000	0.000000	0.000000
 5-9	0.000000	0.000000	0.000000
 10-14 	0.000000	0.000000	0.000000
 15-19 	0.000000	0.000000	0.000000
 20-24 	0.000000	0.000000	0.000000
 25-29 	0.000000	0.000000	0.000000
 30-34 	0.000000	0.000000	0.000000
 35-39 	0.000000	0.000000	0.000000
 40-44 	0.000000	0.000000	0.000000
 45-49 	0.000000	0.000000	0.000000
 50-54 	0.000000	0.000000	0.000000
 55-59 	0.000000	0.000000	0.000000
 60-64 	0.000000	0.000000	0.000000
 65-69 	0.000000	0.000000	0.000000
 70-74 	0.000000	0.000000	0.000000
 75-79 	0.000000	0.000000	0.000000
 80+ 	0.000000	0.000000	0.000000
Total	0.000000	0.000000	0.000000
1983			
 0-4	0.000000	0.000000	0.000000
 5-9	0.000000	0.000000	0.000000
 10-14 	0.000000	0.000000	0.000000
 15-19 	0.000000	0.000000	0.000000
 20-24 	0.000000	0.000000	0.000000
 25-29 	0.000000	0.000000	0.000000
 30-34 	0.000000	0.000000	0.000000
 35-39 	0.000000	0.000000	0.000000
 40-44 	0.000000	0.000000	0.000000
 45-49 	0.000000	0.000000	0.000000
 50-54 	0.000000	0.000000	0.000000
 55-59 	0.000000	0.000000	0.000000
 60-64 	0.000000	0.000000	0.000000
 65-69 	0.000000	0.000000	0.000000
 70-74 	0.000000	0.000000	0.000000
 75-79 	0.000000	0.000000	0.000000
 80+ 	0.000000	0.000000	0.000000
Total	0.000000	0.000000	0.000000
1984			
 0-4	0.000001	0.000001	0.000001
 5-9	0.000000	0.000000	0.000000
 10-14 	0.000000	0.000000	0.000000
 15-19 	0.000036	0.000062	0.000010
 20-24 	0.000112	0.000201	0.000023
 25-29 	0.000139	0.000255	0.000024
 30-34 	0.000136	0.000253	0.000020
 35-39 	0.000114	0.000219	0.000016
 40-44 	0.000089	0.000171	0.000013
 45-49 	0.000065	0.000126	0.000010
 50-54 	0.000047	0.000092	0.000008
 55-59 	0.000036	0.000072	0.000006
 60-64 	0.000032	0.000066	0.000004
 65-69 	0.000032	0.000068	0.000003
 70-74 	0.000029	0.000065	0.000004
 75-79 	0.000017	0.000043	0.000001
 80+ 	0.000000	0.000000	0.000000
Total	0.000050	0.000093	0.000009
1985			
 0-4	0.000002	0.000002	0.000002
 5-9	0.000000	0.000000	0.000000
 10-14 	0.000000	0.000000	0.000000
 15-19 	0.000036	0.000060	0.000013
 20-24 	0.000112	0.000194	0.000029
 25-29 	0.000138	0.000246	0.000030
 30-34 	0.000135	0.000245	0.000025
 35-39 	0.000113	0.000212	0.000021
 40-44 	0.000088	0.000166	0.000016
 45-49 	0.000064	0.000122	0.000013
 50-54 	0.000047	0.000089	0.000010
 55-59 	0.000036	0.000070	0.000007
 60-64 	0.000032	0.000064	0.000005
 65-69 	0.000031	0.000065	0.000004
 70-74 	0.000029	0.000063	0.000005
 75-79 	0.000017	0.000042	0.000001
 80+ 	0.000000	0.000000	0.000000
Total	0.000051	0.000091	0.000011
1986			
 0-4	0.000003	0.000003	0.000003
 5-9	0.000000	0.000000	0.000000
 10-14 	0.000000	0.000000	0.000000
 15-19 	0.000072	0.000121	0.000021
 20-24 	0.000222	0.000393	0.000048
 25-29 	0.000274	0.000499	0.000050
 30-34 	0.000268	0.000495	0.000042
 35-39 	0.000226	0.000430	0.000034
 40-44 	0.000174	0.000336	0.000027
 45-49 	0.000128	0.000246	0.000022
 50-54 	0.000093	0.000179	0.000017
 55-59 	0.000072	0.000142	0.000012
 60-64 	0.000063	0.000129	0.000008
 65-69 	0.000062	0.000132	0.000007
 70-74 	0.000058	0.000128	0.000009
 75-79 	0.000033	0.000086	0.000002
 80+ 	0.000000	0.000000	0.000000
Total	0.000102	0.000187	0.000019
1987			
 0-4	0.000006	0.000006	0.000006
 5-9	0.000000	0.000000	0.000000
 10-14 	0.000000	0.000000	0.000000
 15-19 	0.000143	0.000238	0.000046
 20-24 	0.000441	0.000774	0.000104
 25-29 	0.000545	0.000983	0.000107
 30-34 	0.000531	0.000975	0.000091
 35-39 	0.000452	0.000848	0.000074
 40-44 	0.000346	0.000661	0.000059
 45-49 	0.000255	0.000486	0.000047
 50-54 	0.000184	0.000352	0.000036
 55-59 	0.000143	0.000279	0.000026
 60-64 	0.000125	0.000255	0.000018
 65-69 	0.000123	0.000260	0.000016
 70-74 	0.000115	0.000252	0.000018
 75-79 	0.000066	0.000169	0.000004
 80+ 	0.000000	0.000000	0.000000
Total	0.000205	0.000373	0.000042
1988			
 0-4	0.000013	0.000013	0.000013
 5-9	0.000000	0.000000	0.000000
 10-14 	0.000000	0.000000	0.000000
 15-19 	0.000319	0.000534	0.000100
 20-24 	0.000987	0.001737	0.000228
 25-29 	0.001220	0.002204	0.000234
 30-34 	0.001189	0.002187	0.000199
 35-39 	0.001016	0.001901	0.000161
 40-44 	0.000775	0.001486	0.000129
 45-49 	0.000570	0.001090	0.000103
 50-54 	0.000412	0.000790	0.000078
 55-59 	0.000319	0.000625	0.000056
 60-64 	0.000279	0.000572	0.000039
 65-69 	0.000275	0.000584	0.000034
 70-74 	0.000258	0.000565	0.000040
 75-79 	0.000148	0.000378	0.000009
 80+ 	0.000000	0.000000	0.000000
Total	0.000463	0.000846	0.000092
1989			
 0-4	0.000028	0.000028	0.000028
 5-9	0.000000	0.000000	0.000000
 10-14 	0.000000	0.000000	0.000000
 15-19 	0.000704	0.001182	0.000216
 20-24 	0.002185	0.003855	0.000494
 25-29 	0.002703	0.004892	0.000506
 30-34 	0.002630	0.004852	0.000431
 35-39 	0.002256	0.004214	0.000349
 40-44 	0.001723	0.003305	0.000280
 45-49 	0.001263	0.002421	0.000223
 50-54 	0.000911	0.001755	0.000170
 55-59 	0.000706	0.001386	0.000122
 60-64 	0.000619	0.001269	0.000085
 65-69 	0.000607	0.001296	0.000074
 70-74 	0.000573	0.001253	0.000087
 75-79 	0.000328	0.000837	0.000020
 80+ 	0.000000	0.000000	0.000000
Total	0.001036	0.001897	0.000200
1990			
 0-4	0.000058	0.000058	0.000057
 5-9	0.000000	0.000000	0.000000
 10-14 	0.000000	0.000000	0.000000
 15-19 	0.001476	0.002486	0.000448
 20-24 	0.004579	0.008092	0.001022
 25-29 	0.005662	0.010261	0.001046
 30-34 	0.005506	0.010176	0.000890
 35-39 	0.004729	0.008828	0.000720
 40-44 	0.003633	0.006953	0.000579
 45-49 	0.002645	0.005080	0.000461
 50-54 	0.001909	0.003683	0.000351
 55-59 	0.001476	0.002903	0.000251
 60-64 	0.001298	0.002663	0.000176
 65-69 	0.001268	0.002719	0.000153
 70-74 	0.001200	0.002630	0.000181
 75-79 	0.000687	0.001747	0.000041
 80+ 	0.000000	0.000000	0.000000
Total	0.002190	0.004016	0.000416
1991			
 0-4	0.000121	0.000121	0.000120
 5-9	0.000000	0.000000	0.000000
 10-14 	0.000000	0.000000	0.000000
 15-19 	0.003165	0.005333	0.000954
 20-24 	0.009789	0.017314	0.002173
 25-29 	0.012110	0.021956	0.002225
 30-34 	0.011769	0.021767	0.001892
 35-39 	0.010109	0.018870	0.001530
 40-44 	0.007824	0.014910	0.001234
 45-49 	0.005655	0.010875	0.000981
 50-54 	0.004083	0.007887	0.000748
 55-59 	0.003150	0.006204	0.000532
 60-64 	0.002779	0.005697	0.000375
 65-69 	0.002708	0.005818	0.000325
 70-74 	0.002565	0.005631	0.000385
 75-79 	0.001469	0.003724	0.000085
 80+ 	0.000000	0.000000	0.000000
Total	0.004722	0.008667	0.000889
1992			
 0-4	0.000244	0.000246	0.000242
 5-9	0.000000	0.000000	0.000000
 10-14 	0.000000	0.000000	0.000000
 15-19 	0.006501	0.010977	0.001933
 20-24 	0.020073	0.035570	0.004395
 25-29 	0.024860	0.045134	0.004502
 30-34 	0.024157	0.044737	0.003827
 35-39 	0.020733	0.038764	0.003094
 40-44 	0.016162	0.030669	0.002498
 45-49 	0.011603	0.022369	0.001985
 50-54 	0.008387	0.016226	0.001515
 55-59 	0.006455	0.012743	0.001074
 60-64 	0.005708	0.011711	0.000760
 65-69 	0.005558	0.011959	0.000658
 70-74 	0.005254	0.011578	0.000781
 75-79 	0.003020	0.007637	0.000171
 80+ 	0.000000	0.000000	0.000000
Total	0.009769	0.017963	0.001806
1993			
 0-4	0.000478	0.000481	0.000475
 5-9	0.000000	0.000000	0.000000
 10-14 	0.000000	0.000000	0.000000
 15-19 	0.013144	0.022273	0.003819
 20-24 	0.040603	0.072163	0.008686
 25-29 	0.050356	0.091636	0.008899
 30-34 	0.048948	0.090817	0.007564
 35-39 	0.041957	0.078669	0.006115
 40-44 	0.032885	0.062216	0.004937
 45-49 	0.023526	0.045484	0.003928
 50-54 	0.016995	0.032964	0.002996
 55-59 	0.013058	0.025868	0.002123
 60-64 	0.011566	0.023774	0.001501
 65-69 	0.011267	0.024279	0.001302
 70-74 	0.010604	0.023502	0.001545
 75-79 	0.006146	0.015503	0.000339
 80+ 	0.000000	0.000000	0.000000
Total	0.019946	0.036774	0.003588
1994			
 0-4	0.000915	0.000921	0.000910
 5-9	0.000000	0.000000	0.000000
 10-14 	0.000000	0.000000	0.000000
 15-19 	0.025886	0.043887	0.007476
 20-24 	0.080079	0.142450	0.017027
 25-29 	0.099365	0.180942	0.017443
 30-34 	0.096617	0.179297	0.014824
 35-39 	0.082697	0.155268	0.011980
 40-44 	0.065023	0.122654	0.009670
 45-49 	0.046620	0.090062	0.007713
 50-54 	0.033540	0.065110	0.005877
 55-59 	0.025747	0.051087	0.004164
 60-64 	0.022810	0.046932	0.002937
 65-69 	0.022249	0.047929	0.002551
 70-74 	0.020845	0.046380	0.003025
 75-79 	0.012186	0.030668	0.000675
 80+ 	0.000000	0.000000	0.000000
Total	0.039698	0.073261	0.007070
1995			
 0-4	0.001707	0.001716	0.001696
 5-9	0.000000	0.000000	0.000000
 10-14 	0.000000	0.000000	0.000000
 15-19 	0.048517	0.082175	0.014044
 20-24 	0.150515	0.267635	0.032061
 25-29 	0.186526	0.339753	0.032824
 30-34 	0.181484	0.336587	0.027895
 35-39 	0.155138	0.291354	0.022532
 40-44 	0.122115	0.229893	0.018183
 45-49 	0.088158	0.169673	0.014545
 50-54 	0.062972	0.122283	0.011067
 55-59 	0.048328	0.095945	0.007845
 60-64 	0.042783	0.088092	0.005515
 65-69 	0.041801	0.089959	0.004798
 70-74 	0.039017	0.087015	0.005683
 75-79 	0.022964	0.057737	0.001296
 80+ 	0.000000	0.000000	0.000000
Total	0.075262	0.138909	0.013392
1996			
 0-4	0.003117	0.003135	0.003099
 5-9	0.000000	0.000000	0.000000
 10-14 	0.000000	0.000000	0.000000
 15-19 	0.083138	0.139469	0.025363
 20-24 	0.257967	0.455640	0.058022
 25-29 	0.318959	0.577989	0.059372
 30-34 	0.310321	0.572569	0.050449
 35-39 	0.264987	0.495412	0.040732
 40-44 	0.208545	0.390534	0.032863
 45-49 	0.151887	0.289372	0.026351
 50-54 	0.107727	0.208117	0.020032
 55-59 	0.082655	0.163279	0.014203
 60-64 	0.073005	0.149835	0.009955
 65-69 	0.071432	0.152996	0.008670
 70-74 	0.066571	0.147918	0.010255
 75-79 	0.039207	0.098458	0.002375
 80+ 	0.000000	0.000000	0.000000
Total	0.130080	0.238817	0.024404
1997			
 0-4	0.005462	0.005492	0.005431
 5-9	0.000000	0.000000	0.000000
 10-14 	0.000000	0.000000	0.000000
 15-19 	0.121292	0.198988	0.041494
 20-24 	0.374924	0.651520	0.095066
 25-29 	0.461890	0.826165	0.097267
 30-34 	0.448930	0.818450	0.082634
 35-39 	0.383029	0.707933	0.066694
 40-44 	0.301178	0.557746	0.053805
 45-49 	0.221291	0.413918	0.043191
 50-54 	0.156129	0.297645	0.032836
 55-59 	0.119770	0.233479	0.023288
 60-64 	0.105341	0.214156	0.016289
 65-69 	0.103154	0.218661	0.014193
 70-74 	0.096300	0.211324	0.016767
 75-79 	0.056242	0.140880	0.003909
 80+ 	0.000000	0.000000	0.000000
Total	0.190518	0.345120	0.040323
1998			
 0-4	0.008939	0.008986	0.008890
 5-9	0.000000	0.000000	0.000000
 10-14 	0.000000	0.000000	0.000000
 15-19 	0.150631	0.238164	0.060612
 20-24 	0.461747	0.780600	0.138974
 25-29 	0.566037	0.990059	0.142234
 30-34 	0.548967	0.980873	0.120812
 35-39 	0.468079	0.848235	0.097484
 40-44 	0.367694	0.668068	0.078635
 45-49 	0.272132	0.495587	0.063124
 50-54 	0.191887	0.357213	0.048063
 55-59 	0.146848	0.279895	0.034075
 60-64 	0.128414	0.256640	0.023812
 65-69 	0.125707	0.262050	0.020751
 70-74 	0.117995	0.253234	0.024500
 75-79 	0.067685	0.168672	0.005688
 80+ 	0.000000	0.000000	0.000000
Total	0.236243	0.418237	0.059517
1999			
 0-4	0.013478	0.013545	0.013406
 5-9	0.000000	0.000000	0.000000
 10-14 	0.000000	0.000000	0.000000
 15-19 	0.168126	0.253205	0.080525
 20-24 	0.509203	0.829648	0.184615
 25-29 	0.620527	1.052945	0.189023
 30-34 	0.599853	1.043131	0.160526
 35-39 	0.511221	0.901935	0.129516
 40-44 	0.401368	0.710116	0.104444
 45-49 	0.298550	0.526122	0.083806
 50-54 	0.211635	0.380947	0.064001
 55-59 	0.160928	0.297748	0.045313
 60-64 	0.139836	0.272940	0.031656
 65-69 	0.136676	0.278736	0.027590
 70-74 	0.129340	0.269428	0.032577
 75-79 	0.072371	0.178912	0.007453
 80+ 	0.000000	0.000000	0.000000
Total	0.262149	0.449937	0.079891
2000			
 0-4	0.018857	0.018949	0.018761
 5-9	0.000000	0.000000	0.000000
 10-14 	0.000000	0.000000	0.000000
 15-19 	0.177535	0.254663	0.098035
 20-24 	0.530910	0.833211	0.224569
 25-29 	0.643560	1.058451	0.229994
 30-34 	0.619644	1.048316	0.195304
 35-39 	0.528170	0.906342	0.157580
 40-44 	0.414614	0.713236	0.127016
 45-49 	0.309250	0.527812	0.101880
 50-54 	0.221211	0.384181	0.078083
 55-59 	0.166629	0.299370	0.055190
 60-64 	0.143985	0.274342	0.038549
 65-69 	0.140417	0.280226	0.033608
 70-74 	0.134016	0.271009	0.039714
 75-79 	0.073092	0.179207	0.008910
 80+ 	0.000000	0.000000	0.000000
Total	0.275161	0.457541	0.098261
2001			
 0-4	0.024874	0.024992	0.024749
 5-9	0.000000	0.000000	0.000000
 10-14 	0.000000	0.000000	0.000000
 15-19 	0.184622	0.254970	0.112040
 20-24 	0.546294	0.832304	0.256287
 25-29 	0.659440	1.058206	0.262532
 30-34 	0.633145	1.047900	0.222973
 35-39 	0.539798	0.905842	0.179879
 40-44 	0.423836	0.712505	0.144920
 45-49 	0.316444	0.526779	0.116204
 50-54 	0.228326	0.384978	0.089324
 55-59 	0.170440	0.299402	0.063072
 60-64 	0.146649	0.274252	0.044043
 65-69 	0.142745	0.280191	0.038428
 70-74 	0.137188	0.271134	0.045459
 75-79 	0.073248	0.178552	0.010035
 80+ 	0.000000	0.000000	0.000000
Total	0.285386	0.462764	0.113439
2002			
 0-4	0.018092	0.018179	0.018001
 5-9	0.000000	0.000000	0.000000
 10-14 	0.000000	0.000000	0.000000
 15-19 	0.180903	0.238443	0.121486
 20-24 	0.528668	0.776190	0.277419
 25-29 	0.634872	0.987500	0.284238
 30-34 	0.607433	0.977883	0.241479
 35-39 	0.517716	0.845149	0.194753
 40-44 	0.406908	0.664554	0.156848
 45-49 	0.304067	0.491073	0.125742
 50-54 	0.221118	0.359500	0.096785
 55-59 	0.163841	0.279542	0.068361
 60-64 	0.140203	0.255933	0.047724
 65-69 	0.136142	0.261504	0.041659
 70-74 	0.131866	0.253124	0.049300
 75-79 	0.068830	0.166231	0.010775
 80+ 	0.000000	0.000000	0.000000
Total	0.277050	0.435827	0.123200
2003			
 0-4	0.022082	0.022207	0.021949
 5-9	0.000000	0.000000	0.000000
 10-14 	0.000000	0.000000	0.000000
 15-19 	0.183254	0.236435	0.128292
 20-24 	0.532035	0.767671	0.292473
 25-29 	0.637355	0.977002	0.299727
 30-34 	0.608786	0.967645	0.254698
 35-39 	0.518953	0.836102	0.205348
 40-44 	0.408263	0.657293	0.165342
 45-49 	0.304922	0.485567	0.132525
 50-54 	0.222680	0.355397	0.102003
 55-59 	0.164439	0.276865	0.072199
 60-64 	0.140126	0.253231	0.050355
 65-69 	0.135912	0.258744	0.043945
 70-74 	0.132066	0.250384	0.051970
 75-79 	0.068316	0.164443	0.011377
 80+ 	0.000000	0.000000	0.000000
Total	0.281126	0.435820	0.131262
2004			
 0-4	0.025797	0.025990	0.025590
 5-9	0.000000	0.000000	0.000000
 10-14 	0.000000	0.000000	0.000000
 15-19 	0.177609	0.223650	0.129972
 20-24 	0.512337	0.724811	0.295900
 25-29 	0.612010	0.922420	0.303279
 30-34 	0.583393	0.913757	0.257714
 35-39 	0.497177	0.789343	0.207732
 40-44 	0.391617	0.620460	0.167249
 45-49 	0.292411	0.458204	0.134005
 50-54 	0.214067	0.335042	0.103080
 55-59 	0.158290	0.261888	0.073240
 60-64 	0.133870	0.239120	0.050977
 65-69 	0.129727	0.244312	0.044456
 70-74 	0.126376	0.236219	0.052485
 75-79 	0.065051	0.155654	0.011676
 80+ 	0.000000	0.000000	0.000000
Total	0.272754	0.415799	0.134161
2005			
 0-4	0.027540	0.027795	0.027269
 5-9	0.000000	0.000000	0.000000
 10-14 	0.000000	0.000000	0.000000
 15-19 	0.169403	0.209163	0.128197
 20-24 	0.486219	0.676948	0.291481
 25-29 	0.579419	0.861177	0.298757
 30-34 	0.551366	0.853089	0.253767
 35-39 	0.469506	0.736776	0.204549
 40-44 	0.370383	0.579168	0.164698
 45-49 	0.276492	0.427497	0.131891
 50-54 	0.202601	0.312307	0.101397
 55-59 	0.150539	0.245020	0.072366
 60-64 	0.126136	0.223286	0.050248
 65-69 	0.122178	0.228113	0.043776
 70-74 	0.119124	0.220276	0.051530
 75-79 	0.061325	0.145931	0.011721
 80+ 	0.000000	0.000000	0.000000
Total	0.260648	0.391988	0.133325
2006			
 0-4	0.026696	0.026966	0.026406
 5-9	0.000000	0.000000	0.000000
 10-14 	0.000000	0.000000	0.000000
 15-19 	0.155136	0.185189	0.123924
 20-24 	0.441640	0.598346	0.281276
 25-29 	0.524291	0.760696	0.288263
 30-34 	0.497460	0.753534	0.244744
 35-39 	0.423188	0.650838	0.197331
 40-44 	0.334244	0.511521	0.158869
 45-49 	0.249761	0.377388	0.127154
 50-54 	0.183166	0.275513	0.097710
 55-59 	0.136877	0.216748	0.069981
 60-64 	0.113471	0.197278	0.048517
 65-69 	0.109763	0.201519	0.042213
 70-74 	0.107276	0.194323	0.049495
 75-79 	0.054927	0.129405	0.011442
 80+ 	0.000000	0.000000	0.000000
Total	0.237813	0.349393	0.129554
2007			
 0-4	0.029182	0.029461	0.028880
 5-9	0.000000	0.000000	0.000000
 10-14 	0.000000	0.000000	0.000000
 15-19 	0.138397	0.159143	0.116795
 20-24 	0.390011	0.512552	0.264363
 25-29 	0.461119	0.651120	0.270870
 30-34 	0.436188	0.644999	0.229913
 35-39 	0.370638	0.557216	0.185436
 40-44 	0.292994	0.437796	0.149252
 45-49 	0.219319	0.322893	0.119409
 50-54 	0.160946	0.235645	0.091730
 55-59 	0.120846	0.185604	0.065801
 60-64 	0.099227	0.168895	0.045621
 65-69 	0.095822	0.172507	0.039644
 70-74 	0.093978	0.166195	0.046348
 75-79 	0.047633	0.110972	0.010779
 80+ 	0.000000	0.000000	0.000000
Total	0.211087	0.301969	0.122818
2008			
 0-4	0.022948	0.023138	0.022741
 5-9	0.000000	0.000000	0.000000
 10-14 	0.000000	0.000000	0.000000
 15-19 	0.130557	0.151365	0.108830
 20-24 	0.366435	0.484518	0.245159
 25-29 	0.433508	0.615076	0.251130
 30-34 	0.410144	0.609345	0.213154
 35-39 	0.348574	0.526537	0.171953
 40-44 	0.275597	0.413519	0.138355
 45-49 	0.206269	0.304920	0.110663
 50-54 	0.151142	0.222484	0.084986
 55-59 	0.113871	0.175238	0.060956
 60-64 	0.093222	0.159574	0.042350
 65-69 	0.089961	0.162962	0.036739
 70-74 	0.088100	0.156968	0.042918
 75-79 	0.044683	0.104669	0.009892
 80+ 	0.000000	0.000000	0.000000
Total	0.199302	0.286868	0.114161
2009			
 0-4	0.021035	0.021189	0.020866
 5-9	0.000000	0.000000	0.000000
 10-14 	0.000000	0.000000	0.000000
 15-19 	0.123056	0.144318	0.100797
 20-24 	0.343222	0.457672	0.225491
 25-29 	0.406464	0.580694	0.230918
 30-34 	0.384719	0.575352	0.196035
 35-39 	0.326922	0.497191	0.158125
 40-44 	0.258497	0.390320	0.127201
 45-49 	0.193512	0.287785	0.101733
 50-54 	0.141571	0.209923	0.078089
 55-59 	0.106890	0.165277	0.055964
 60-64 	0.087587	0.150685	0.039027
 65-69 	0.084258	0.153851	0.033770
 70-74 	0.082488	0.148236	0.039479
 75-79 	0.041644	0.098337	0.008868
 80+ 	0.000000	0.000000	0.000000
Total	0.187786	0.272431	0.105402
2010			
 0-4	0.018176	0.018297	0.018043
 5-9	0.000000	0.000000	0.000000
 10-14 	0.000000	0.000000	0.000000
 15-19 	0.116992	0.138819	0.094091
 20-24 	0.323886	0.435531	0.208865
 25-29 	0.383912	0.552312	0.213800
 30-34 	0.363508	0.547293	0.181556
 35-39 	0.308709	0.472756	0.146370
 40-44 	0.244047	0.371053	0.117746
 45-49 	0.182868	0.273618	0.094178
 50-54 	0.133609	0.199502	0.072236
 55-59 	0.101001	0.157026	0.051729
 60-64 	0.083110	0.143339	0.036228
 65-69 	0.079509	0.146320	0.031255
 70-74 	0.077891	0.141042	0.036583
 75-79 	0.039005	0.092884	0.007944
 80+ 	0.000000	0.000000	0.000000
Total	0.177934	0.260254	0.097760
2011			
 0-4	0.015853	0.015948	0.015749
 5-9	0.000000	0.000000	0.000000
 10-14 	0.000000	0.000000	0.000000
 15-19 	0.111144	0.132552	0.088638
 20-24 	0.305664	0.412304	0.195587
 25-29 	0.362256	0.522439	0.200073
 30-34 	0.343030	0.517724	0.169949
 35-39 	0.290973	0.447041	0.136940
 40-44 	0.230087	0.350930	0.110192
 45-49 	0.172568	0.258724	0.088128
 50-54 	0.126030	0.188563	0.067545
 55-59 	0.095306	0.148391	0.048338
 60-64 	0.078845	0.135581	0.033963
 65-69 	0.074905	0.138388	0.029237
 70-74 	0.073548	0.133471	0.034285
 75-79 	0.036473	0.087262	0.007242
 80+ 	0.000000	0.000000	0.000000
Total	0.168235	0.246981	0.091492
2012			
 0-4	0.016384	0.016465	0.016293
 5-9	0.000000	0.000000	0.000000
 10-14 	0.000000	0.000000	0.000000
 15-19 	0.104135	0.124715	0.082461
 20-24 	0.286328	0.387331	0.181829
 25-29 	0.339068	0.490145	0.185814
 30-34 	0.321167	0.485729	0.157881
 35-39 	0.272106	0.419326	0.127176
 40-44 	0.215204	0.329278	0.102369
 45-49 	0.161511	0.242653	0.081852
 50-54 	0.117983	0.176798	0.062699
 55-59 	0.089203	0.139128	0.044848
 60-64 	0.074234	0.127184	0.031559
 65-69 	0.070004	0.129813	0.027143
 70-74 	0.068910	0.125270	0.031893
 75-79 	0.033985	0.081525	0.006638
 80+ 	0.000000	0.000000	0.000000
Total	0.157799	0.232407	0.085039
2013			
 0-4	0.015156	0.015207	0.015100
 5-9	0.000000	0.000000	0.000000
 10-14 	0.000000	0.000000	0.000000
 15-19 	0.094675	0.112478	0.075896
 20-24 	0.261650	0.351722	0.168230
 25-29 	0.308954	0.444080	0.171654
 30-34 	0.292571	0.440074	0.145884
 35-39 	0.247564	0.379931	0.117508
 40-44 	0.195783	0.298419	0.094604
 45-49 	0.147063	0.219793	0.075621
 50-54 	0.107561	0.160110	0.057906
 55-59 	0.081265	0.125995	0.041400
 60-64 	0.067925	0.115215	0.029137
 65-69 	0.063673	0.117585	0.025064
 70-74 	0.062844	0.113529	0.029500
 75-79 	0.030848	0.073801	0.006119
 80+ 	0.000000	0.000000	0.000000
Total	0.143777	0.210813	0.078359
2014			
 0-4	0.007312	0.007322	0.007302
 5-9	0.000000	0.000000	0.000000
 10-14 	0.000000	0.000000	0.000000
 15-19 	0.087388	0.103551	0.070315
 20-24 	0.243960	0.327492	0.157114
 25-29 	0.287202	0.412191	0.159986
 30-34 	0.272027	0.408455	0.135988
 35-39 	0.230001	0.352725	0.109561
 40-44 	0.181776	0.277035	0.088195
 45-49 	0.136601	0.203945	0.070482
 50-54 	0.100038	0.148556	0.053963
 55-59 	0.075537	0.116895	0.038555
 60-64 	0.063359	0.106927	0.027125
 65-69 	0.059262	0.109102	0.023345
 70-74 	0.058427	0.105400	0.027528
 75-79 	0.028740	0.068598	0.005738
 80+ 	0.000000	0.000000	0.000000
Total	0.132860	0.195003	0.072180
2015			
 0-4	0.005239	0.005236	0.005243
 5-9	0.000000	0.000000	0.000000
 10-14 	0.000000	0.000000	0.000000
 15-19 	0.085404	0.100102	0.069861
 20-24 	0.240369	0.320100	0.157281
 25-29 	0.281887	0.401573	0.159826
 30-34 	0.266879	0.397889	0.135863
 35-39 	0.225505	0.343728	0.109497
 40-44 	0.178016	0.269783	0.088097
 45-49 	0.133825	0.198563	0.070404
 50-54 	0.098210	0.144670	0.053905
 55-59 	0.074123	0.113821	0.038477
 60-64 	0.062254	0.104157	0.027064
 65-69 	0.058310	0.106246	0.023296
 70-74 	0.057337	0.102711	0.027540
 75-79 	0.028224	0.066963	0.005791
 80+ 	0.000000	0.000000	0.000000
Total	0.129796	0.189470	0.071495
2016			
 0-4	0.004230	0.004222	0.004240
 5-9	0.000000	0.000000	0.000000
 10-14 	0.000000	0.000000	0.000000
 15-19 	0.080672	0.095196	0.065303
 20-24 	0.228978	0.306726	0.147783
 25-29 	0.268222	0.383916	0.149955
 30-34 	0.254070	0.380317	0.127479
 35-39 	0.214705	0.328669	0.102779
 40-44 	0.169210	0.257796	0.082647
 45-49 	0.127220	0.189791	0.066067
 50-54 	0.093443	0.138251	0.050578
 55-59 	0.070548	0.108758	0.036070
 60-64 	0.059363	0.099561	0.025368
 65-69 	0.055820	0.101537	0.021829
 70-74 	0.054517	0.098222	0.025879
 75-79 	0.027058	0.064159	0.005491
 80+ 	0.000000	0.000000	0.000000
Total	0.122853	0.180503	0.066505
2017			
 0-4	0.002932	0.002924	0.002941
 5-9	0.000000	0.000000	0.000000
 10-14 	0.000000	0.000000	0.000000
 15-19 	0.075579	0.088248	0.062164
 20-24 	0.215255	0.285958	0.141269
 25-29 	0.251943	0.357922	0.143318
 30-34 	0.238442	0.354455	0.121849
 35-39 	0.201506	0.306424	0.098277
 40-44 	0.158605	0.240257	0.079001
 45-49 	0.119328	0.176949	0.063173
 50-54 	0.087741	0.128835	0.048351
 55-59 	0.066276	0.101343	0.034458
 60-64 	0.055732	0.092801	0.024232
 65-69 	0.052678	0.094639	0.020853
 70-74 	0.051192	0.091600	0.024777
 75-79 	0.025433	0.059933	0.005300
 80+ 	0.000000	0.000000	0.000000
Total	0.114605	0.167470	0.062915
2018			
 0-4	0.002746	0.002739	0.002754
 5-9	0.000000	0.000000	0.000000
 10-14 	0.000000	0.000000	0.000000
 15-19 	0.072905	0.085685	0.059359
 20-24 	0.209102	0.279330	0.135482
 25-29 	0.245435	0.350395	0.137559
 30-34 	0.232310	0.346841	0.116981
 35-39 	0.196450	0.299924	0.094382
 40-44 	0.154436	0.235164	0.075867
 45-49 	0.116145	0.173239	0.060680
 50-54 	0.085417	0.126060	0.046427
 55-59 	0.064604	0.099155	0.033072
 60-64 	0.054356	0.090815	0.023253
 65-69 	0.051671	0.092626	0.020026
 70-74 	0.049893	0.089725	0.023833
 75-79 	0.024929	0.058747	0.005136
 80+ 	0.000000	0.000000	0.000000
Total	0.110865	0.163066	0.059812
2019			
 0-4	0.002545	0.002538	0.002552
 5-9	0.000000	0.000000	0.000000
 10-14 	0.000000	0.000000	0.000000
 15-19 	0.070840	0.084068	0.056791
 20-24 	0.204529	0.275482	0.130035
 25-29 	0.240956	0.346558	0.132132
 30-34 	0.228140	0.342844	0.112414
 35-39 	0.193062	0.296510	0.090719
 40-44 	0.151634	0.232567	0.072938
 45-49 	0.113907	0.171299	0.058332
 50-54 	0.083769	0.124587	0.044618
 55-59 	0.063469	0.098003	0.031778
 60-64 	0.053447	0.089774	0.022333
 65-69 	0.051047	0.091584	0.019260
 70-74 	0.049142	0.088836	0.022962
 75-79 	0.024626	0.058150	0.004981
 80+ 	0.000000	0.000000	0.000000
Total	0.108016	0.160284	0.056893
2020			
 0-4	0.002382	0.002375	0.002389
 5-9	0.000000	0.000000	0.000000
 10-14 	0.000000	0.000000	0.000000
 15-19 	0.068989	0.082699	0.054373
 20-24 	0.200073	0.271829	0.124648
 25-29 	0.236514	0.342810	0.126710
 30-34 	0.224029	0.338936	0.107850
 35-39 	0.189696	0.293139	0.087053
 40-44 	0.148909	0.230047	0.070014
 45-49 	0.111649	0.169294	0.055962
 50-54 	0.082084	0.123114	0.042804
 55-59 	0.062335	0.096876	0.030488
 60-64 	0.052563	0.088756	0.021412
 65-69 	0.050359	0.090566	0.018494
 70-74 	0.048546	0.088002	0.022116
 75-79 	0.024319	0.057587	0.004831
 80+ 	0.000000	0.000000	0.000000
Total	0.105194	0.157508	0.054029
2021			
 0-4	0.002256	0.002250	0.002263
 5-9	0.000000	0.000000	0.000000
 10-14 	0.000000	0.000000	0.000000
 15-19 	0.069253	0.082849	0.054683
 20-24 	0.200674	0.272371	0.125250
 25-29 	0.237624	0.344130	0.127364
 30-34 	0.225033	0.340078	0.108429
 35-39 	0.190570	0.294117	0.087540
 40-44 	0.149605	0.230948	0.070432
 45-49 	0.111987	0.169816	0.056265
 50-54 	0.082374	0.123535	0.043048
 55-59 	0.062639	0.097198	0.030658
 60-64 	0.052856	0.089065	0.021517
 65-69 	0.050711	0.090898	0.018615
 70-74 	0.049171	0.088454	0.022334
 75-79 	0.024483	0.057913	0.004916
 80+ 	0.000000	0.000000	0.000000
Total	0.104846	0.157067	0.053777
2022			
 0-4	0.002143	0.002137	0.002150
 5-9	0.000000	0.000000	0.000000
 10-14 	0.000000	0.000000	0.000000
 15-19 	0.069651	0.083215	0.055025
 20-24 	0.201286	0.272992	0.125806
 25-29 	0.238806	0.345566	0.128064
 30-34 	0.226143	0.341421	0.108981
 35-39 	0.191507	0.295276	0.088015
 40-44 	0.150402	0.231988	0.070841
 45-49 	0.112417	0.170497	0.056572
 50-54 	0.082718	0.124079	0.043301
 55-59 	0.062957	0.097590	0.030828
 60-64 	0.053191	0.089434	0.021626
 65-69 	0.051051	0.091286	0.018732
 70-74 	0.049788	0.088871	0.022505
 75-79 	0.024666	0.058304	0.004995
 80+ 	0.000000	0.000000	0.000000
Total	0.104555	0.156733	0.053541
2023			
 0-4	0.002047	0.002040	0.002055
 5-9	0.000000	0.000000	0.000000
 10-14 	0.000000	0.000000	0.000000
 15-19 	0.070051	0.083632	0.055314
 20-24 	0.201855	0.273567	0.126292
 25-29 	0.240005	0.347036	0.128780
 30-34 	0.227267	0.342852	0.109459
 35-39 	0.192469	0.296551	0.088458
 40-44 	0.151249	0.233097	0.071223
 45-49 	0.112927	0.171309	0.056875
 50-54 	0.083084	0.124690	0.043545
 55-59 	0.063272	0.098024	0.030988
 60-64 	0.053546	0.089840	0.021732
 65-69 	0.051383	0.091708	0.018837
 70-74 	0.050324	0.089232	0.022613
 75-79 	0.024977	0.058860	0.005110
 80+ 	0.000000	0.000000	0.000000
Total	0.104310	0.156489	0.053314
2024			
 0-4	0.001968	0.001960	0.001976
 5-9	0.000000	0.000000	0.000000
 10-14 	0.000000	0.000000	0.000000
 15-19 	0.070430	0.084057	0.055555
 20-24 	0.202549	0.274302	0.126776
 25-29 	0.241198	0.348558	0.129461
 30-34 	0.228351	0.344301	0.109848
 35-39 	0.193447	0.297897	0.088858
 40-44 	0.152098	0.234217	0.071563
 45-49 	0.113487	0.172199	0.057160
 50-54 	0.083435	0.125305	0.043760
 55-59 	0.063568	0.098474	0.031130
 60-64 	0.053902	0.090265	0.021830
 65-69 	0.051721	0.092149	0.018932
 70-74 	0.050764	0.089565	0.022682
 75-79 	0.025506	0.059636	0.005289
 80+ 	0.000000	0.000000	0.000000
Total	0.104107	0.156327	0.053095
2025			
 0-4	0.001904	0.001896	0.001913
 5-9	0.000000	0.000000	0.000000
 10-14 	0.000000	0.000000	0.000000
 15-19 	0.070786	0.084478	0.055764
 20-24 	0.203449	0.275311	0.127274
 25-29 	0.242378	0.350155	0.130073
 30-34 	0.229405	0.345778	0.110170
 35-39 	0.194434	0.299286	0.089211
 40-44 	0.152928	0.235336	0.071863
 45-49 	0.114083	0.173132	0.057420
 50-54 	0.083755	0.125867	0.043930
 55-59 	0.063823	0.098922	0.031250
 60-64 	0.054246	0.090703	0.021918
 65-69 	0.052079	0.092606	0.019021
 70-74 	0.051132	0.089905	0.022734
 75-79 	0.026184	0.060517	0.005481
 80+ 	0.000000	0.000000	0.000000
Total	0.103949	0.156254	0.052886
2026			
 0-4	0.001853	0.001846	0.001861
 5-9	0.000000	0.000000	0.000000
 10-14 	0.000000	0.000000	0.000000
 15-19 	0.071140	0.084915	0.055966
 20-24 	0.204535	0.276580	0.127762
 25-29 	0.243531	0.351809	0.130607
 30-34 	0.230470	0.347322	0.110473
 35-39 	0.195415	0.300678	0.089512
 40-44 	0.153727	0.236447	0.072124
 45-49 	0.114695	0.174072	0.057651
 50-54 	0.084065	0.126442	0.044077
 55-59 	0.064093	0.099409	0.031367
 60-64 	0.054573	0.091151	0.021998
 65-69 	0.052452	0.093071	0.019104
 70-74 	0.051451	0.090257	0.022770
 75-79 	0.026818	0.061247	0.005597
 80+ 	0.000000	0.000000	0.000000
Total	0.103838	0.156268	0.052687
2027			
 0-4	0.001815	0.001810	0.001820
 5-9	0.000000	0.000000	0.000000
 10-14 	0.000000	0.000000	0.000000
 15-19 	0.071543	0.085439	0.056187
 20-24 	0.205709	0.277986	0.128205
 25-29 	0.244647	0.353455	0.131094
 30-34 	0.231617	0.348998	0.110823
 35-39 	0.196363	0.302021	0.089760
 40-44 	0.154487	0.237546	0.072352
 45-49 	0.115318	0.175004	0.057857
 50-54 	0.084396	0.127052	0.044216
 55-59 	0.064364	0.099918	0.031482
 60-64 	0.054879	0.091603	0.022071
 65-69 	0.052833	0.093539	0.019176
 70-74 	0.051752	0.090640	0.022806
 75-79 	0.027303	0.061660	0.005623
 80+ 	0.000000	0.000000	0.000000
Total	0.103772	0.156362	0.052503
2028			
 0-4	0.001787	0.001785	0.001789
 5-9	0.000000	0.000000	0.000000
 10-14 	0.000000	0.000000	0.000000
 15-19 	0.071996	0.086061	0.056418
 20-24 	0.206826	0.279340	0.128562
 25-29 	0.245705	0.354991	0.131527
 30-34 	0.232801	0.350728	0.111210
 35-39 	0.197194	0.303193	0.089930
 40-44 	0.155188	0.238589	0.072540
 45-49 	0.115916	0.175876	0.058028
 50-54 	0.084742	0.127677	0.044346
 55-59 	0.064615	0.100410	0.031585
 60-64 	0.055151	0.092035	0.022132
 65-69 	0.053204	0.093984	0.019235
 70-74 	0.052041	0.091027	0.022845
 75-79 	0.027615	0.061776	0.005585
 80+ 	0.000000	0.000000	0.000000
Total	0.103726	0.156493	0.052323
2029			
 0-4	0.001769	0.001768	0.001769
 5-9	0.000000	0.000000	0.000000
 10-14 	0.000000	0.000000	0.000000
 15-19 	0.072452	0.086723	0.056633
 20-24 	0.207799	0.280530	0.128825
 25-29 	0.246704	0.356371	0.131863
 30-34 	0.233891	0.352343	0.111559
 35-39 	0.197846	0.304107	0.090009
 40-44 	0.155811	0.239522	0.072681
 45-49 	0.116444	0.176625	0.058156
 50-54 	0.085076	0.128265	0.044456
 55-59 	0.064819	0.100838	0.031659
 60-64 	0.055374	0.092419	0.022177
 65-69 	0.053539	0.094381	0.019280
 70-74 	0.052311	0.091374	0.022873
 75-79 	0.027781	0.061717	0.005508
 80+ 	0.000000	0.000000	0.000000
Total	0.103673	0.156614	0.052139
2030			
 0-4	0.001760	0.001761	0.001760
 5-9	0.000000	0.000000	0.000000
 10-14 	0.000000	0.000000	0.000000
 15-19 	0.072864	0.087356	0.056815
 20-24 	0.208595	0.281515	0.129005
 25-29 	0.247639	0.357555	0.132086
 30-34 	0.234793	0.353709	0.111823
 35-39 	0.198330	0.304775	0.090017
 40-44 	0.156334	0.240289	0.072771
 45-49 	0.116877	0.177222	0.058240
 50-54 	0.085378	0.128776	0.044540
 55-59 	0.064969	0.101167	0.031693
 60-64 	0.055526	0.092738	0.022203
 65-69 	0.053825	0.094713	0.019311
 70-74 	0.052549	0.091648	0.022876
 75-79 	0.027860	0.061597	0.005422
 80+ 	0.000000	0.000000	0.000000
Total	0.103597	0.156696	0.051948
2031			
 0-4	0.001761	0.001761	0.001761
 5-9	0.000000	0.000000	0.000000
 10-14 	0.000000	0.000000	0.000000
 15-19 	0.073188	0.087887	0.056949
 20-24 	0.209210	0.282293	0.129109
 25-29 	0.248472	0.358484	0.132192
 30-34 	0.235451	0.354736	0.111982
 35-39 	0.198696	0.305265	0.089990
 40-44 	0.156726	0.240821	0.072801
 45-49 	0.117193	0.177642	0.058277
 50-54 	0.085628	0.129171	0.044590
 55-59 	0.065062	0.101412	0.031702
 60-64 	0.055637	0.092985	0.022221
 65-69 	0.054047	0.094966	0.019329
 70-74 	0.052755	0.091846	0.022858
 75-79 	0.027905	0.061461	0.005350
 80+ 	0.000000	0.000000	0.000000
Total	0.103480	0.156708	0.051743
2032			
 0-4	0.001767	0.001767	0.001767
 5-9	0.000000	0.000000	0.000000
 10-14 	0.000000	0.000000	0.000000
 15-19 	0.073407	0.088277	0.057038
 20-24 	0.209674	0.282905	0.129146
 25-29 	0.249155	0.359100	0.132196
 30-34 	0.235899	0.355438	0.112070
 35-39 	0.199039	0.305709	0.089980
 40-44 	0.156953	0.241060	0.072766
 45-49 	0.117384	0.177879	0.058270
 50-54 	0.085816	0.129436	0.044606
 55-59 	0.065116	0.101578	0.031697
 60-64 	0.055696	0.093146	0.022229
 65-69 	0.054200	0.095130	0.019331
 70-74 	0.052934	0.091967	0.022831
 75-79 	0.027950	0.061362	0.005301
 80+ 	0.000000	0.000000	0.000000
Total	0.103308	0.156627	0.051520
2033			
 0-4	0.001777	0.001777	0.001777
 5-9	0.000000	0.000000	0.000000
 10-14 	0.000000	0.000000	0.000000
 15-19 	0.073524	0.088523	0.057081
 20-24 	0.209979	0.283352	0.129112
 25-29 	0.249632	0.359369	0.132115
 30-34 	0.236192	0.355837	0.112101
 35-39 	0.199365	0.306112	0.089990
 40-44 	0.156974	0.240950	0.072655
 45-49 	0.117458	0.177941	0.058220
 50-54 	0.085934	0.129560	0.044586
 55-59 	0.065139	0.101664	0.031682
 60-64 	0.055697	0.093215	0.022223
 65-69 	0.054282	0.095201	0.019320
 70-74 	0.053082	0.092010	0.022800
 75-79 	0.027989	0.061274	0.005253
 80+ 	0.000000	0.000000	0.000000
Total	0.103071	0.156438	0.051273
2034			
 0-4	0.001788	0.001788	0.001789
 5-9	0.000000	0.000000	0.000000
 10-14 	0.000000	0.000000	0.000000
 15-19 	0.073548	0.088638	0.057078
 20-24 	0.210084	0.283593	0.129000
 25-29 	0.249866	0.359294	0.131953
 30-34 	0.236337	0.355891	0.112039
 35-39 	0.199565	0.306326	0.089971
 40-44 	0.156786	0.240501	0.072473
 45-49 	0.117436	0.177846	0.058133
 50-54 	0.085972	0.129539	0.044532
 55-59 	0.065129	0.101665	0.031655
 60-64 	0.055644	0.093192	0.022197
 65-69 	0.054296	0.095183	0.019296
 70-74 	0.053184	0.091970	0.022761
 75-79 	0.028000	0.061135	0.005192
 80+ 	0.000000	0.000000	0.000000
Total	0.102765	0.156133	0.051001
2035			
 0-4	0.001801	0.001801	0.001802
 5-9	0.000000	0.000000	0.000000
 10-14 	0.000000	0.000000	0.000000
 15-19 	0.073504	0.088657	0.057035
 20-24 	0.209958	0.283585	0.128812
 25-29 	0.249843	0.358889	0.131714
 30-34 	0.236338	0.355575	0.111868
 35-39 	0.199558	0.306232	0.089887
 40-44 	0.156437	0.239794	0.072239
 45-49 	0.117320	0.177585	0.058008
 50-54 	0.085926	0.129378	0.044446
 55-59 	0.065084	0.101578	0.031611
 60-64 	0.055553	0.093085	0.022148
 65-69 	0.054234	0.095081	0.019262
 70-74 	0.053228	0.091846	0.022710
 75-79 	0.027983	0.060914	0.005120
 80+ 	0.000000	0.000000	0.000000
Total	0.102385	0.155703	0.050700
2036			
 0-4	0.001816	0.001816	0.001817
 5-9	0.000000	0.000000	0.000000
 10-14 	0.000000	0.000000	0.000000
 15-19 	0.073411	0.088609	0.056962
 20-24 	0.209590	0.283293	0.128552
 25-29 	0.249568	0.358179	0.131401
 30-34 	0.236198	0.354893	0.111600
 35-39 	0.199324	0.305797	0.089733
 40-44 	0.156015	0.238974	0.071989
 45-49 	0.117105	0.177141	0.057846
 50-54 	0.085797	0.129087	0.044332
 55-59 	0.065002	0.101399	0.031548
 60-64 	0.055414	0.092898	0.022086
 65-69 	0.054125	0.094892	0.019220
 70-74 	0.053214	0.091644	0.022649
 75-79 	0.027961	0.060650	0.005056
 80+ 	0.000000	0.000000	0.000000
Total	0.101926	0.155142	0.050370
2037			
 0-4	0.001831	0.001831	0.001832
 5-9	0.000000	0.000000	0.000000
 10-14 	0.000000	0.000000	0.000000
 15-19 	0.073269	0.088493	0.056858
 20-24 	0.208996	0.282713	0.128228
 25-29 	0.249070	0.357202	0.131017
 30-34 	0.235924	0.353894	0.111270
 35-39 	0.198950	0.305140	0.089543
 40-44 	0.155641	0.238231	0.071767
 45-49 	0.116781	0.176500	0.057644
 50-54 	0.085591	0.128681	0.044193
 55-59 	0.064885	0.101134	0.031467
 60-64 	0.055247	0.092639	0.022019
 65-69 	0.053966	0.094624	0.019165
 70-74 	0.053144	0.091372	0.022580
 75-79 	0.027950	0.060372	0.005007
 80+ 	0.000000	0.000000	0.000000
Total	0.101388	0.154448	0.050009
2038			
 0-4	0.001845	0.001844	0.001846
 5-9	0.000000	0.000000	0.000000
 10-14 	0.000000	0.000000	0.000000
 15-19 	0.073065	0.088292	0.056718
 20-24 	0.208225	0.281887	0.127851
 25-29 	0.248370	0.356007	0.130577
 30-34 	0.235523	0.352656	0.110908
 35-39 	0.198524	0.304352	0.089337
 40-44 	0.155338	0.237605	0.071583
 45-49 	0.116332	0.175645	0.057399
 50-54 	0.085326	0.128190	0.044035
 55-59 	0.064737	0.100795	0.031371
 60-64 	0.055061	0.092319	0.021950
 65-69 	0.053764	0.094292	0.019098
 70-74 	0.053027	0.091043	0.022504
 75-79 	0.027943	0.060083	0.004968
 80+ 	0.000000	0.000000	0.000000
Total	0.100777	0.153633	0.049620
2039			
 0-4	0.001856	0.001855	0.001857
 5-9	0.000000	0.000000	0.000000
 10-14 	0.000000	0.000000	0.000000
 15-19 	0.072789	0.087996	0.056535
 20-24 	0.207327	0.280867	0.127431
 25-29 	0.247470	0.354626	0.130094
 30-34 	0.234980	0.351225	0.110521
 35-39 	0.198040	0.303368	0.089086
 40-44 	0.155008	0.236948	0.071402
 45-49 	0.115768	0.174600	0.057116
 50-54 	0.085023	0.127634	0.043865
 55-59 	0.064557	0.100390	0.031261
 60-64 	0.054864	0.091948	0.021879
 65-69 	0.053535	0.093909	0.019025
 70-74 	0.052864	0.090662	0.022421
 75-79 	0.027925	0.059773	0.004934
 80+ 	0.000000	0.000000	0.000000
Total	0.100101	0.152707	0.049205
2040			
 0-4	0.001864	0.001863	0.001865
 5-9	0.000000	0.000000	0.000000
 10-14 	0.000000	0.000000	0.000000
 15-19 	0.072440	0.087600	0.056310
 20-24 	0.206344	0.279703	0.126979
 25-29 	0.246371	0.353069	0.129580
 30-34 	0.234280	0.349624	0.110108
 35-39 	0.197488	0.302142	0.088778
 40-44 	0.154571	0.236137	0.071195
 45-49 	0.115132	0.173443	0.056813
 50-54 	0.084686	0.127014	0.043682
 55-59 	0.064342	0.099926	0.031139
 60-64 	0.054659	0.091530	0.021804
 65-69 	0.053303	0.093486	0.018955
 70-74 	0.052639	0.090224	0.022329
 75-79 	0.027883	0.059434	0.004902
 80+ 	0.000000	0.000000	0.000000
Total	0.099361	0.151673	0.048766
2041			
 0-4	0.001870	0.001869	0.001871
 5-9	0.000000	0.000000	0.000000
 10-14 	0.000000	0.000000	0.000000
 15-19 	0.072033	0.087115	0.056060
 20-24 	0.205310	0.278445	0.126508
 25-29 	0.245106	0.351376	0.129048
 30-34 	0.233439	0.347892	0.109673
 35-39 	0.196882	0.300698	0.088425
 40-44 	0.154019	0.235160	0.070959
 45-49 	0.114504	0.172305	0.056519
 50-54 	0.084316	0.126327	0.043486
 55-59 	0.064096	0.099418	0.031008
 60-64 	0.054452	0.091079	0.021724
 65-69 	0.053051	0.093028	0.018884
 70-74 	0.052402	0.089764	0.022230
 75-79 	0.027822	0.059080	0.004874
 80+ 	0.000000	0.000000	0.000000
Total	0.098567	0.150545	0.048309
2042			
 0-4	0.001875	0.001873	0.001876
 5-9	0.000000	0.000000	0.000000
 10-14 	0.000000	0.000000	0.000000
 15-19 	0.071593	0.086558	0.055806
 20-24 	0.204247	0.277129	0.126030
 25-29 	0.243736	0.349606	0.128513
 30-34 	0.232492	0.346080	0.109221
 35-39 	0.196262	0.299140	0.088061
 40-44 	0.153451	0.234167	0.070726
 45-49 	0.113997	0.171362	0.056277
 50-54 	0.083916	0.125581	0.043277
 55-59 	0.063829	0.098886	0.030873
 60-64 	0.054252	0.090611	0.021641
 65-69 	0.052799	0.092551	0.018813
 70-74 	0.052161	0.089305	0.022140
 75-79 	0.027748	0.058727	0.004850
 80+ 	0.000000	0.000000	0.000000
Total	0.097735	0.149349	0.047839
2043			
 0-4	0.001878	0.001876	0.001879
 5-9	0.000000	0.000000	0.000000
 10-14 	0.000000	0.000000	0.000000
 15-19 	0.071138	0.085957	0.055552
 20-24 	0.203151	0.275769	0.125538
 25-29 	0.242319	0.347806	0.127977
 30-34 	0.231453	0.344227	0.108755
 35-39 	0.195642	0.297560	0.087704
 40-44 	0.152937	0.233236	0.070505
 45-49 	0.113621	0.170636	0.056091
 50-54 	0.083473	0.124766	0.043047
 55-59 	0.063552	0.098350	0.030736
 60-64 	0.054059	0.090138	0.021557
 65-69 	0.052552	0.092065	0.018737
 70-74 	0.051930	0.088857	0.022065
 75-79 	0.027662	0.058382	0.004827
 80+ 	0.000000	0.000000	0.000000
Total	0.096875	0.148104	0.047360
2044			
 0-4	0.001880	0.001879	0.001881
 5-9	0.000000	0.000000	0.000000
 10-14 	0.000000	0.000000	0.000000
 15-19 	0.070708	0.085374	0.055310
 20-24 	0.202088	0.274467	0.125070
 25-29 	0.240979	0.346131	0.127482
 30-34 	0.230399	0.342488	0.108318
 35-39 	0.195071	0.296098	0.087381
 40-44 	0.152500	0.232360	0.070292
 45-49 	0.113328	0.170054	0.055943
 50-54 	0.083019	0.123938	0.042811
 55-59 	0.063300	0.097854	0.030609
 60-64 	0.053890	0.089698	0.021476
 65-69 	0.052337	0.091613	0.018664
 70-74 	0.051717	0.088441	0.021999
 75-79 	0.027564	0.058047	0.004797
 80+ 	0.000000	0.000000	0.000000
Total	0.096031	0.146877	0.046890
2045			
 0-4	0.001881	0.001880	0.001883
 5-9	0.000000	0.000000	0.000000
 10-14 	0.000000	0.000000	0.000000
 15-19 	0.070347	0.084876	0.055103
 20-24 	0.201181	0.273382	0.124702
 25-29 	0.239877	0.344796	0.127104
 30-34 	0.229468	0.341081	0.107977
 35-39 	0.194643	0.294933	0.087136
 40-44 	0.152209	0.231611	0.070114
 45-49 	0.113112	0.169606	0.055839
 50-54 	0.082629	0.123217	0.042606
 55-59 	0.063111	0.097452	0.030507
 60-64 	0.053771	0.089345	0.021413
 65-69 	0.052187	0.091249	0.018606
 70-74 	0.051535	0.088074	0.021926
 75-79 	0.027442	0.057726	0.004759
 80+ 	0.000000	0.000000	0.000000
Total	0.095261	0.145758	0.046457
2046			
 0-4	0.001882	0.001881	0.001884
 5-9	0.000000	0.000000	0.000000
 10-14 	0.000000	0.000000	0.000000
 15-19 	0.070084	0.084507	0.054951
 20-24 	0.200524	0.272629	0.124488
 25-29 	0.239119	0.343949	0.126890
 30-34 	0.228770	0.340163	0.107779
 35-39 	0.194424	0.294180	0.086999
 40-44 	0.152118	0.231078	0.070002
 45-49 	0.113001	0.169335	0.055790
 50-54 	0.082387	0.122727	0.042473
 55-59 	0.063006	0.097180	0.030439
 60-64 	0.053721	0.089119	0.021374
 65-69 	0.052129	0.091016	0.018573
 70-74 	0.051416	0.087829	0.021875
 75-79 	0.027402	0.057549	0.004754
 80+ 	0.000000	0.000000	0.000000
Total	0.094609	0.144817	0.046085
2047			
 0-4	0.001883	0.001881	0.001884
 5-9	0.000000	0.000000	0.000000
 10-14 	0.000000	0.000000	0.000000
 15-19 	0.069936	0.084286	0.054874
 20-24 	0.200183	0.272275	0.124460
 25-29 	0.238750	0.343668	0.126865
 30-34 	0.228380	0.339817	0.107743
 35-39 	0.194450	0.293877	0.086980
 40-44 	0.152278	0.230862	0.069988
 45-49 	0.113080	0.169368	0.055829
 50-54 	0.082374	0.122586	0.042454
 55-59 	0.062994	0.097051	0.030406
 60-64 	0.053750	0.089039	0.021366
 65-69 	0.052172	0.090933	0.018568
 70-74 	0.051393	0.087738	0.021859
 75-79 	0.027436	0.057520	0.004777
 80+ 	0.000000	0.000000	0.000000
Total	0.094101	0.144088	0.045785
2048			
 0-4	0.001883	0.001882	0.001885
 5-9	0.000000	0.000000	0.000000
 10-14 	0.000000	0.000000	0.000000
 15-19 	0.069885	0.084191	0.054864
 20-24 	0.200107	0.272238	0.124565
 25-29 	0.238662	0.343822	0.126977
 30-34 	0.228242	0.339918	0.107822
 35-39 	0.194633	0.293907	0.087044
 40-44 	0.152634	0.230937	0.070055
 45-49 	0.113347	0.169683	0.055940
 50-54 	0.082560	0.122750	0.042535
 55-59 	0.063039	0.097018	0.030388
 60-64 	0.053839	0.089074	0.021380
 65-69 	0.052292	0.090967	0.018584
 70-74 	0.051457	0.087777	0.021878
 75-79 	0.027513	0.057598	0.004800
 80+ 	0.000000	0.000000	0.000000
Total	0.093703	0.143526	0.045539
2049			
 0-4	0.001886	0.001884	0.001887
 5-9	0.000000	0.000000	0.000000
 10-14 	0.000000	0.000000	0.000000
 15-19 	0.069904	0.084193	0.054898
 20-24 	0.200216	0.272417	0.124733
 25-29 	0.238738	0.344250	0.127165
 30-34 	0.228272	0.340308	0.107965
 35-39 	0.194871	0.294150	0.087151
 40-44 	0.153093	0.231208	0.070166
 45-49 	0.113713	0.170109	0.056071
 50-54 	0.082838	0.123064	0.042660
 55-59 	0.063108	0.097039	0.030369
 60-64 	0.053970	0.089182	0.021406
 65-69 	0.052461	0.091078	0.018611
 70-74 	0.051587	0.087902	0.021919
 75-79 	0.027589	0.057702	0.004804
 80+ 	0.000000	0.000000	0.000000
Total	0.093377	0.143069	0.045329
2050			
 0-4	0.001878	0.001877	0.001880
 5-9	0.000000	0.000000	0.000000
 10-14 	0.000000	0.000000	0.000000
 15-19 	0.069991	0.084288	0.054972
 20-24 	0.200517	0.272835	0.124963
 25-29 	0.238990	0.344970	0.127431
 30-34 	0.228491	0.340998	0.108170
 35-39 	0.195177	0.294644	0.087307
 40-44 	0.153643	0.231689	0.070317
 45-49 	0.114160	0.170601	0.056209
 50-54 	0.083159	0.123465	0.042804
 55-59 	0.063217	0.097138	0.030361
 60-64 	0.054145	0.089368	0.021443
 65-69 	0.052672	0.091270	0.018650
 70-74 	0.051776	0.088111	0.021980
 75-79 	0.027634	0.057751	0.004789
 80+ 	0.000000	0.000000	0.000000
Total	0.093133	0.142740	0.045160
