Year Total	Male	Female
1970			
 0-4	3651166.000000	1836339.000000	1814827.000000
 5-9	3085670.000000	1561367.000000	1524303.000000
 10-14 	2729289.000000	1377170.000000	1352119.000000
 15-19 	2336303.000000	1180176.000000	1156127.000000
 20-24 	1896299.000000	956340.000000	939959.000000
 25-29 	1640001.000000	819098.000000	820903.000000
 30-34 	1405257.000000	699097.000000	706160.000000
 35-39 	1229702.000000	622742.000000	606960.000000
 40-44 	1046950.000000	538866.000000	508084.000000
 45-49 	877790.000000	437000.000000	440790.000000
 50-54 	757179.000000	368254.000000	388925.000000
 55-59 	598738.000000	285672.000000	313066.000000
 60-64 	472792.000000	212408.000000	260384.000000
 65-69 	324343.000000	137741.000000	186602.000000
 70-74 	218842.000000	87335.000000	131507.000000
 75-79 	132161.000000	48601.000000	83560.000000
 80+ 	100020.000000	32384.000000	67636.000000
Total	22502502.000000	11200590.000000	11301912.000000
1971			
 0-4	3743037.500000	1880495.500000	1862542.000000
 5-9	3167831.000000	1601916.250000	1565914.500000
 10-14 	2794506.500000	1410245.000000	1384261.500000
 15-19 	2417446.500000	1220873.250000	1196573.500000
 20-24 	1970298.250000	995239.750000	975058.625000
 25-29 	1686052.875000	844954.562500	841098.312500
 30-34 	1446453.500000	720068.187500	726385.250000
 35-39 	1259935.875000	635697.125000	624238.750000
 40-44 	1075778.875000	553364.312500	522414.500000
 45-49 	896831.562500	449196.937500	447634.625000
 50-54 	768872.250000	373870.000000	395002.250000
 55-59 	612012.375000	292364.406250	319647.968750
 60-64 	479692.000000	216284.125000	263407.843750
 65-69 	332013.937500	140621.140625	191392.796875
 70-74 	219327.171875	86956.085938	132371.093750
 75-79 	132456.062500	48375.382813	84080.679688
 80+ 	100519.226563	32390.390625	68128.835938
Total	23103066.000000	11502912.000000	11600153.000000
1972			
 0-4	3833732.500000	1924664.500000	1909068.000000
 5-9	3258625.250000	1646016.125000	1612609.125000
 10-14 	2857455.500000	1442503.750000	1414951.625000
 15-19 	2495228.500000	1259456.875000	1235771.625000
 20-24 	2054644.250000	1038825.062500	1015819.250000
 25-29 	1730079.000000	869935.000000	860144.000000
 30-34 	1492238.375000	744135.312500	748103.125000
 35-39 	1289678.750000	648442.625000	641236.000000
 40-44 	1105815.875000	567163.187500	538652.625000
 45-49 	919458.687500	463909.718750	455548.968750
 50-54 	778267.125000	378549.687500	399717.468750
 55-59 	628281.500000	299929.687500	328351.781250
 60-64 	484759.093750	219797.687500	264961.375000
 65-69 	341813.937500	144408.078125	197405.843750
 70-74 	219905.953125	86630.562500	133275.390625
 75-79 	132940.406250	48256.070313	84684.328125
 80+ 	101123.171875	32380.292969	68742.875000
Total	23724048.000000	11815004.000000	11909043.000000
1973			
 0-4	3918769.500000	1966869.125000	1951900.500000
 5-9	3358166.500000	1693538.500000	1664628.000000
 10-14 	2920693.000000	1474993.750000	1445699.250000
 15-19 	2569246.000000	1295929.000000	1273317.000000
 20-24 	2144468.000000	1084623.750000	1059844.125000
 25-29 	1775036.625000	895219.125000	879817.500000
 30-34 	1540255.875000	769877.250000	770378.625000
 35-39 	1319742.875000	661543.875000	658199.062500
 40-44 	1136235.000000	580197.000000	556038.000000
 45-49 	944601.250000	479900.875000	464700.375000
 50-54 	787098.375000	383327.812500	403770.562500
 55-59 	645676.125000	307654.625000	338021.500000
 60-64 	489510.093750	223360.484375	266149.625000
 65-69 	352307.250000	148552.171875	203755.062500
 70-74 	221233.250000	86650.703125	134582.546875
 75-79 	133546.187500	48178.953125	85367.234375
 80+ 	101781.132813	32353.474609	69427.656250
Total	24358368.000000	12132770.000000	12225597.000000
1974			
 0-4	3998200.250000	2007649.000000	1990551.375000
 5-9	3461758.000000	1741735.750000	1720022.250000
 10-14 	2987857.250000	1509159.750000	1478697.500000
 15-19 	2639383.000000	1330562.875000	1308820.250000
 20-24 	2232355.250000	1128914.375000	1103440.875000
 25-29 	1825844.750000	922874.500000	902970.125000
 30-34 	1586863.000000	795073.000000	791789.937500
 35-39 	1351457.625000	675855.562500	675602.062500
 40-44 	1165891.625000	592440.937500	573450.687500
 45-49 	970632.312500	495355.812500	475276.500000
 50-54 	797932.937500	389677.687500	408255.250000
 55-59 	661497.937500	314574.531250	346923.375000
 60-64 	496061.968750	227494.156250	268567.812500
 65-69 	361646.437500	152403.859375	209242.578125
 70-74 	224089.968750	87337.273438	136752.687500
 75-79 	134186.093750	48069.019531	86117.078125
 80+ 	102455.375000	32313.384766	70141.992188
Total	24998114.000000	12451491.000000	12546622.000000
1975			
 0-4	4080777.500000	2052740.750000	2028036.500000
 5-9	3556282.500000	1782820.500000	1773461.875000
 10-14 	3061569.250000	1546018.375000	1515550.750000
 15-19 	2705523.500000	1363448.875000	1342074.500000
 20-24 	2312821.000000	1168837.250000	1143983.875000
 25-29 	1883993.375000	953214.625000	930778.812500
 30-34 	1628847.250000	817643.875000	811203.375000
 35-39 	1384680.000000	691267.500000	693412.562500
 40-44 	1193562.250000	603539.875000	590022.437500
 45-49 	996161.687500	508949.750000	487211.937500
 50-54 	811959.375000	398173.968750	413785.437500
 55-59 	674212.187500	320152.156250	354060.062500
 60-64 	505335.218750	232329.218750	273006.000000
 65-69 	368952.906250	155655.109375	213297.796875
 70-74 	228670.656250	88741.031250	139929.625000
 75-79 	134858.343750	47911.757813	86946.585938
 80+ 	103120.234375	32247.046875	70873.187500
Total	25631328.000000	12763692.000000	12867635.000000
1976			
 0-4	4158311.000000	2091552.125000	2066758.750000
 5-9	3647878.000000	1826562.250000	1821315.750000
 10-14 	3142921.750000	1586066.500000	1556855.250000
 15-19 	2769047.500000	1395355.250000	1373692.250000
 20-24 	2389175.500000	1206306.125000	1182869.250000
 25-29 	1950973.000000	987361.375000	963611.625000
 30-34 	1668484.500000	839028.375000	829456.000000
 35-39 	1420794.125000	708709.500000	712084.625000
 40-44 	1220277.000000	614101.687500	606175.312500
 45-49 	1022174.000000	521460.437500	500713.531250
 50-54 	829061.125000	408749.875000	420311.250000
 55-59 	684728.000000	324847.281250	359880.687500
 60-64 	517012.437500	237801.500000	279210.937500
 65-69 	374807.875000	158583.968750	216223.921875
 70-74 	234735.046875	90747.054688	143988.000000
 75-79 	135652.078125	47784.628906	87867.453125
 80+ 	103871.492188	32194.593750	71676.898438
Total	26269904.000000	13077212.000000	13192691.000000
1977			
 0-4	4228545.500000	2126710.750000	2101835.000000
 5-9	3738125.750000	1870244.875000	1867880.875000
 10-14 	3232728.750000	1629585.625000	1603143.250000
 15-19 	2830585.000000	1426622.750000	1403962.250000
 20-24 	2462574.750000	1241916.750000	1220658.125000
 25-29 	2027919.500000	1025986.000000	1001933.500000
 30-34 	1705591.875000	859207.562500	846384.312500
 35-39 	1460768.625000	728758.250000	732010.375000
 40-44 	1246119.000000	624192.750000	621926.187500
 45-49 	1049121.500000	533164.312500	515957.218750
 50-54 	849281.125000	421485.687500	427795.437500
 55-59 	693177.500000	328702.718750	364474.750000
 60-64 	531232.437500	243961.625000	287270.843750
 65-69 	379261.281250	161271.906250	217989.359375
 70-74 	242312.812500	93326.867188	148985.937500
 75-79 	136529.453125	47694.812500	88834.640625
 80+ 	104781.304688	32183.478516	72597.828125
Total	26918656.000000	13395017.000000	13523640.000000
1978			
 0-4	4296107.500000	2160632.500000	2135475.000000
 5-9	3823135.250000	1912187.000000	1910948.125000
 10-14 	3331277.500000	1676524.750000	1654752.625000
 15-19 	2892979.000000	1458478.250000	1434500.625000
 20-24 	2533551.750000	1276258.750000	1257293.000000
 25-29 	2111573.250000	1067626.750000	1043946.375000
 30-34 	1744563.125000	880301.187500	864262.000000
 35-39 	1503528.000000	750824.625000	752703.312500
 40-44 	1272711.250000	634908.875000	637802.312500
 45-49 	1076792.500000	544377.937500	532414.625000
 50-54 	872060.687500	435530.437500	436530.250000
 55-59 	701353.687500	332790.937500	368562.718750
 60-64 	546585.875000	250344.250000	296241.656250
 65-69 	383654.312500	164099.921875	219554.406250
 70-74 	250462.875000	96177.789063	154285.093750
 75-79 	137958.421875	47836.800781	90121.617188
 80+ 	105828.289063	32202.421875	73625.867188
Total	27584124.000000	13721103.000000	13863019.000000
1979			
 0-4	4364675.000000	2195245.000000	2169430.500000
 5-9	3903373.250000	1953148.250000	1950224.875000
 10-14 	3434093.250000	1724246.000000	1709847.250000
 15-19 	2959958.500000	1492423.375000	1467535.000000
 20-24 	2602552.750000	1309955.875000	1292597.000000
 25-29 	2195889.750000	1109423.125000	1086466.625000
 30-34 	1791601.000000	905232.437500	886368.500000
 35-39 	1546737.875000	773551.000000	773186.937500
 40-44 	1302184.125000	647635.687500	654548.375000
 45-49 	1104679.000000	555464.250000	549214.687500
 50-54 	896358.437500	449528.281250	446830.156250
 55-59 	711785.625000	338565.593750	373220.062500
 60-64 	560963.000000	256284.812500	304678.218750
 65-69 	389801.937500	167523.703125	222278.234375
 70-74 	257953.203125	98938.531250	159014.671875
 75-79 	140485.375000	48416.718750	92068.664063
 80+ 	106980.765625	32235.019531	74745.742188
Total	28270074.000000	14057818.000000	14212255.000000
1980			
 0-4	4437335.000000	2232239.250000	2205095.750000
 5-9	3988162.500000	1999146.000000	1989016.250000
 10-14 	3528590.500000	1765254.000000	1763336.625000
 15-19 	3035117.000000	1530102.250000	1505014.875000
 20-24 	2671993.000000	1344782.000000	1327211.125000
 25-29 	2279612.750000	1151332.750000	1128280.000000
 30-34 	1852562.250000	937259.750000	915302.437500
 35-39 	1590879.000000	797365.937500	793513.125000
 40-44 	1336953.125000	664011.812500	672941.312500
 45-49 	1133314.250000	567255.562500	566058.625000
 50-54 	922031.875000	463055.562500	458976.312500
 55-59 	726221.750000	347010.500000	379211.281250
 60-64 	573499.187500	261655.046875	311844.156250
 65-69 	398706.000000	171816.671875	226889.312500
 70-74 	264326.593750	101529.953125	162796.625000
 75-79 	144321.625000	49522.882813	94798.742188
 80+ 	108297.195313	32316.826172	75980.367188
Total	28991924.000000	14415657.000000	14576267.000000
1981			
 0-4	4513533.500000	2271178.250000	2242355.500000
 5-9	4069141.250000	2039656.750000	2029484.500000
 10-14 	3620353.000000	1808951.875000	1811401.250000
 15-19 	3118115.000000	1571098.625000	1547016.375000
 20-24 	2740076.000000	1379412.000000	1360664.000000
 25-29 	2361591.000000	1192302.625000	1169288.375000
 30-34 	1924676.250000	974639.187500	950037.062500
 35-39 	1634854.250000	821427.125000	813427.125000
 40-44 	1376053.625000	683357.750000	692695.937500
 45-49 	1162160.375000	579281.687500	582878.750000
 50-54 	949007.375000	476142.062500	472865.343750
 55-59 	743939.000000	357635.156250	386303.875000
 60-64 	584588.312500	266570.187500	318018.093750
 65-69 	409862.718750	176763.421875	233099.281250
 70-74 	269872.062500	104041.117188	165830.953125
 75-79 	149234.796875	51027.632813	98207.164063
 80+ 	109807.375000	32456.757813	77350.617188
Total	29736866.000000	14785942.000000	14950924.000000
1982			
 0-4	4590283.000000	2310420.750000	2279862.500000
 5-9	4143923.750000	2077235.750000	2066687.750000
 10-14 	3710902.500000	1852636.250000	1858266.250000
 15-19 	3209374.500000	1615447.875000	1593926.750000
 20-24 	2806389.750000	1413519.625000	1392870.125000
 25-29 	2441551.500000	1231999.625000	1209552.000000
 30-34 	2007778.000000	1017180.187500	990597.937500
 35-39 	1677498.000000	845060.562500	832437.500000
 40-44 	1419733.750000	705763.937500	713969.875000
 45-49 	1190833.500000	591291.875000	599541.625000
 50-54 	977394.500000	488830.500000	488564.062500
 55-59 	764760.000000	370366.906250	394393.093750
 60-64 	594207.500000	270977.750000	323229.718750
 65-69 	423273.187500	182337.343750	240935.843750
 70-74 	274562.375000	106489.195313	168073.187500
 75-79 	155207.703125	52889.988281	102317.718750
 80+ 	111499.789063	32656.630859	78843.156250
Total	30499174.000000	15165105.000000	15334069.000000
1983			
 0-4	4663651.000000	2347887.750000	2315763.000000
 5-9	4216328.000000	2113879.500000	2102448.250000
 10-14 	3796134.750000	1894525.375000	1901609.500000
 15-19 	3308405.000000	1662588.250000	1645816.750000
 20-24 	2871864.500000	1446998.500000	1424866.125000
 25-29 	2517469.000000	1269191.375000	1248277.625000
 30-34 	2096381.250000	1061803.125000	1034578.000000
 35-39 	1721223.125000	868974.500000	852248.625000
 40-44 	1465500.875000	729624.750000	735876.125000
 45-49 	1219712.875000	603502.375000	616210.562500
 50-54 	1006148.500000	500814.937500	505333.562500
 55-59 	787706.562500	384099.156250	403607.375000
 60-64 	603588.875000	275562.468750	328026.437500
 65-69 	437644.093750	188085.640625	249558.437500
 70-74 	279293.187500	109065.156250	170228.031250
 75-79 	161577.812500	54907.769531	106670.046875
 80+ 	113589.250000	32982.863281	80606.382813
Total	31266218.000000	15544494.000000	15721725.000000
1984			
 0-4	4731069.000000	2382273.000000	2348796.250000
 5-9	4289144.500000	2151009.000000	2138135.250000
 10-14 	3876324.500000	1935309.375000	1941015.250000
 15-19 	3410166.750000	1709502.875000	1700664.000000
 20-24 	2938643.250000	1480208.250000	1458435.000000
 25-29 	2587598.500000	1302867.250000	1284731.250000
 30-34 	2182588.750000	1104219.625000	1078369.000000
 35-39 	1770482.750000	894794.625000	875688.187500
 40-44 	1509782.125000	752659.250000	757122.875000
 45-49 	1249687.625000	616407.125000	633280.500000
 50-54 	1033938.812500	511832.125000	522106.687500
 55-59 	811375.625000	397272.750000	414102.906250
 60-64 	614605.625000	281325.562500	333280.062500
 65-69 	451146.906250	193424.406250	257722.484375
 70-74 	285344.000000	112023.531250	173320.453125
 75-79 	167500.812500	56855.332031	110645.484375
 80+ 	116331.437500	33506.164063	82825.273438
Total	32025730.000000	15915490.000000	16110241.000000
1985			
 0-4	4789067.500000	2411503.000000	2377564.750000
 5-9	4362591.500000	2188365.500000	2174225.750000
 10-14 	3958728.750000	1979923.750000	1978805.000000
 15-19 	3501708.500000	1748489.625000	1753218.750000
 20-24 	3008444.500000	1513736.625000	1494707.750000
 25-29 	2650513.250000	1332672.500000	1317840.750000
 30-34 	2260726.750000	1141956.625000	1118770.250000
 35-39 	1827288.250000	923484.875000	903803.437500
 40-44 	1550371.875000	773381.312500	776990.562500
 45-49 	1280832.500000	629958.562500	650874.000000
 50-54 	1059474.875000	521376.718750	538098.187500
 55-59 	834630.812500	408762.562500	425868.250000
 60-64 	628223.687500	288719.781250	339503.937500
 65-69 	462712.062500	198024.718750	264687.343750
 70-74 	293232.125000	115393.437500	177838.687500
 75-79 	172510.312500	58606.570313	113903.750000
 80+ 	119772.046875	34234.843750	85537.203125
Total	32760830.000000	16268591.000000	16492239.000000
1986			
 0-4	4837512.000000	2436072.750000	2401439.000000
 5-9	4437712.000000	2226626.000000	2211086.000000
 10-14 	4036351.250000	2018610.875000	2017740.500000
 15-19 	3588951.250000	1789188.000000	1799763.375000
 20-24 	3083262.500000	1548091.500000	1535171.000000
 25-29 	2707811.000000	1358426.750000	1349384.000000
 30-34 	2332854.250000	1175048.750000	1157805.625000
 35-39 	1891553.500000	954436.500000	937117.000000
 40-44 	1587706.000000	791978.812500	795727.250000
 45-49 	1313431.000000	644381.750000	669049.250000
 50-54 	1083075.250000	529631.312500	553443.937500
 55-59 	857753.062500	418890.156250	438862.906250
 60-64 	643997.125000	297414.312500	346582.781250
 65-69 	472978.906250	202186.343750	270792.562500
 70-74 	302780.375000	119180.164063	183600.203125
 75-79 	176955.906250	60305.582031	116650.312500
 80+ 	123828.140625	35145.425781	88682.718750
Total	33478514.000000	16605615.000000	16872898.000000
1987			
 0-4	4875790.000000	2455686.750000	2420103.500000
 5-9	4512640.000000	2264781.000000	2247859.000000
 10-14 	4107392.250000	2054205.375000	2053186.875000
 15-19 	3674674.000000	1829817.375000	1844856.750000
 20-24 	3165526.750000	1585383.875000	1580142.875000
 25-29 	2761729.500000	1382220.500000	1379509.000000
 30-34 	2400856.500000	1205044.500000	1195812.250000
 35-39 	1964877.000000	989026.937500	975850.062500
 40-44 	1622331.625000	809088.750000	813242.875000
 45-49 	1349235.500000	660822.750000	688412.812500
 50-54 	1105422.875000	537107.500000	568315.375000
 55-59 	881392.125000	428115.187500	453276.937500
 60-64 	661923.062500	307496.625000	354426.437500
 65-69 	481946.062500	205871.875000	276074.187500
 70-74 	314004.000000	123381.906250	190622.093750
 75-79 	180841.343750	61980.726563	118860.625000
 80+ 	128475.593750	36217.457031	92258.140625
Total	34189060.000000	16936248.000000	17252810.000000
1988			
 0-4	4902180.000000	2469377.500000	2432802.500000
 5-9	4584716.000000	2301437.500000	2283278.500000
 10-14 	4176796.500000	2089217.500000	2087578.750000
 15-19 	3757228.500000	1869904.000000	1887324.375000
 20-24 	3259625.750000	1628588.250000	1631037.375000
 25-29 	2818760.500000	1408760.250000	1410000.250000
 30-34 	2467723.750000	1234996.625000	1232727.000000
 35-39 	2045947.250000	1027731.062500	1018216.250000
 40-44 	1660867.125000	828371.750000	832495.375000
 45-49 	1390340.500000	680753.250000	709587.187500
 50-54 	1130979.250000	546783.250000	584196.000000
 55-59 	907452.000000	438231.968750	469220.000000
 60-64 	682377.812500	319022.437500	363355.406250
 65-69 	490850.500000	209812.343750	281038.187500
 70-74 	326003.500000	127741.343750	198262.156250
 75-79 	184815.937500	63766.386719	121049.554688
 80+ 	133464.140625	37420.542969	96043.601563
Total	34920128.000000	17281916.000000	17638212.000000
1989			
 0-4	4914556.000000	2476024.000000	2438532.000000
 5-9	4651906.000000	2335552.750000	2316353.250000
 10-14 	4248257.500000	2125439.250000	2122818.250000
 15-19 	3837508.500000	1910909.250000	1926599.125000
 20-24 	3362268.750000	1676380.375000	1685888.375000
 25-29 	2884160.000000	1440823.500000	1443336.250000
 30-34 	2534476.250000	1265927.250000	1268549.000000
 35-39 	2129367.500000	1068174.500000	1061192.875000
 40-44 	1709238.750000	853370.687500	855868.062500
 45-49 	1434557.500000	703411.562500	731146.000000
 50-54 	1160972.750000	559654.937500	601317.812500
 55-59 	934420.625000	448817.968750	485602.718750
 60-64 	704348.062500	330687.687500	373660.375000
 65-69 	501425.187500	214946.062500	286479.125000
 70-74 	337468.750000	131920.000000	205548.781250
 75-79 	189788.843750	65838.382813	123950.460938
 80+ 	138429.125000	38677.507813	99751.625000
Total	35673152.000000	17646556.000000	18026594.000000
1990			
 0-4	4916560.500000	2477236.000000	2439324.500000
 5-9	4713444.000000	2367044.250000	2346400.000000
 10-14 	4324323.000000	2164208.000000	2160115.000000
 15-19 	3925876.750000	1958258.125000	1967618.500000
 20-24 	3468362.000000	1722001.750000	1746360.250000
 25-29 	2971724.500000	1481771.250000	1489953.125000
 30-34 	2612427.000000	1301074.125000	1311352.875000
 35-39 	2219970.250000	1110065.125000	1109905.125000
 40-44 	1775911.750000	886211.812500	889699.875000
 45-49 	1485598.000000	729907.625000	755690.375000
 50-54 	1203107.750000	580016.875000	623090.875000
 55-59 	968599.562500	463902.187500	504697.375000
 60-64 	732298.875000	344894.218750	387404.687500
 65-69 	517724.468750	223692.375000	294032.093750
 70-74 	349112.468750	136746.328125	212366.140625
 75-79 	196585.750000	68583.023438	128002.734375
 80+ 	143415.906250	40108.003906	103307.906250
Total	36525044.000000	18055722.000000	18469322.000000
1991			
 0-4	4912243.500000	2475224.000000	2437019.500000
 5-9	4765442.000000	2393693.500000	2371748.750000
 10-14 	4403538.500000	2204634.250000	2198904.250000
 15-19 	4012108.750000	2001176.375000	2010932.500000
 20-24 	3576611.500000	1772932.500000	1803679.000000
 25-29 	3074556.250000	1529935.375000	1544621.000000
 30-34 	2695198.750000	1338883.000000	1356315.625000
 35-39 	2313477.750000	1152563.875000	1160914.000000
 40-44 	1857936.875000	925492.062500	932444.750000
 45-49 	1541103.875000	758419.187500	782684.750000
 50-54 	1254348.625000	605498.625000	648850.000000
 55-59 	1007280.375000	481416.937500	525863.500000
 60-64 	764103.125000	360288.875000	403814.250000
 65-69 	537636.312500	234671.765625	302964.562500
 70-74 	360599.375000	141826.609375	218772.765625
 75-79 	204760.843750	71782.867188	132977.984375
 80+ 	148438.234375	41661.585938	106776.648438
Total	37429384.000000	18490102.000000	18939284.000000
1992			
 0-4	4907144.500000	2472800.250000	2434344.000000
 5-9	4807071.500000	2415062.250000	2392009.000000
 10-14 	4482932.000000	2245171.000000	2237760.750000
 15-19 	4092444.500000	2041548.000000	2050896.625000
 20-24 	3684205.250000	1824505.625000	1859699.625000
 25-29 	3188701.750000	1583333.000000	1605368.625000
 30-34 	2779479.500000	1377874.500000	1401604.875000
 35-39 	2407161.750000	1194362.375000	1212799.375000
 40-44 	1954390.000000	970059.875000	984330.125000
 45-49 	1598888.500000	786791.812500	812096.750000
 50-54 	1313679.375000	634593.187500	679086.187500
 55-59 	1049224.625000	499994.187500	549230.375000
 60-64 	799128.625000	376186.406250	422942.250000
 65-69 	560377.812500	247368.593750	313009.250000
 70-74 	371692.468750	146946.078125	224746.390625
 75-79 	214266.718750	75369.500000	138897.218750
 80+ 	153473.109375	43319.347656	110153.757813
Total	38364260.000000	18935286.000000	19428976.000000
1993			
 0-4	4903489.500000	2471194.750000	2432295.000000
 5-9	4835346.000000	2429548.500000	2405797.500000
 10-14 	4558602.000000	2283764.250000	2274838.000000
 15-19 	4169682.250000	2080886.250000	2088796.000000
 20-24 	3781463.250000	1873608.875000	1907854.375000
 25-29 	3303727.000000	1639114.750000	1664612.250000
 30-34 	2858308.500000	1415948.750000	1442359.875000
 35-39 	2495893.000000	1233036.000000	1262857.125000
 40-44 	2060938.000000	1016549.875000	1044388.000000
 45-49 	1663411.500000	815141.062500	848270.375000
 50-54 	1380375.500000	665119.562500	715255.875000
 55-59 	1095401.250000	519165.968750	576235.312500
 60-64 	836121.062500	391608.062500	444513.000000
 65-69 	584247.812500	260307.687500	323940.125000
 70-74 	382011.875000	151933.531250	230078.328125
 75-79 	223711.750000	78885.828125	144825.921875
 80+ 	158033.671875	44935.082031	113098.593750
Total	39290764.000000	19370748.000000	19920016.000000
1994			
 0-4	4898911.500000	2469333.000000	2429578.500000
 5-9	4846484.500000	2435173.000000	2411311.250000
 10-14 	4627852.000000	2318945.000000	2308907.250000
 15-19 	4246581.500000	2120498.000000	2126083.500000
 20-24 	3865529.000000	1920892.750000	1944636.375000
 25-29 	3406737.500000	1693198.250000	1713539.000000
 30-34 	2925774.250000	1451910.250000	1473864.000000
 35-39 	2575109.250000	1266748.250000	1308360.875000
 40-44 	2171249.750000	1061001.750000	1110248.000000
 45-49 	1742757.250000	845627.750000	897129.562500
 50-54 	1454535.875000	695488.875000	759047.000000
 55-59 	1148644.500000	539632.875000	609011.562500
 60-64 	874425.625000	406102.625000	468322.968750
 65-69 	607711.687500	271951.093750	335760.625000
 70-74 	391669.562500	156769.937500	234899.640625
 75-79 	231322.531250	81839.984375	149482.546875
 80+ 	161595.625000	46454.726563	115140.906250
Total	40176892.000000	19781568.000000	20395324.000000
1995			
 0-4	4883076.500000	2461093.750000	2421982.500000
 5-9	4838656.500000	2430327.750000	2408328.750000
 10-14 	4687256.000000	2348716.000000	2338540.000000
 15-19 	4322550.000000	2159353.500000	2163196.250000
 20-24 	3942740.250000	1968897.500000	1973842.750000
 25-29 	3480366.500000	1736332.250000	1744034.250000
 30-34 	2980210.500000	1486002.375000	1494207.875000
 35-39 	2639450.000000	1294878.125000	1344571.875000
 40-44 	2271748.250000	1099408.875000	1172339.250000
 45-49 	1830445.250000	876740.625000	953704.625000
 50-54 	1525586.000000	721126.500000	804459.375000
 55-59 	1204005.250000	559329.875000	644675.375000
 60-64 	911453.875000	418686.937500	492766.906250
 65-69 	630182.562500	281594.000000	348588.562500
 70-74 	400598.656250	161562.000000	239036.656250
 75-79 	235533.078125	83900.812500	151632.250000
 80+ 	162788.484375	47618.894531	115169.585938
Total	40946648.000000	20135570.000000	20811076.000000
1996			
 0-4	4858238.500000	2448352.500000	2409886.000000
 5-9	4817603.500000	2418534.500000	2399069.000000
 10-14 	4735304.500000	2372376.000000	2362928.500000
 15-19 	4400796.000000	2199372.500000	2201423.750000
 20-24 	4011946.000000	2011088.500000	2000857.375000
 25-29 	3537085.000000	1780124.000000	1756961.000000
 30-34 	3024110.500000	1519433.250000	1504677.375000
 35-39 	2690285.250000	1317978.625000	1372306.500000
 40-44 	2366610.500000	1133414.625000	1233195.875000
 45-49 	1931137.625000	910836.125000	1020301.437500
 50-54 	1599818.250000	745380.750000	854437.500000
 55-59 	1265886.625000	580458.625000	685428.000000
 60-64 	949893.125000	430752.718750	519140.375000
 65-69 	652898.687500	289929.906250	362968.781250
 70-74 	409355.625000	166308.953125	243046.640625
 75-79 	237624.437500	85308.109375	152316.328125
 80+ 	162579.531250	48585.808594	113993.726563
Total	41651172.000000	20458236.000000	21192938.000000
1997			
 0-4	4827263.000000	2432593.500000	2394669.250000
 5-9	4789852.500000	2403455.500000	2386397.250000
 10-14 	4771318.000000	2389578.250000	2381739.500000
 15-19 	4479225.000000	2239355.000000	2239869.750000
 20-24 	4075881.500000	2050212.000000	2025669.500000
 25-29 	3588175.000000	1822845.375000	1765329.625000
 30-34 	3065533.500000	1554793.000000	1510740.500000
 35-39 	2728119.500000	1337606.000000	1390513.500000
 40-44 	2451527.000000	1162715.625000	1288811.375000
 45-49 	2040148.875000	947720.812500	1092428.000000
 50-54 	1672909.750000	767632.125000	905277.625000
 55-59 	1332939.750000	603046.500000	729893.250000
 60-64 	989732.375000	442543.125000	547189.250000
 65-69 	677428.812500	297848.687500	379580.125000
 70-74 	419249.781250	171515.187500	247734.609375
 75-79 	238780.406250	86345.906250	152434.500000
 80+ 	162230.921875	49573.339844	112657.578125
Total	42310316.000000	20759380.000000	21550936.000000
1998			
 0-4	4798929.000000	2418237.500000	2380691.500000
 5-9	4762428.000000	2389032.500000	2373395.500000
 10-14 	4794958.000000	2400267.500000	2394690.250000
 15-19 	4556078.500000	2278199.750000	2277878.500000
 20-24 	4144661.250000	2088712.750000	2055948.500000
 25-29 	3641741.750000	1863665.250000	1778076.500000
 30-34 	3116051.500000	1594471.750000	1521579.500000
 35-39 	2758315.000000	1357017.000000	1401298.000000
 40-44 	2521999.250000	1187533.750000	1334465.500000
 45-49 	2146654.250000	984900.750000	1161753.500000
 50-54 	1742027.500000	788421.562500	953605.937500
 55-59 	1400695.500000	626062.375000	774633.125000
 60-64 	1031279.437500	454839.156250	576440.312500
 65-69 	705428.687500	306463.562500	398965.093750
 70-74 	432951.031250	177851.187500	255099.843750
 75-79 	242948.703125	88343.937500	154604.765625
 80+ 	163564.687500	50921.414063	112643.273438
Total	42960712.000000	21054942.000000	21905770.000000
1999			
 0-4	4783978.000000	2410698.500000	2373279.750000
 5-9	4738758.500000	2377157.250000	2361601.250000
 10-14 	4805532.000000	2404315.000000	2401217.250000
 15-19 	4630587.500000	2315427.750000	2315159.750000
 20-24 	4224629.500000	2128514.750000	2096115.000000
 25-29 	3704991.250000	1903315.375000	1801675.875000
 30-34 	3179506.750000	1636720.875000	1542786.000000
 35-39 	2787727.500000	1379087.250000	1408640.125000
 40-44 	2575775.000000	1208479.500000	1367295.500000
 45-49 	2239069.500000	1018716.625000	1220352.875000
 50-54 	1806904.125000	808955.750000	997948.437500
 55-59 	1463755.250000	647820.500000	815934.750000
 60-64 	1074653.375000	468275.218750	606378.250000
 65-69 	737412.125000	316380.312500	421031.812500
 70-74 	452543.312500	185614.359375	266928.937500
 75-79 	253729.375000	92328.015625	161401.343750
 80+ 	168292.734375	52986.757813	115305.976563
Total	43627848.000000	21354794.000000	22273052.000000
2000			
 0-4	4793182.000000	2415822.250000	2377359.750000
 5-9	4719719.000000	2368486.500000	2351232.500000
 10-14 	4805774.000000	2403373.250000	2402400.500000
 15-19 	4704147.000000	2352420.000000	2351727.000000
 20-24 	4319928.500000	2173311.750000	2146616.500000
 25-29 	3789909.250000	1948089.875000	1841819.375000
 30-34 	3247445.500000	1674128.375000	1573317.250000
 35-39 	2822877.250000	1405305.000000	1417572.250000
 40-44 	2616036.500000	1227046.000000	1388990.375000
 45-49 	2314166.000000	1047617.625000	1266548.250000
 50-54 	1870731.500000	831019.875000	1039711.625000
 55-59 	1520552.875000	667816.250000	852736.625000
 60-64 	1120139.625000	483190.250000	636949.437500
 65-69 	772632.375000	327382.875000	445249.562500
 70-74 	478139.437500	194657.359375	283482.062500
 75-79 	272511.218750	99069.250000	173441.968750
 80+ 	178080.562500	56178.976563	121901.585938
Total	44345972.000000	21674916.000000	22671056.000000
2001			
 0-4	4824858.500000	2431967.750000	2392890.750000
 5-9	4703105.000000	2361419.500000	2341685.500000
 10-14 	4798149.000000	2398941.500000	2399208.000000
 15-19 	4770563.000000	2385390.750000	2385172.500000
 20-24 	4425045.000000	2220944.500000	2204100.250000
 25-29 	3884085.750000	1988185.500000	1895900.250000
 30-34 	3322474.750000	1713756.375000	1608718.375000
 35-39 	2864205.750000	1435301.250000	1428904.375000
 40-44 	2640506.000000	1242985.375000	1397520.625000
 45-49 	2369467.000000	1070853.875000	1298613.000000
 50-54 	1929387.625000	853098.562500	1076289.000000
 55-59 	1567923.875000	684839.937500	883084.000000
 60-64 	1166446.375000	499235.468750	667210.875000
 65-69 	809432.500000	338815.375000	470617.093750
 70-74 	508582.937500	204742.765625	303840.156250
 75-79 	296758.656250	107479.968750	189278.687500
 80+ 	193311.000000	60687.148438	132623.859375
Total	45074304.000000	21998646.000000	23075658.000000
2002			
 0-4	4874028.500000	2456715.500000	2417312.750000
 5-9	4688468.500000	2355390.250000	2333078.250000
 10-14 	4785395.000000	2392608.250000	2392786.750000
 15-19 	4826099.000000	2412540.000000	2413559.000000
 20-24 	4531835.000000	2269732.250000	2262103.000000
 25-29 	3979549.500000	2026610.500000	1952939.000000
 30-34 	3399867.500000	1751432.750000	1648434.625000
 35-39 	2911529.500000	1467831.750000	1443697.625000
 40-44 	2652254.250000	1256455.750000	1395798.500000
 45-49 	2409553.000000	1088935.250000	1320617.875000
 50-54 	1987202.000000	876250.312500	1110951.750000
 55-59 	1606126.375000	698279.625000	907846.750000
 60-64 	1213704.125000	516261.125000	697443.000000
 65-69 	845278.250000	349642.968750	495635.312500
 70-74 	541215.187500	215113.296875	326101.875000
 75-79 	322433.500000	116312.375000	206121.125000
 80+ 	213580.281250	66408.234375	147172.046875
Total	45788120.000000	22316520.000000	23471600.000000
2003			
 0-4	4934082.000000	2486837.000000	2447245.250000
 5-9	4681248.500000	2352881.000000	2328367.500000
 10-14 	4769814.000000	2385585.750000	2384228.000000
 15-19 	4865142.500000	2431054.750000	2434087.750000
 20-24 	4632972.000000	2317443.500000	2315528.750000
 25-29 	4076388.000000	2066632.750000	2009755.375000
 30-34 	3470950.000000	1784929.750000	1686020.250000
 35-39 	2962528.250000	1500737.875000	1461790.375000
 40-44 	2655456.000000	1267655.750000	1387800.250000
 45-49 	2438275.000000	1102418.250000	1335856.750000
 50-54 	2044176.625000	899504.625000	1144672.000000
 55-59 	1639144.375000	709243.875000	929900.500000
 60-64 	1260563.250000	533228.687500	727334.562500
 65-69 	878763.750000	359374.937500	519388.843750
 70-74 	573398.375000	225034.562500	348363.781250
 75-79 	346522.312500	124516.859375	222005.437500
 80+ 	238741.375000	73501.335938	165240.046875
Total	46468164.000000	22620580.000000	23847586.000000
2004			
 0-4	4998528.000000	2519086.500000	2479441.500000
 5-9	4692126.000000	2359243.250000	2332882.500000
 10-14 	4752345.500000	2378201.000000	2374144.250000
 15-19 	4882877.500000	2438559.000000	2444318.500000
 20-24 	4725431.000000	2362225.000000	2363206.000000
 25-29 	4178429.500000	2111083.500000	2067346.000000
 30-34 	3537110.750000	1816210.000000	1720900.625000
 35-39 	3011894.000000	1530493.875000	1481400.250000
 40-44 	2654348.250000	1277196.250000	1377152.125000
 45-49 	2457341.500000	1112060.125000	1345281.375000
 50-54 	2095771.250000	920410.625000	1175360.625000
 55-59 	1671967.125000	719869.375000	952097.750000
 60-64 	1304636.125000	548726.125000	755909.937500
 65-69 	910416.625000	368337.718750	542078.875000
 70-74 	603878.000000	234190.843750	369687.187500
 75-79 	368665.125000	131830.046875	236835.062500
 80+ 	268881.937500	82194.468750	186687.468750
Total	47114648.000000	22909918.000000	24204730.000000
2005			
 0-4	5062646.500000	2551054.000000	2511592.750000
 5-9	4730595.500000	2379149.000000	2351446.750000
 10-14 	4733327.500000	2370366.250000	2362961.250000
 15-19 	4881106.500000	2436228.250000	2444878.250000
 20-24 	4808486.000000	2402992.500000	2405493.750000
 25-29 	4289979.000000	2162005.000000	2127974.250000
 30-34 	3611433.000000	1853210.500000	1758222.500000
 35-39 	3051307.750000	1551070.500000	1500237.250000
 40-44 	2655607.500000	1286552.625000	1369054.750000
 45-49 	2470840.250000	1119223.375000	1351617.000000
 50-54 	2141592.500000	938013.187500	1203579.250000
 55-59 	1709250.625000	731955.500000	977295.125000
 60-64 	1344894.375000	561956.875000	782937.500000
 65-69 	941794.000000	377171.750000	564622.250000
 70-74 	632477.562500	242562.265625	389915.281250
 75-79 	390236.593750	138682.281250	251554.312500
 80+ 	304373.437500	92652.601563	211720.828125
Total	47759948.000000	23194846.000000	24565104.000000
2006			
 0-4	5116273.500000	2577740.250000	2538533.250000
 5-9	4799486.500000	2413996.000000	2385490.250000
 10-14 	4712182.000000	2361606.250000	2350576.000000
 15-19 	4862261.000000	2425782.000000	2436479.000000
 20-24 	4876428.000000	2436332.250000	2440095.750000
 25-29 	4407746.500000	2217766.000000	2189980.500000
 30-34 	3689302.250000	1888835.375000	1800467.000000
 35-39 	3087375.250000	1572312.250000	1515063.125000
 40-44 	2660963.500000	1297041.250000	1363922.375000
 45-49 	2477792.000000	1124283.750000	1353508.125000
 50-54 	2182490.250000	952859.187500	1229631.000000
 55-59 	1751060.500000	745875.187500	1005185.250000
 60-64 	1380665.500000	572833.437500	807832.062500
 65-69 	973765.250000	386328.062500	587437.187500
 70-74 	657804.000000	249535.562500	408268.437500
 75-79 	410387.562500	144895.656250	265491.906250
 80+ 	341665.625000	103687.007813	237978.609375
Total	48387648.000000	23471710.000000	24915940.000000
2007			
 0-4	5154410.500000	2596655.250000	2557755.000000
 5-9	4893250.000000	2461129.250000	2432121.000000
 10-14 	4691703.500000	2353023.500000	2338680.000000
 15-19 	4833172.500000	2411038.500000	2422134.250000
 20-24 	4927293.500000	2460683.000000	2466610.500000
 25-29 	4527067.500000	2275134.750000	2251932.750000
 30-34 	3773739.000000	1927735.875000	1846003.000000
 35-39 	3126936.250000	1594512.875000	1532423.375000
 40-44 	2674940.000000	1310959.875000	1363980.000000
 45-49 	2479220.500000	1128215.125000	1351005.500000
 50-54 	2219884.000000	965689.187500	1254195.000000
 55-59 	1799311.000000	762659.062500	1036652.000000
 60-64 	1411368.375000	581304.500000	830063.937500
 65-69 	1008406.625000	396725.437500	611681.125000
 70-74 	680014.250000	255123.187500	424891.062500
 75-79 	429927.375000	150734.312500	279193.062500
 80+ 	377644.687500	114210.187500	263434.500000
Total	49008288.000000	23745534.000000	25262756.000000
2008			
 0-4	5171495.500000	2605088.500000	2566407.250000
 5-9	4996687.000000	2512998.500000	2483688.750000
 10-14 	4679420.000000	2348221.500000	2331198.750000
 15-19 	4799958.000000	2395222.500000	2404735.500000
 20-24 	4954475.500000	2472621.750000	2481853.750000
 25-29 	4637068.000000	2328311.750000	2308756.250000
 30-34 	3867975.500000	1971583.000000	1896392.375000
 35-39 	3168883.000000	1617923.000000	1550959.875000
 40-44 	2697448.500000	1329165.125000	1368283.250000
 45-49 	2473625.500000	1131536.875000	1342088.500000
 50-54 	2250805.750000	976354.875000	1274451.000000
 55-59 	1850460.750000	781242.125000	1069218.625000
 60-64 	1438997.875000	588654.875000	850343.000000
 65-69 	1045364.625000	408240.437500	637124.125000
 70-74 	699612.687500	259516.453125	440096.250000
 75-79 	448012.375000	155826.484375	292185.875000
 80+ 	408070.687500	122704.921875	285365.750000
Total	49588360.000000	24005212.000000	25583148.000000
2009			
 0-4	5167554.000000	2603173.750000	2564380.000000
 5-9	5089761.000000	2559546.000000	2530214.750000
 10-14 	4685676.500000	2352416.000000	2333260.750000
 15-19 	4765171.500000	2379432.250000	2385739.000000
 20-24 	4950734.000000	2468883.750000	2481850.250000
 25-29 	4725374.500000	2371559.000000	2353815.500000
 30-34 	3966839.000000	2018565.000000	1948274.250000
 35-39 	3210331.500000	1642503.000000	1567828.500000
 40-44 	2719799.750000	1348233.625000	1371566.125000
 45-49 	2457682.500000	1133842.500000	1323840.000000
 50-54 	2268830.250000	983753.375000	1285076.875000
 55-59 	1896856.375000	798899.062500	1097957.375000
 60-64 	1466453.500000	596639.562500	869813.875000
 65-69 	1081845.500000	419757.437500	662088.000000
 70-74 	717425.312500	263073.812500	454351.531250
 75-79 	462837.875000	159461.734375	303376.125000
 80+ 	429868.375000	128106.914063	301761.468750
Total	50063040.000000	24227846.000000	25835194.000000
2010			
 0-4	5131638.000000	2586583.000000	2545054.750000
 5-9	5150530.500000	2590107.500000	2560423.250000
 10-14 	4718685.000000	2369724.250000	2348960.750000
 15-19 	4728916.000000	2363566.000000	2365350.000000
 20-24 	4910698.000000	2447755.000000	2462943.250000
 25-29 	4780437.000000	2399086.500000	2381350.500000
 30-34 	4066470.500000	2066545.000000	1999925.500000
 35-39 	3259162.250000	1673058.625000	1586103.625000
 40-44 	2728377.500000	1361687.875000	1366689.625000
 45-49 	2428238.250000	1136066.500000	1292171.875000
 50-54 	2266966.250000	987384.625000	1279581.625000
 55-59 	1932469.250000	813906.250000	1118562.875000
 60-64 	1494981.375000	606620.062500	888361.375000
 65-69 	1115315.875000	430312.218750	685003.687500
 70-74 	733023.875000	265620.312500	467403.593750
 75-79 	470485.312500	160223.656250	310261.625000
 80+ 	435319.687500	128268.406250	307051.281250
Total	50351716.000000	24386516.000000	25965198.000000
2011			
 0-4	5104514.500000	2573614.000000	2530900.500000
 5-9	5172834.500000	2601400.500000	2571433.750000
 10-14 	4781733.500000	2401747.500000	2379986.000000
 15-19 	4694449.000000	2348571.250000	2345878.000000
 20-24 	4859651.500000	2421239.000000	2438412.500000
 25-29 	4819310.000000	2416875.250000	2402434.500000
 30-34 	4172674.500000	2117133.000000	2055541.250000
 35-39 	3327425.500000	1708473.250000	1618952.125000
 40-44 	2747686.250000	1381669.500000	1366016.750000
 45-49 	2411514.750000	1143663.000000	1267851.750000
 50-54 	2258660.250000	990325.687500	1268334.625000
 55-59 	1964738.875000	827500.312500	1137238.625000
 60-64 	1529662.500000	619410.000000	910252.562500
 65-69 	1146470.500000	440212.937500	706257.562500
 70-74 	753602.625000	270191.187500	483411.468750
 75-79 	478418.437500	160601.296875	317817.156250
 80+ 	440233.312500	127976.546875	312256.781250
Total	50663580.000000	24550604.000000	26112976.000000
2012			
 0-4	5088781.000000	2566298.000000	2522483.000000
 5-9	5161138.500000	2595725.500000	2565413.250000
 10-14 	4868582.500000	2445538.250000	2423044.000000
 15-19 	4663567.000000	2335197.250000	2328370.000000
 20-24 	4801717.500000	2392283.750000	2409434.000000
 25-29 	4842329.000000	2424708.500000	2417620.500000
 30-34 	4289318.000000	2170828.000000	2118490.250000
 35-39 	3425485.750000	1755693.875000	1669791.750000
 40-44 	2790063.750000	1410760.125000	1379303.750000
 45-49 	2417729.500000	1160694.625000	1257034.875000
 50-54 	2249317.750000	994840.000000	1254477.875000
 55-59 	1996610.500000	840821.625000	1155789.000000
 60-64 	1572998.750000	635989.625000	937009.125000
 65-69 	1174656.375000	449128.562500	725527.812500
 70-74 	780333.875000	277344.750000	502989.093750
 75-79 	486832.625000	160818.875000	326013.750000
 80+ 	445949.281250	127802.101563	318147.187500
Total	51055412.000000	24744474.000000	26310938.000000
2013			
 0-4	5087209.000000	2566071.750000	2521137.250000
 5-9	5125570.000000	2578235.250000	2547334.500000
 10-14 	4965488.000000	2494276.000000	2471212.250000
 15-19 	4644357.500000	2327221.250000	2317136.250000
 20-24 	4749275.000000	2366984.000000	2382291.000000
 25-29 	4849218.000000	2423441.750000	2425776.250000
 30-34 	4406308.000000	2223658.250000	2182649.500000
 35-39 	3550561.000000	1813915.000000	1736646.000000
 40-44 	2852631.750000	1447688.125000	1404943.625000
 45-49 	2445703.000000	1186866.375000	1258836.750000
 50-54 	2240536.500000	1001852.187500	1238684.375000
 55-59 	2025873.750000	853480.062500	1172393.625000
 60-64 	1621606.875000	655023.562500	966583.250000
 65-69 	1201264.750000	457599.718750	743665.000000
 70-74 	811751.250000	286582.968750	525168.312500
 75-79 	496385.375000	161359.781250	335025.593750
 80+ 	453025.843750	128029.367188	324996.468750
Total	51526764.000000	24972286.000000	26554480.000000
2014			
 0-4	5080919.000000	2563419.750000	2517499.500000
 5-9	5088559.000000	2560275.000000	2528284.250000
 10-14 	5053186.500000	2538321.000000	2514865.250000
 15-19 	4646532.000000	2329617.500000	2316914.500000
 20-24 	4703798.500000	2345983.500000	2357815.000000
 25-29 	4833466.500000	2411541.500000	2421925.250000
 30-34 	4510954.000000	2270839.750000	2240114.500000
 35-39 	3689341.000000	1878962.750000	1810378.250000
 40-44 	2929451.000000	1491152.000000	1438299.000000
 45-49 	2486334.250000	1218100.375000	1268233.750000
 50-54 	2233958.500000	1011916.625000	1222041.875000
 55-59 	2049171.500000	865055.250000	1184116.250000
 60-64 	1669514.000000	674158.187500	995355.875000
 65-69 	1229408.500000	466948.062500	762460.500000
 70-74 	844730.562500	296658.500000	548072.062500
 75-79 	507983.125000	162719.546875	345263.593750
 80+ 	461113.062500	128497.187500	332615.875000
Total	52018420.000000	25214166.000000	26804256.000000
2015			
 0-4	5070845.000000	2558858.500000	2511986.250000
 5-9	5059623.500000	2546433.500000	2513190.250000
 10-14 	5113889.000000	2568846.250000	2545042.750000
 15-19 	4678791.000000	2346574.000000	2332217.000000
 20-24 	4666012.500000	2329204.750000	2336807.500000
 25-29 	4798984.500000	2391523.500000	2407461.250000
 30-34 	4596866.000000	2309410.000000	2287456.000000
 35-39 	3833225.000000	1946965.750000	1886259.250000
 40-44 	3024857.000000	1544406.375000	1480450.500000
 45-49 	2528177.500000	1247619.000000	1280558.500000
 50-54 	2233107.750000	1025890.375000	1207217.375000
 55-59 	2064619.500000	875459.437500	1189160.000000
 60-64 	1712937.000000	691797.250000	1021139.750000
 65-69 	1261610.875000	478190.656250	783420.250000
 70-74 	876698.000000	306545.687500	570152.312500
 75-79 	522625.812500	165344.921875	357280.906250
 80+ 	469966.187500	129102.640625	340863.531250
Total	52512836.000000	25462172.000000	27050664.000000
2016			
 0-4	5051035.000000	2549405.250000	2501629.500000
 5-9	5045514.000000	2540041.750000	2505472.000000
 10-14 	5136953.500000	2580632.500000	2556321.000000
 15-19 	4741702.000000	2378526.250000	2363175.750000
 20-24 	4633015.000000	2314912.750000	2318102.500000
 25-29 	4752108.000000	2366600.500000	2385507.750000
 30-34 	4659498.000000	2336575.250000	2322922.750000
 35-39 	3975570.500000	2014060.375000	1961510.250000
 40-44 	3132329.000000	1599142.125000	1533186.875000
 45-49 	2575697.250000	1281443.750000	1294253.500000
 50-54 	2240530.500000	1043975.625000	1196554.750000
 55-59 	2071577.125000	884591.625000	1186985.500000
 60-64 	1751863.750000	707788.000000	1044075.812500
 65-69 	1298158.000000	491390.312500	806767.625000
 70-74 	906204.125000	315684.062500	590520.062500
 75-79 	540884.937500	169411.859375	371473.062500
 80+ 	479501.437500	129781.320313	349720.125000
Total	52992144.000000	25703964.000000	27288178.000000
2017			
 0-4	5023191.500000	2535858.750000	2487332.500000
 5-9	5040852.500000	2538438.750000	2502414.000000
 10-14 	5127659.500000	2576310.000000	2551349.500000
 15-19 	4828661.500000	2422356.000000	2406305.250000
 20-24 	4605491.000000	2303074.750000	2302416.000000
 25-29 	4701797.500000	2341275.500000	2360522.000000
 30-34 	4698249.000000	2351912.750000	2346336.250000
 35-39 	4109928.000000	2077259.000000	2032669.000000
 40-44 	3249196.000000	1656972.875000	1592223.250000
 45-49 	2631748.750000	1318006.625000	1313741.875000
 50-54 	2258405.500000	1066618.625000	1191787.000000
 55-59 	2070463.500000	892775.875000	1177687.500000
 60-64 	1786068.250000	722073.750000	1063994.375000
 65-69 	1339669.375000	506839.687500	832829.687500
 70-74 	932050.687500	323650.937500	608399.750000
 75-79 	563070.000000	175023.343750	388046.656250
 80+ 	489755.437500	130532.765625	359222.656250
Total	53456256.000000	25938980.000000	27517278.000000
2018			
 0-4	4991298.000000	2520260.750000	2471037.250000
 5-9	5042875.000000	2540160.250000	2502714.750000
 10-14 	5094730.500000	2560324.000000	2534406.250000
 15-19 	4925510.500000	2471063.750000	2454446.500000
 20-24 	4590106.000000	2296873.750000	2293232.500000
 25-29 	4656140.000000	2319432.500000	2336707.750000
 30-34 	4712944.000000	2355492.750000	2357451.000000
 35-39 	4231516.000000	2134252.000000	2097263.750000
 40-44 	3375632.750000	1718473.375000	1657159.375000
 45-49 	2695445.000000	1356841.250000	1338603.875000
 50-54 	2287959.750000	1093956.000000	1194003.875000
 55-59 	2064549.125000	901151.125000	1163398.000000
 60-64 	1814745.500000	734679.875000	1080065.750000
 65-69 	1383898.000000	523658.718750	860239.250000
 70-74 	955865.000000	331046.593750	624818.437500
 75-79 	588145.187500	181789.234375	406355.937500
 80+ 	501145.625000	131539.296875	369606.312500
Total	53912508.000000	26170996.000000	27741510.000000
2019			
 0-4	4958998.500000	2504422.750000	2454576.000000
 5-9	5038268.500000	2538564.500000	2499703.750000
 10-14 	5061344.500000	2544338.750000	2517005.750000
 15-19 	5014626.500000	2515733.250000	2498893.250000
 20-24 	4597621.500000	2301844.500000	2295777.250000
 25-29 	4619031.500000	2302660.250000	2316371.000000
 30-34 	4704392.500000	2348077.500000	2356314.750000
 35-39 	4337690.000000	2183740.000000	2153949.750000
 40-44 	3510012.750000	1783188.750000	1726824.000000
 45-49 	2768839.500000	1399318.250000	1369521.250000
 50-54 	2326547.000000	1124170.750000	1202376.500000
 55-59 	2059058.625000	911345.562500	1147713.125000
 60-64 	1837032.250000	745835.625000	1091196.625000
 65-69 	1426990.250000	540295.187500	886695.125000
 70-74 	980821.500000	339034.968750	641786.500000
 75-79 	614226.187500	189019.000000	425207.187500
 80+ 	514318.812500	133075.578125	381243.250000
Total	54369820.000000	26404666.000000	27965156.000000
2020			
 0-4	4931528.000000	2491038.750000	2440489.000000
 5-9	5025165.000000	2532700.500000	2492464.500000
 10-14 	5036216.000000	2532586.500000	2503629.250000
 15-19 	5077737.000000	2547533.000000	2530204.000000
 20-24 	4636129.500000	2321855.000000	2314274.500000
 25-29 	4590356.500000	2290537.500000	2299819.000000
 30-34 	4677986.500000	2332701.000000	2345285.500000
 35-39 	4425509.500000	2224305.500000	2201204.250000
 40-44 	3649196.000000	1849807.500000	1799388.500000
 45-49 	2859375.500000	1450190.500000	1409185.125000
 50-54 	2366055.250000	1152129.125000	1213926.125000
 55-59 	2058797.000000	924753.312500	1134043.625000
 60-64 	1852143.375000	755796.187500	1096347.125000
 65-69 	1466273.875000	555659.062500	910614.875000
 70-74 	1009191.687500	348449.031250	660742.687500
 75-79 	639622.500000	196120.625000	443501.875000
 80+ 	529831.937500	135352.109375	394479.843750
Total	54831116.000000	26641516.000000	28189600.000000
2021			
 0-4	4910919.500000	2481159.500000	2429760.000000
 5-9	5001848.000000	2521668.500000	2480179.250000
 10-14 	5026006.000000	2528324.000000	2497682.250000
 15-19 	5104343.000000	2561196.000000	2543147.000000
 20-24 	4706655.000000	2357557.750000	2349097.000000
 25-29 	4568653.500000	2281942.000000	2286711.750000
 30-34 	4641668.000000	2313594.500000	2328073.250000
 35-39 	4492393.000000	2254605.000000	2237787.750000
 40-44 	3788184.500000	1916215.500000	1871969.125000
 45-49 	2962118.250000	1502840.375000	1459277.875000
 50-54 	2411151.750000	1184277.625000	1226874.250000
 55-59 	2066502.250000	942041.375000	1124460.875000
 60-64 	1859689.750000	764755.812500	1094933.875000
 65-69 	1501845.250000	569779.250000	932066.000000
 70-74 	1041186.875000	359381.281250	681805.562500
 75-79 	663335.125000	202792.000000	460543.156250
 80+ 	547981.250000	138439.343750	409541.906250
Total	55294480.000000	26880570.000000	28413910.000000
2022			
 0-4	4892582.000000	2472430.500000	2420151.500000
 5-9	4974869.500000	2508740.250000	2466129.250000
 10-14 	5024602.500000	2528503.500000	2496099.000000
 15-19 	5099544.000000	2559264.500000	2540279.250000
 20-24 	4801167.500000	2405120.250000	2396047.250000
 25-29 	4553153.000000	2276126.750000	2277026.500000
 30-34 	4603220.000000	2294688.750000	2308531.250000
 35-39 	4537155.000000	2273998.250000	2263156.750000
 40-44 	3920411.250000	1979440.250000	1940970.750000
 45-49 	3074307.000000	1558761.875000	1515545.250000
 50-54 	2464340.250000	1219071.000000	1245269.250000
 55-59 	2084072.375000	963585.312500	1120487.125000
 60-64 	1859979.000000	772979.062500	1086999.875000
 65-69 	1533448.125000	582595.500000	950852.625000
 70-74 	1077175.375000	371994.218750	705181.187500
 75-79 	684480.437500	208760.265625	475720.187500
 80+ 	568885.250000	142354.750000	426530.531250
Total	55753392.000000	27118416.000000	28634978.000000
2023			
 0-4	4876511.000000	2464835.250000	2411676.000000
 5-9	4946030.000000	2494815.000000	2451215.000000
 10-14 	5028823.000000	2531458.000000	2497365.250000
 15-19 	5071383.000000	2545837.500000	2525545.500000
 20-24 	4904089.000000	2456843.750000	2447245.250000
 25-29 	4548427.500000	2275221.500000	2273206.000000
 30-34 	4568836.000000	2278880.250000	2289955.750000
 35-39 	4558401.500000	2281910.250000	2276491.250000
 40-44 	4040421.000000	2036806.750000	2003614.500000
 45-49 	3195614.000000	1618251.000000	1577363.000000
 50-54 	2524508.750000	1255910.125000	1268598.500000
 55-59 	2112362.250000	989368.250000	1122993.875000
 60-64 	1855805.500000	781363.375000	1074442.250000
 65-69 	1560216.250000	594053.875000	966162.375000
 70-74 	1115258.375000	385592.062500	729666.312500
 75-79 	704249.500000	214412.406250	489837.125000
 80+ 	591999.750000	146930.609375	445069.125000
Total	56202936.000000	27352490.000000	28850448.000000
2024			
 0-4	4862942.000000	2458490.500000	2404451.500000
 5-9	4917244.500000	2480746.000000	2436498.500000
 10-14 	5024991.000000	2530452.750000	2494538.500000
 15-19 	5042522.000000	2532276.250000	2510245.500000
 20-24 	4997263.500000	2503560.500000	2493703.000000
 25-29 	4563709.500000	2284006.750000	2279703.000000
 30-34 	4540913.000000	2266982.250000	2273930.750000
 35-39 	4555949.500000	2278545.500000	2277404.000000
 40-44 	4144964.750000	2086676.375000	2058288.375000
 45-49 	3324100.000000	1680668.000000	1643432.000000
 50-54 	2593399.250000	1295957.750000	1297441.625000
 55-59 	2148715.250000	1017623.687500	1131091.500000
 60-64 	1851751.875000	791239.687500	1060512.125000
 65-69 	1581224.625000	604270.000000	976954.625000
 70-74 	1152312.125000	399012.937500	753299.187500
 75-79 	724972.375000	220502.734375	504469.656250
 80+ 	616435.687500	151905.015625	464530.687500
Total	56643412.000000	27582916.000000	29060494.000000
2025			
 0-4	4851404.500000	2453159.750000	2398244.500000
 5-9	4892300.000000	2468643.500000	2423656.750000
 10-14 	5012324.000000	2524942.750000	2487381.000000
 15-19 	5020827.000000	2522387.000000	2498440.000000
 20-24 	5061701.000000	2536080.500000	2525620.250000
 25-29 	4605742.500000	2305688.750000	2300053.750000
 30-34 	4518093.000000	2257930.000000	2260163.250000
 35-39 	4534260.500000	2266399.750000	2267861.000000
 40-44 	4230687.000000	2127377.000000	2103310.000000
 45-49 	3456481.000000	1744597.375000	1711883.625000
 50-54 	2677746.000000	1343482.750000	1334263.250000
 55-59 	2185483.500000	1043578.250000	1141905.250000
 60-64 	1852073.250000	803761.375000	1048311.750000
 65-69 	1595668.750000	613403.937500	982264.812500
 70-74 	1186177.375000	411443.531250	774733.875000
 75-79 	748278.500000	227554.000000	520724.531250
 80+ 	641461.750000	157062.593750	484399.156250
Total	57070708.000000	27807492.000000	29263216.000000
2026			
 0-4	4841501.500000	2448640.500000	2392861.000000
 5-9	4873592.000000	2459833.000000	2413758.500000
 10-14 	4989123.000000	2513972.000000	2475151.000000
 15-19 	5013486.500000	2519686.500000	2493800.250000
 20-24 	5088377.000000	2549880.750000	2538496.250000
 25-29 	4676808.000000	2341590.250000	2335218.000000
 30-34 	4499758.000000	2251055.000000	2248703.000000
 35-39 	4501733.500000	2249903.250000	2251830.250000
 40-44 	4295631.000000	2157859.250000	2137771.500000
 45-49 	3588387.000000	1808226.625000	1780160.500000
 50-54 	2773342.750000	1392575.125000	1380767.375000
 55-59 	2227017.250000	1073207.500000	1153809.875000
 60-64 	1859394.750000	819581.250000	1039813.500000
 65-69 	1603290.500000	621665.812500	981624.750000
 70-74 	1216988.875000	422938.687500	794050.250000
 75-79 	774282.500000	235615.656250	538666.875000
 80+ 	666746.625000	162319.546875	504427.062500
Total	57489460.000000	28028550.000000	29460910.000000
2027			
 0-4	4832496.000000	2444557.250000	2387938.500000
 5-9	4856975.500000	2452118.000000	2404857.750000
 10-14 	4961912.000000	2500889.000000	2461023.250000
 15-19 	5014084.000000	2520970.250000	2493114.000000
 20-24 	5083712.500000	2548148.750000	2535563.750000
 25-29 	4770314.000000	2388628.500000	2381685.750000
 30-34 	4486283.500000	2246220.250000	2240063.250000
 35-39 	4466854.000000	2233328.500000	2233525.250000
 40-44 	4339396.000000	2177867.500000	2161528.750000
 45-49 	3714126.250000	1869013.750000	1845112.500000
 50-54 	2877927.000000	1444824.125000	1433102.750000
 55-59 	2275929.750000	1105208.750000	1170720.875000
 60-64 	1875595.250000	839113.125000	1036482.000000
 65-69 	1604475.125000	629334.875000	975140.250000
 70-74 	1244603.125000	433494.406250	811108.625000
 75-79 	803215.937500	244785.296875	558430.687500
 80+ 	691934.500000	167581.234375	524353.250000
Total	57899836.000000	28246084.000000	29653752.000000
2028			
 0-4	4823276.000000	2440361.000000	2382914.750000
 5-9	4842521.000000	2445479.000000	2397041.750000
 10-14 	4932894.000000	2486822.000000	2446072.000000
 15-19 	5019411.000000	2524583.500000	2494827.500000
 20-24 	5056375.500000	2535270.500000	2521104.750000
 25-29 	4871850.500000	2439710.000000	2432140.500000
 30-34 	4483005.000000	2245976.000000	2237029.000000
 35-39 	4436282.500000	2219800.750000	2216481.750000
 40-44 	4361249.500000	2187125.750000	2174123.500000
 45-49 	3828929.500000	1924620.750000	1904308.750000
 50-54 	2991556.500000	1500699.750000	1490856.875000
 55-59 	2331455.000000	1139164.000000	1192291.250000
 60-64 	1901536.125000	862396.062500	1039140.062500
 65-69 	1601721.375000	637175.375000	964546.000000
 70-74 	1268277.375000	443074.625000	825202.750000
 75-79 	833663.625000	254604.937500	579058.687500
 80+ 	717640.437500	173029.734375	544610.687500
Total	58301644.000000	28459894.000000	29841750.000000
2029			
 0-4	4814274.500000	2436283.750000	2377991.000000
 5-9	4830401.000000	2440008.500000	2390392.500000
 10-14 	4904413.000000	2472805.250000	2431607.750000
 15-19 	5015690.500000	2523762.500000	2491928.250000
 20-24 	5028731.500000	2522454.250000	2506277.250000
 25-29 	4963520.000000	2485801.500000	2477718.750000
 30-34 	4498933.500000	2255024.000000	2243909.750000
 35-39 	4412188.000000	2210016.500000	2202171.250000
 40-44 	4361072.000000	2185815.750000	2175256.000000
 45-49 	3929732.000000	1973481.125000	1956251.000000
 50-54 	3112524.500000	1559658.750000	1552866.000000
 55-59 	2395318.250000	1176176.125000	1219142.125000
 60-64 	1934826.000000	887874.000000	1046952.062500
 65-69 	1599009.000000	646264.500000	952744.625000
 70-74 	1287140.250000	451738.125000	835402.000000
 75-79 	863317.187500	264311.937500	599005.250000
 80+ 	744922.062500	178974.703125	565947.375000
Total	58696012.000000	28670452.000000	30025562.000000
2030			
 0-4	4807216.500000	2433175.000000	2374041.250000
 5-9	4820420.000000	2435611.250000	2384808.750000
 10-14 	4879702.500000	2460760.500000	2418942.250000
 15-19 	5003259.500000	2518452.500000	2484807.000000
 20-24 	5008823.500000	2513579.750000	2495243.750000
 25-29 	5027399.000000	2518234.000000	2509165.000000
 30-34 	4541482.500000	2276967.250000	2264515.500000
 35-39 	4393697.000000	2203189.500000	2190507.500000
 40-44 	4343583.000000	2176524.500000	2167058.750000
 45-49 	4013648.750000	2014145.875000	1999503.000000
 50-54 	3238031.000000	1620517.375000	1617513.625000
 55-59 	2473841.250000	1220173.375000	1253667.875000
 60-64 	1968655.250000	911365.687500	1057289.500000
 65-69 	1600104.000000	657571.562500	942532.437500
 70-74 	1300487.375000	459607.500000	840879.937500
 75-79 	890617.750000	273389.125000	617228.625000
 80+ 	774376.000000	185596.281250	588779.687500
Total	59085344.000000	28878862.000000	30206484.000000
2031			
 0-4	4799060.500000	2429462.750000	2369597.750000
 5-9	4812113.500000	2432044.500000	2380069.000000
 10-14 	4861351.500000	2452154.500000	2409197.000000
 15-19 	4979748.000000	2507344.000000	2472404.000000
 20-24 	5003176.000000	2511823.500000	2491352.250000
 25-29 	5053904.500000	2532178.500000	2521726.250000
 30-34 	4612200.000000	2312771.000000	2299429.000000
 35-39 	4379558.500000	2198348.250000	2181210.000000
 40-44 	4316501.500000	2163294.750000	2153207.000000
 45-49 	4078664.500000	2045504.000000	2033160.375000
 50-54 	3363963.250000	1681559.875000	1682403.375000
 55-59 	2563335.750000	1265876.750000	1297459.000000
 60-64 	2006836.250000	938212.187500	1068624.125000
 65-69 	1607326.125000	671637.875000	935688.250000
 70-74 	1308112.250000	466850.406250	841261.875000
 75-79 	915683.125000	281880.312500	633802.875000
 80+ 	805728.187500	192834.953125	612893.250000
Total	59467264.000000	29083778.000000	30383486.000000
2032			
 0-4	4787526.000000	2424001.000000	2363525.250000
 5-9	4805365.000000	2429252.000000	2376113.000000
 10-14 	4845322.000000	2444787.500000	2400534.500000
 15-19 	4951711.000000	2493860.750000	2457850.250000
 20-24 	5005079.500000	2513855.500000	2491224.000000
 25-29 	5049852.000000	2530981.000000	2518871.000000
 30-34 	4704706.000000	2359468.250000	2345238.000000
 35-39 	4370047.500000	2195350.500000	2174697.000000
 40-44 	4287916.000000	2150195.000000	2137721.000000
 45-49 	4124411.500000	2067297.375000	2057114.125000
 50-54 	3485083.750000	1740453.625000	1744630.250000
 55-59 	2661745.750000	1314777.625000	1346968.125000
 60-64 	2051908.000000	967274.375000	1084633.625000
 65-69 	1622364.875000	688826.562500	933538.312500
 70-74 	1310382.375000	473700.625000	836681.750000
 75-79 	938435.500000	289800.375000	648635.125000
 80+ 	838819.312500	200670.625000	638148.687500
Total	59840676.000000	29284552.000000	30556124.000000
2033			
 0-4	4772460.000000	2416729.500000	2355730.250000
 5-9	4800031.500000	2427174.250000	2372857.250000
 10-14 	4831457.000000	2438500.500000	2392956.750000
 15-19 	4921768.500000	2479378.250000	2442390.250000
 20-24 	5011195.500000	2517967.000000	2493228.500000
 25-29 	5024030.500000	2519054.000000	2504976.500000
 30-34 	4804949.000000	2410140.250000	2394808.500000
 35-39 	4370241.500000	2196669.500000	2173572.000000
 40-44 	4264034.500000	2140137.750000	2123896.750000
 45-49 	4150084.000000	2079193.750000	2070890.250000
 50-54 	3596895.000000	1794994.000000	1801900.875000
 55-59 	2769212.000000	1367351.875000	1401860.125000
 60-64 	2103270.000000	998216.187500	1105053.625000
 65-69 	1645981.000000	709174.000000	936806.875000
 70-74 	1309373.625000	480734.656250	828639.000000
 75-79 	958251.250000	297113.375000	661137.875000
 80+ 	873041.500000	208918.265625	664123.250000
Total	60206276.000000	29481448.000000	30724828.000000
2034			
 0-4	4754624.000000	2408041.750000	2346582.500000
 5-9	4795154.500000	2425312.500000	2369842.000000
 10-14 	4819994.000000	2433420.000000	2386574.250000
 15-19 	4892631.000000	2465135.000000	2427496.250000
 20-24 	5007746.500000	2517369.750000	2490377.000000
 25-29 	4998445.500000	2507430.000000	2491015.750000
 30-34 	4895448.500000	2455939.250000	2439509.000000
 35-39 	4388832.500000	2206899.000000	2181933.250000
 40-44 	4246731.500000	2133698.750000	2113032.750000
 45-49 	4155457.750000	2081291.750000	2074166.000000
 50-54 	3696455.500000	1843672.250000	1852783.250000
 55-59 	2884226.750000	1423139.000000	1461087.750000
 60-64 	2162533.500000	1032016.562500	1130516.875000
 65-69 	1676113.500000	731382.500000	944730.937500
 70-74 	1308369.625000	488758.093750	819611.562500
 75-79 	974357.625000	303834.281250	670523.375000
 80+ 	907548.500000	217306.031250	690242.437500
Total	60564672.000000	29674646.000000	30890024.000000
2035			
 0-4	4735878.000000	2398889.250000	2336988.750000
 5-9	4788255.500000	2422385.250000	2365870.500000
 10-14 	4810840.000000	2429511.750000	2381328.500000
 15-19 	4867214.000000	2452862.500000	2414351.500000
 20-24 	4995645.500000	2512321.750000	2483323.500000
 25-29 	4980838.500000	2499831.500000	2481007.000000
 30-34 	4958660.500000	2488337.500000	2470323.250000
 35-39 	4433019.000000	2229589.000000	2203430.250000
 40-44 	4234905.000000	2130019.750000	2104885.250000
 45-49 	4144872.500000	2075962.375000	2068910.125000
 50-54 	3780923.250000	1885058.875000	1895864.375000
 55-59 	3004234.500000	1481067.250000	1523167.250000
 60-64 	2235291.750000	1072043.500000	1163248.375000
 65-69 	1706865.125000	751940.812500	954924.375000
 70-74 	1310491.500000	498504.062500	811987.500000
 75-79 	986136.187500	310032.843750	676103.375000
 80+ 	941773.437500	225657.437500	716116.000000
Total	60915844.000000	29864016.000000	31051830.000000
2036			
 0-4	4721187.000000	2391718.000000	2329468.750000
 5-9	4778514.500000	2417963.500000	2360551.250000
 10-14 	4803384.500000	2426440.750000	2376943.500000
 15-19 	4848820.000000	2444316.000000	2404504.250000
 20-24 	4972046.500000	2501291.000000	2470755.500000
 25-29 	4977324.500000	2499213.250000	2478111.250000
 30-34 	4985184.000000	2502532.500000	2482652.000000
 35-39 	4504162.000000	2265599.500000	2238562.750000
 40-44 	4226823.000000	2127899.000000	2098924.000000
 45-49 	4125126.250000	2066712.250000	2058414.000000
 50-54 	3847733.500000	1917683.875000	1930049.625000
 55-59 	3124883.500000	1539215.250000	1585668.250000
 60-64 	2317996.750000	1113482.625000	1204514.000000
 65-69 	1740833.500000	775086.062500	965747.437500
 70-74 	1317107.750000	510104.687500	807003.125000
 75-79 	992860.625000	315610.875000	677249.812500
 80+ 	975069.625000	233839.906250	741229.750000
Total	61259060.000000	30048710.000000	31210350.000000
2037			
 0-4	4709109.500000	2385792.250000	2323317.500000
 5-9	4766541.000000	2412358.500000	2354182.750000
 10-14 	4797407.000000	2424101.250000	2373305.750000
 15-19 	4833285.000000	2437240.000000	2396045.250000
 20-24 	4943601.500000	2487725.250000	2455876.250000
 25-29 	4980755.000000	2502056.000000	2478699.000000
 30-34 	4982247.000000	2502040.000000	2480207.000000
 35-39 	4596125.500000	2312079.750000	2284045.500000
 40-44 	4222597.500000	2127170.250000	2095427.500000
 45-49 	4103783.500000	2057353.875000	2046429.500000
 50-54 	3896350.500000	1941209.000000	1955141.500000
 55-59 	3241245.500000	1595402.500000	1645842.750000
 60-64 	2408724.750000	1157649.125000	1251075.625000
 65-69 	1780450.375000	799851.375000	980599.000000
 70-74 	1329665.000000	523844.187500	805820.812500
 75-79 	994867.875000	320741.625000	674126.250000
 80+ 	1007308.875000	241861.093750	765447.812500
Total	61594068.000000	30228476.000000	31365590.000000
2038			
 0-4	4699497.500000	2381036.250000	2318461.250000
 5-9	4751760.500000	2405268.250000	2346492.250000
 10-14 	4792733.500000	2422424.250000	2370309.250000
 15-19 	4819950.000000	2431244.000000	2388706.000000
 20-24 	4913319.000000	2473177.000000	2440142.000000
 25-29 	4987471.500000	2506516.000000	2480955.250000
 30-34 	4958691.000000	2491271.750000	2467419.250000
 35-39 	4695358.000000	2362331.500000	2333026.500000
 40-44 	4227110.500000	2130256.500000	2096854.125000
 45-49 	4086681.500000	2050626.750000	2036054.875000
 50-54 	3925891.250000	1955265.625000	1970625.750000
 55-59 	3349048.250000	1647554.250000	1701494.000000
 60-64 	2507638.000000	1204981.250000	1302656.625000
 65-69 	1825260.250000	825970.625000	999289.750000
 70-74 	1348806.125000	539743.250000	809062.875000
 75-79 	993795.437500	325818.156250	667977.312500
 80+ 	1037630.875000	249590.156250	788040.750000
Total	61920644.000000	30403076.000000	31517568.000000
2039			
 0-4	4692336.500000	2377455.000000	2314881.500000
 5-9	4734245.000000	2396733.000000	2337512.000000
 10-14 	4788285.000000	2420837.000000	2367448.000000
 15-19 	4809134.000000	2426501.500000	2382632.500000
 20-24 	4884154.000000	2459015.000000	2425139.000000
 25-29 	4984129.500000	2505964.250000	2478165.000000
 30-34 	4935579.000000	2480852.500000	2454726.500000
 35-39 	4784918.000000	2407732.750000	2377184.750000
 40-44 	4248777.500000	2141649.500000	2107128.000000
 45-49 	4075487.000000	2047025.250000	2028461.750000
 50-54 	3936027.000000	1959897.500000	1976129.500000
 55-59 	3445429.750000	1694219.250000	1751210.500000
 60-64 	2613371.750000	1255068.500000	1358303.250000
 65-69 	1876669.000000	854237.125000	1022432.000000
 70-74 	1372838.500000	556777.562500	816060.875000
 75-79 	992197.437500	331380.750000	660816.687500
 80+ 	1064920.250000	256875.078125	808045.187500
Total	62238500.000000	30572222.000000	31666278.000000
2040			
 0-4	4687620.500000	2375065.000000	2312555.250000
 5-9	4715627.000000	2387593.250000	2328033.750000
 10-14 	4781549.000000	2418020.000000	2363528.750000
 15-19 	4800918.000000	2423069.500000	2377848.500000
 20-24 	4858618.000000	2446750.500000	2411867.750000
 25-29 	4972157.500000	2500950.250000	2471207.250000
 30-34 	4920264.000000	2474320.500000	2445943.750000
 35-39 	4847737.000000	2439942.250000	2407794.750000
 40-44 	4294617.500000	2164835.750000	2129782.000000
 45-49 	4069010.750000	2045684.125000	2023326.750000
 50-54 	3930766.500000	1957296.500000	1973470.000000
 55-59 	3527616.500000	1734021.625000	1793595.000000
 60-64 	2723590.750000	1306944.000000	1416646.875000
 65-69 	1939345.500000	887328.187500	1052017.250000
 70-74 	1396933.250000	572197.125000	824736.125000
 75-79 	992502.687500	337921.625000	654581.125000
 80+ 	1088425.500000	263658.437500	824767.062500
Total	62547300.000000	30735598.000000	31811702.000000
2041			
 0-4	4680767.000000	2371592.250000	2309174.750000
 5-9	4701106.500000	2380492.000000	2320614.500000
 10-14 	4771773.500000	2413564.750000	2358209.000000
 15-19 	4794576.000000	2420556.750000	2374019.000000
 20-24 	4840298.000000	2438268.750000	2402029.250000
 25-29 	4948572.000000	2489935.500000	2458636.250000
 30-34 	4918703.500000	2474588.750000	2444114.500000
 35-39 	4874906.500000	2454401.250000	2420505.000000
 40-44 	4366215.000000	2200819.750000	2165395.250000
 45-49 	4065727.500000	2045593.500000	2020134.000000
 50-54 	3916777.250000	1950951.000000	1965826.250000
 55-59 	3593544.250000	1765846.875000	1827697.500000
 60-64 	2834775.500000	1359180.375000	1475595.125000
 65-69 	2011052.625000	921704.937500	1089347.625000
 70-74 	1423555.750000	589667.562500	833888.312500
 75-79 	996257.750000	345731.812500	650525.937500
 80+ 	1108192.250000	270043.968750	838148.250000
Total	62846800.000000	30892940.000000	31953860.000000
2042			
 0-4	4671785.500000	2367050.250000	2304735.250000
 5-9	4689248.500000	2374675.500000	2314573.000000
 10-14 	4759674.000000	2407860.000000	2351814.250000
 15-19 	4789752.500000	2418787.500000	2370965.000000
 20-24 	4825051.000000	2431341.500000	2393709.500000
 25-29 	4919911.000000	2476295.500000	2443615.250000
 30-34 	4923575.000000	2478062.000000	2445512.750000
 35-39 	4873840.500000	2454711.250000	2419129.500000
 40-44 	4457745.000000	2246881.500000	2210863.500000
 45-49 	4065717.250000	2046602.250000	2019115.125000
 50-54 	3901149.500000	1944419.500000	1956729.750000
 55-59 	3642615.000000	1789340.125000	1853274.750000
 60-64 	2942435.000000	1409840.625000	1532594.250000
 65-69 	2090030.375000	958463.750000	1131566.625000
 70-74 	1454973.125000	608426.937500	846546.250000
 75-79 	1004568.000000	354999.968750	649568.000000
 80+ 	1124519.750000	276152.531250	848367.187500
Total	63136592.000000	31043912.000000	32092680.000000
2043			
 0-4	4661705.500000	2361961.500000	2299744.000000
 5-9	4679814.500000	2370014.000000	2309800.500000
 10-14 	4744779.000000	2400665.000000	2344114.000000
 15-19 	4786250.500000	2417683.250000	2368567.250000
 20-24 	4812030.500000	2425502.500000	2386528.000000
 25-29 	4889388.500000	2461670.500000	2427718.000000
 30-34 	4931104.500000	2482849.250000	2448255.000000
 35-39 	4853230.000000	2445205.250000	2408024.750000
 40-44 	4556180.000000	2296556.000000	2259623.500000
 45-49 	4073680.000000	2051061.750000	2022618.250000
 50-54 	3889333.500000	1940233.750000	1949099.750000
 55-59 	3673885.750000	1804111.125000	1869774.625000
 60-64 	3042628.000000	1457063.125000	1585565.000000
 65-69 	2176426.500000	997980.000000	1178446.500000
 70-74 	1490849.750000	628276.875000	862572.875000
 75-79 	1017902.500000	365726.593750	652175.875000
 80+ 	1138068.250000	282141.968750	855926.312500
Total	63417256.000000	31188702.000000	32228554.000000
2044			
 0-4	4650953.000000	2356533.750000	2294419.000000
 5-9	4672803.000000	2366518.500000	2306284.750000
 10-14 	4727193.000000	2392045.250000	2335147.750000
 15-19 	4782745.000000	2416549.500000	2366195.250000
 20-24 	4801657.500000	2420968.750000	2380689.000000
 25-29 	4860218.500000	2447563.000000	2412655.250000
 30-34 	4928303.000000	2482446.000000	2445857.250000
 35-39 	4833246.000000	2436129.500000	2397116.500000
 40-44 	4645168.000000	2341493.500000	2303674.250000
 45-49 	4097752.500000	2063320.375000	2034432.125000
 50-54 	3882835.500000	1938805.500000	1944030.125000
 55-59 	3686956.000000	1810162.000000	1876794.000000
 60-64 	3132673.000000	1499525.750000	1633147.250000
 65-69 	2269041.750000	1039906.375000	1229135.500000
 70-74 	1532308.375000	649796.437500	882512.000000
 75-79 	1034959.500000	377182.718750	657776.750000
 80+ 	1149878.750000	288230.718750	861648.062500
Total	63688692.000000	31327178.000000	32361514.000000
2045			
 0-4	4640053.500000	2351028.000000	2289025.500000
 5-9	4668260.000000	2364230.250000	2304029.500000
 10-14 	4708489.000000	2382822.250000	2325667.000000
 15-19 	4776509.000000	2413967.750000	2362541.250000
 20-24 	4794144.500000	2417853.250000	2376291.000000
 25-29 	4834646.500000	2435321.000000	2399325.500000
 30-34 	4917001.000000	2477641.250000	2439359.500000
 35-39 	4820872.500000	2430844.000000	2390028.750000
 40-44 	4708220.500000	2373609.750000	2334611.000000
 45-49 	4144797.750000	2086789.125000	2058008.625000
 50-54 	3880490.500000	1939297.750000	1941192.875000
 55-59 	3685543.500000	1809503.750000	1876040.000000
 60-64 	3209982.500000	1535980.250000	1674002.125000
 65-69 	2365839.000000	1083430.125000	1282409.000000
 70-74 	1582948.250000	674907.437500	908040.812500
 75-79 	1052096.500000	387439.031250	664657.500000
 80+ 	1161053.250000	294650.687500	866402.562500
Total	63950948.000000	31459316.000000	32491632.000000
2046			
 0-4	4628395.500000	2345124.500000	2283271.000000
 5-9	4662087.000000	2361124.750000	2300962.500000
 10-14 	4693974.000000	2375712.500000	2318261.750000
 15-19 	4766758.000000	2409494.000000	2357264.000000
 20-24 	4788558.500000	2415673.000000	2372885.500000
 25-29 	4816637.000000	2426978.250000	2389658.500000
 30-34 	4893984.000000	2466817.500000	2427166.500000
 35-39 	4821826.500000	2432147.250000	2389679.500000
 40-44 	4736798.000000	2388524.250000	2348274.000000
 45-49 	4216477.500000	2122495.500000	2093982.000000
 50-54 	3880853.500000	1940767.500000	1940086.000000
 55-59 	3675880.000000	1805355.250000	1870524.750000
 60-64 	3272639.000000	1565419.875000	1707219.125000
 65-69 	2463746.750000	1127361.000000	1336385.750000
 70-74 	1641332.500000	701087.187500	940245.312500
 75-79 	1071015.250000	399163.875000	671851.375000
 80+ 	1172548.250000	301600.250000	870947.937500
Total	64203512.000000	31584846.000000	32618666.000000
2047			
 0-4	4615673.000000	2338668.250000	2277005.000000
 5-9	4654507.000000	2357316.750000	2297190.250000
 10-14 	4682199.000000	2369937.750000	2312261.250000
 15-19 	4754377.000000	2403625.500000	2350751.250000
 20-24 	4784428.500000	2414200.750000	2370227.750000
 25-29 	4801979.000000	2420296.250000	2381682.750000
 30-34 	4865857.000000	2453351.500000	2412505.750000
 35-39 	4828778.500000	2436442.000000	2392336.500000
 40-44 	4738304.500000	2389846.750000	2348458.000000
 45-49 	4307267.500000	2167858.000000	2139409.500000
 50-54 	3884034.250000	1943107.125000	1940927.125000
 55-59 	3664591.000000	1800997.625000	1863593.500000
 60-64 	3320050.000000	1587512.125000	1732537.750000
 65-69 	2558850.500000	1170088.625000	1388761.875000
 70-74 	1705925.500000	729175.125000	976750.375000
 75-79 	1093732.250000	411816.125000	681916.125000
 80+ 	1185138.750000	309220.843750	875917.937500
Total	64445692.000000	31703460.000000	32742232.000000
2048			
 0-4	4602258.000000	2331855.750000	2270402.250000
 5-9	4645718.500000	2352899.500000	2292819.000000
 10-14 	4672898.500000	2365348.250000	2307550.250000
 15-19 	4739052.500000	2396217.500000	2342835.000000
 20-24 	4781549.500000	2413353.000000	2368196.500000
 25-29 	4789584.500000	2414710.750000	2374874.000000
 30-34 	4836063.500000	2438981.500000	2397082.250000
 35-39 	4837925.000000	2441826.000000	2396098.750000
 40-44 	4721177.000000	2381788.000000	2339389.000000
 45-49 	4404656.000000	2216669.750000	2187986.250000
 50-54 	3894571.500000	1948588.625000	1945982.750000
 55-59 	3656743.000000	1798735.125000	1858007.750000
 60-64 	3351282.500000	1601882.750000	1749399.625000
 65-69 	2647689.250000	1210054.250000	1437635.000000
 70-74 	1776840.250000	759463.500000	1017376.750000
 75-79 	1120024.875000	425261.281250	694763.625000
 80+ 	1199380.375000	317559.375000	881821.000000
Total	64677416.000000	31815194.000000	32862220.000000
2049			
 0-4	4588816.500000	2325028.750000	2263787.500000
 5-9	4635906.000000	2347961.750000	2287944.250000
 10-14 	4666085.500000	2361963.250000	2304122.250000
 15-19 	4721043.500000	2387406.500000	2333637.000000
 20-24 	4778443.000000	2412376.000000	2366067.000000
 25-29 	4779932.500000	2410462.250000	2369470.250000
 30-34 	4807927.500000	2425283.000000	2382644.500000
 35-39 	4836663.000000	2441927.750000	2394735.250000
 40-44 	4704724.000000	2374207.750000	2330516.000000
 45-49 	4492872.500000	2260884.000000	2231988.500000
 50-54 	3920272.000000	1961364.250000	1958907.750000
 55-59 	3653664.500000	1798881.000000	1854783.625000
 60-64 	3365903.250000	1608510.750000	1757392.500000
 65-69 	2727874.000000	1246134.250000	1481739.875000
 70-74 	1853065.750000	791673.937500	1061391.750000
 75-79 	1150699.500000	439862.625000	710836.937500
 80+ 	1214886.000000	326260.000000	888625.937500
Total	64898780.000000	31920188.000000	32978592.000000
2050			
 0-4	4576226.500000	2318637.000000	2257589.500000
 5-9	4624682.000000	2342302.000000	2282380.000000
 10-14 	4661796.500000	2359818.250000	2301978.000000
 15-19 	4701973.500000	2378028.750000	2323944.750000
 20-24 	4772328.500000	2409839.750000	2362488.750000
 25-29 	4773329.000000	2407701.750000	2365627.500000
 30-34 	4783422.000000	2413441.500000	2369980.750000
 35-39 	4827062.000000	2437706.750000	2389355.000000
 40-44 	4695565.000000	2370270.000000	2325294.750000
 45-49 	4555972.000000	2292693.500000	2263278.500000
 50-54 	3967733.000000	1984693.375000	1983039.625000
 55-59 	3654200.500000	1800622.750000	1853577.875000
 60-64 	3367279.000000	1609181.625000	1758097.625000
 65-69 	2797098.500000	1277266.750000	1519831.750000
 70-74 	1932913.000000	825169.562500	1107743.500000
 75-79 	1188244.375000	456814.093750	731430.250000
 80+ 	1229825.250000	334279.750000	895545.437500
Total	65109652.000000	32018468.000000	33091184.000000
