Need for ART by age			
	South_Africa		
 	Total	Male	Female
1970			
 0-4	0.000000	0.000000	0.000000
 5-9	0.000000	0.000000	0.000000
 10-14 	0.000000	0.000000	0.000000
 15-19 	0.000000	0.000000	0.000000
 20-24 	0.000000	0.000000	0.000000
 25-29 	0.000000	0.000000	0.000000
 30-34 	0.000000	0.000000	0.000000
 35-39 	0.000000	0.000000	0.000000
 40-44 	0.000000	0.000000	0.000000
 45-49 	0.000000	0.000000	0.000000
 50-54 	0.000000	0.000000	0.000000
 55-59 	0.000000	0.000000	0.000000
 60-64 	0.000000	0.000000	0.000000
 65-69 	0.000000	0.000000	0.000000
 70-74 	0.000000	0.000000	0.000000
 75-79 	0.000000	0.000000	0.000000
 80+ 	0.000000	0.000000	0.000000
Total	0.000000	0.000000	0.000000
1971			
 0-4	0.000000	0.000000	0.000000
 5-9	0.000000	0.000000	0.000000
 10-14 	0.000000	0.000000	0.000000
 15-19 	0.000000	0.000000	0.000000
 20-24 	0.000000	0.000000	0.000000
 25-29 	0.000000	0.000000	0.000000
 30-34 	0.000000	0.000000	0.000000
 35-39 	0.000000	0.000000	0.000000
 40-44 	0.000000	0.000000	0.000000
 45-49 	0.000000	0.000000	0.000000
 50-54 	0.000000	0.000000	0.000000
 55-59 	0.000000	0.000000	0.000000
 60-64 	0.000000	0.000000	0.000000
 65-69 	0.000000	0.000000	0.000000
 70-74 	0.000000	0.000000	0.000000
 75-79 	0.000000	0.000000	0.000000
 80+ 	0.000000	0.000000	0.000000
Total	0.000000	0.000000	0.000000
1972			
 0-4	0.000000	0.000000	0.000000
 5-9	0.000000	0.000000	0.000000
 10-14 	0.000000	0.000000	0.000000
 15-19 	0.000000	0.000000	0.000000
 20-24 	0.000000	0.000000	0.000000
 25-29 	0.000000	0.000000	0.000000
 30-34 	0.000000	0.000000	0.000000
 35-39 	0.000000	0.000000	0.000000
 40-44 	0.000000	0.000000	0.000000
 45-49 	0.000000	0.000000	0.000000
 50-54 	0.000000	0.000000	0.000000
 55-59 	0.000000	0.000000	0.000000
 60-64 	0.000000	0.000000	0.000000
 65-69 	0.000000	0.000000	0.000000
 70-74 	0.000000	0.000000	0.000000
 75-79 	0.000000	0.000000	0.000000
 80+ 	0.000000	0.000000	0.000000
Total	0.000000	0.000000	0.000000
1973			
 0-4	0.000000	0.000000	0.000000
 5-9	0.000000	0.000000	0.000000
 10-14 	0.000000	0.000000	0.000000
 15-19 	0.000000	0.000000	0.000000
 20-24 	0.000000	0.000000	0.000000
 25-29 	0.000000	0.000000	0.000000
 30-34 	0.000000	0.000000	0.000000
 35-39 	0.000000	0.000000	0.000000
 40-44 	0.000000	0.000000	0.000000
 45-49 	0.000000	0.000000	0.000000
 50-54 	0.000000	0.000000	0.000000
 55-59 	0.000000	0.000000	0.000000
 60-64 	0.000000	0.000000	0.000000
 65-69 	0.000000	0.000000	0.000000
 70-74 	0.000000	0.000000	0.000000
 75-79 	0.000000	0.000000	0.000000
 80+ 	0.000000	0.000000	0.000000
Total	0.000000	0.000000	0.000000
1974			
 0-4	0.000000	0.000000	0.000000
 5-9	0.000000	0.000000	0.000000
 10-14 	0.000000	0.000000	0.000000
 15-19 	0.000000	0.000000	0.000000
 20-24 	0.000000	0.000000	0.000000
 25-29 	0.000000	0.000000	0.000000
 30-34 	0.000000	0.000000	0.000000
 35-39 	0.000000	0.000000	0.000000
 40-44 	0.000000	0.000000	0.000000
 45-49 	0.000000	0.000000	0.000000
 50-54 	0.000000	0.000000	0.000000
 55-59 	0.000000	0.000000	0.000000
 60-64 	0.000000	0.000000	0.000000
 65-69 	0.000000	0.000000	0.000000
 70-74 	0.000000	0.000000	0.000000
 75-79 	0.000000	0.000000	0.000000
 80+ 	0.000000	0.000000	0.000000
Total	0.000000	0.000000	0.000000
1975			
 0-4	0.000000	0.000000	0.000000
 5-9	0.000000	0.000000	0.000000
 10-14 	0.000000	0.000000	0.000000
 15-19 	0.000000	0.000000	0.000000
 20-24 	0.000000	0.000000	0.000000
 25-29 	0.000000	0.000000	0.000000
 30-34 	0.000000	0.000000	0.000000
 35-39 	0.000000	0.000000	0.000000
 40-44 	0.000000	0.000000	0.000000
 45-49 	0.000000	0.000000	0.000000
 50-54 	0.000000	0.000000	0.000000
 55-59 	0.000000	0.000000	0.000000
 60-64 	0.000000	0.000000	0.000000
 65-69 	0.000000	0.000000	0.000000
 70-74 	0.000000	0.000000	0.000000
 75-79 	0.000000	0.000000	0.000000
 80+ 	0.000000	0.000000	0.000000
Total	0.000000	0.000000	0.000000
1976			
 0-4	0.000000	0.000000	0.000000
 5-9	0.000000	0.000000	0.000000
 10-14 	0.000000	0.000000	0.000000
 15-19 	0.000000	0.000000	0.000000
 20-24 	0.000000	0.000000	0.000000
 25-29 	0.000000	0.000000	0.000000
 30-34 	0.000000	0.000000	0.000000
 35-39 	0.000000	0.000000	0.000000
 40-44 	0.000000	0.000000	0.000000
 45-49 	0.000000	0.000000	0.000000
 50-54 	0.000000	0.000000	0.000000
 55-59 	0.000000	0.000000	0.000000
 60-64 	0.000000	0.000000	0.000000
 65-69 	0.000000	0.000000	0.000000
 70-74 	0.000000	0.000000	0.000000
 75-79 	0.000000	0.000000	0.000000
 80+ 	0.000000	0.000000	0.000000
Total	0.000000	0.000000	0.000000
1977			
 0-4	0.000000	0.000000	0.000000
 5-9	0.000000	0.000000	0.000000
 10-14 	0.000000	0.000000	0.000000
 15-19 	0.000000	0.000000	0.000000
 20-24 	0.000000	0.000000	0.000000
 25-29 	0.000000	0.000000	0.000000
 30-34 	0.000000	0.000000	0.000000
 35-39 	0.000000	0.000000	0.000000
 40-44 	0.000000	0.000000	0.000000
 45-49 	0.000000	0.000000	0.000000
 50-54 	0.000000	0.000000	0.000000
 55-59 	0.000000	0.000000	0.000000
 60-64 	0.000000	0.000000	0.000000
 65-69 	0.000000	0.000000	0.000000
 70-74 	0.000000	0.000000	0.000000
 75-79 	0.000000	0.000000	0.000000
 80+ 	0.000000	0.000000	0.000000
Total	0.000000	0.000000	0.000000
1978			
 0-4	0.000000	0.000000	0.000000
 5-9	0.000000	0.000000	0.000000
 10-14 	0.000000	0.000000	0.000000
 15-19 	0.000000	0.000000	0.000000
 20-24 	0.000000	0.000000	0.000000
 25-29 	0.000000	0.000000	0.000000
 30-34 	0.000000	0.000000	0.000000
 35-39 	0.000000	0.000000	0.000000
 40-44 	0.000000	0.000000	0.000000
 45-49 	0.000000	0.000000	0.000000
 50-54 	0.000000	0.000000	0.000000
 55-59 	0.000000	0.000000	0.000000
 60-64 	0.000000	0.000000	0.000000
 65-69 	0.000000	0.000000	0.000000
 70-74 	0.000000	0.000000	0.000000
 75-79 	0.000000	0.000000	0.000000
 80+ 	0.000000	0.000000	0.000000
Total	0.000000	0.000000	0.000000
1979			
 0-4	0.000000	0.000000	0.000000
 5-9	0.000000	0.000000	0.000000
 10-14 	0.000000	0.000000	0.000000
 15-19 	0.000000	0.000000	0.000000
 20-24 	0.000000	0.000000	0.000000
 25-29 	0.000000	0.000000	0.000000
 30-34 	0.000000	0.000000	0.000000
 35-39 	0.000000	0.000000	0.000000
 40-44 	0.000000	0.000000	0.000000
 45-49 	0.000000	0.000000	0.000000
 50-54 	0.000000	0.000000	0.000000
 55-59 	0.000000	0.000000	0.000000
 60-64 	0.000000	0.000000	0.000000
 65-69 	0.000000	0.000000	0.000000
 70-74 	0.000000	0.000000	0.000000
 75-79 	0.000000	0.000000	0.000000
 80+ 	0.000000	0.000000	0.000000
Total	0.000000	0.000000	0.000000
1980			
 0-4	0.000000	0.000000	0.000000
 5-9	0.000000	0.000000	0.000000
 10-14 	0.000000	0.000000	0.000000
 15-19 	0.000000	0.000000	0.000000
 20-24 	0.000000	0.000000	0.000000
 25-29 	0.000000	0.000000	0.000000
 30-34 	0.000000	0.000000	0.000000
 35-39 	0.000000	0.000000	0.000000
 40-44 	0.000000	0.000000	0.000000
 45-49 	0.000000	0.000000	0.000000
 50-54 	0.000000	0.000000	0.000000
 55-59 	0.000000	0.000000	0.000000
 60-64 	0.000000	0.000000	0.000000
 65-69 	0.000000	0.000000	0.000000
 70-74 	0.000000	0.000000	0.000000
 75-79 	0.000000	0.000000	0.000000
 80+ 	0.000000	0.000000	0.000000
Total	0.000000	0.000000	0.000000
1981			
 0-4	0.000000	0.000000	0.000000
 5-9	0.000000	0.000000	0.000000
 10-14 	0.000000	0.000000	0.000000
 15-19 	0.000000	0.000000	0.000000
 20-24 	0.000000	0.000000	0.000000
 25-29 	0.000000	0.000000	0.000000
 30-34 	0.000000	0.000000	0.000000
 35-39 	0.000000	0.000000	0.000000
 40-44 	0.000000	0.000000	0.000000
 45-49 	0.000000	0.000000	0.000000
 50-54 	0.000000	0.000000	0.000000
 55-59 	0.000000	0.000000	0.000000
 60-64 	0.000000	0.000000	0.000000
 65-69 	0.000000	0.000000	0.000000
 70-74 	0.000000	0.000000	0.000000
 75-79 	0.000000	0.000000	0.000000
 80+ 	0.000000	0.000000	0.000000
Total	0.000000	0.000000	0.000000
1982			
 0-4	0.000000	0.000000	0.000000
 5-9	0.000000	0.000000	0.000000
 10-14 	0.000000	0.000000	0.000000
 15-19 	0.000000	0.000000	0.000000
 20-24 	0.000000	0.000000	0.000000
 25-29 	0.000000	0.000000	0.000000
 30-34 	0.000000	0.000000	0.000000
 35-39 	0.000000	0.000000	0.000000
 40-44 	0.000000	0.000000	0.000000
 45-49 	0.000000	0.000000	0.000000
 50-54 	0.000000	0.000000	0.000000
 55-59 	0.000000	0.000000	0.000000
 60-64 	0.000000	0.000000	0.000000
 65-69 	0.000000	0.000000	0.000000
 70-74 	0.000000	0.000000	0.000000
 75-79 	0.000000	0.000000	0.000000
 80+ 	0.000000	0.000000	0.000000
Total	0.000000	0.000000	0.000000
1983			
 0-4	0.000000	0.000000	0.000000
 5-9	0.000000	0.000000	0.000000
 10-14 	0.000000	0.000000	0.000000
 15-19 	0.000000	0.000000	0.000000
 20-24 	0.000000	0.000000	0.000000
 25-29 	0.000000	0.000000	0.000000
 30-34 	0.000000	0.000000	0.000000
 35-39 	0.000000	0.000000	0.000000
 40-44 	0.000000	0.000000	0.000000
 45-49 	0.000000	0.000000	0.000000
 50-54 	0.000000	0.000000	0.000000
 55-59 	0.000000	0.000000	0.000000
 60-64 	0.000000	0.000000	0.000000
 65-69 	0.000000	0.000000	0.000000
 70-74 	0.000000	0.000000	0.000000
 75-79 	0.000000	0.000000	0.000000
 80+ 	0.000000	0.000000	0.000000
Total	0.000000	0.000000	0.000000
1984			
 0-4	0.000000	0.000000	0.000000
 5-9	0.000000	0.000000	0.000000
 10-14 	0.000000	0.000000	0.000000
 15-19 	0.000000	0.000000	0.000000
 20-24 	0.000000	0.000000	0.000000
 25-29 	0.000000	0.000000	0.000000
 30-34 	0.000000	0.000000	0.000000
 35-39 	0.000000	0.000000	0.000000
 40-44 	0.000000	0.000000	0.000000
 45-49 	0.000000	0.000000	0.000000
 50-54 	0.000000	0.000000	0.000000
 55-59 	0.000000	0.000000	0.000000
 60-64 	0.000000	0.000000	0.000000
 65-69 	0.000000	0.000000	0.000000
 70-74 	0.000000	0.000000	0.000000
 75-79 	0.000000	0.000000	0.000000
 80+ 	0.000000	0.000000	0.000000
Total	0.000000	0.000000	0.000000
1985			
 0-4	0.000000	0.000000	0.000000
 5-9	0.000000	0.000000	0.000000
 10-14 	0.000000	0.000000	0.000000
 15-19 	0.000000	0.000000	0.000000
 20-24 	0.000000	0.000000	0.000000
 25-29 	0.000000	0.000000	0.000000
 30-34 	0.000000	0.000000	0.000000
 35-39 	0.000000	0.000000	0.000000
 40-44 	0.000000	0.000000	0.000000
 45-49 	0.000000	0.000000	0.000000
 50-54 	0.000000	0.000000	0.000000
 55-59 	0.000000	0.000000	0.000000
 60-64 	0.000000	0.000000	0.000000
 65-69 	0.000000	0.000000	0.000000
 70-74 	0.000000	0.000000	0.000000
 75-79 	0.000000	0.000000	0.000000
 80+ 	0.000000	0.000000	0.000000
Total	0.000000	0.000000	0.000000
1986			
 0-4	12.792343	6.490696	6.301647
 5-9	0.000000	0.000000	0.000000
 10-14 	0.000000	0.000000	0.000000
 15-19 	0.000000	0.000000	0.000000
 20-24 	0.000000	0.000000	0.000000
 25-29 	0.000000	0.000000	0.000000
 30-34 	0.000000	0.000000	0.000000
 35-39 	0.000000	0.000000	0.000000
 40-44 	0.000000	0.000000	0.000000
 45-49 	0.000000	0.000000	0.000000
 50-54 	0.000000	0.000000	0.000000
 55-59 	0.000000	0.000000	0.000000
 60-64 	0.000000	0.000000	0.000000
 65-69 	0.000000	0.000000	0.000000
 70-74 	0.000000	0.000000	0.000000
 75-79 	0.000000	0.000000	0.000000
 80+ 	0.000000	0.000000	0.000000
Total	12.792343	6.490696	6.301647
1987			
 0-4	60.520969	30.696129	29.824839
 5-9	0.000000	0.000000	0.000000
 10-14 	0.000000	0.000000	0.000000
 15-19 	0.000000	0.000000	0.000000
 20-24 	0.000000	0.000000	0.000000
 25-29 	0.000000	0.000000	0.000000
 30-34 	0.000000	0.000000	0.000000
 35-39 	0.000000	0.000000	0.000000
 40-44 	0.000000	0.000000	0.000000
 45-49 	0.000000	0.000000	0.000000
 50-54 	0.000000	0.000000	0.000000
 55-59 	0.000000	0.000000	0.000000
 60-64 	0.000000	0.000000	0.000000
 65-69 	0.000000	0.000000	0.000000
 70-74 	0.000000	0.000000	0.000000
 75-79 	0.000000	0.000000	0.000000
 80+ 	0.000000	0.000000	0.000000
Total	60.520969	30.696129	29.824839
1988			
 0-4	198.315363	100.566846	97.748516
 5-9	0.000000	0.000000	0.000000
 10-14 	0.000000	0.000000	0.000000
 15-19 	0.054416	0.018664	0.035752
 20-24 	0.240137	0.106894	0.133243
 25-29 	0.843020	0.428266	0.414754
 30-34 	0.856328	0.471284	0.385044
 35-39 	1.110833	0.643276	0.467557
 40-44 	0.838716	0.484885	0.353831
 45-49 	1.286632	0.708498	0.578135
 50-54 	0.945925	0.498820	0.447105
 55-59 	0.564572	0.300907	0.263666
 60-64 	0.329339	0.187975	0.141364
 65-69 	0.205405	0.122447	0.082958
 70-74 	0.146000	0.075901	0.070099
 75-79 	0.055156	0.031094	0.024062
 80+ 	0.003725	0.003725	0.000000
Total	205.795567	104.649482	101.146084
1989			
 0-4	552.840075	280.314134	272.525941
 5-9	0.000000	0.000000	0.000000
 10-14 	0.000000	0.000000	0.000000
 15-19 	0.381772	0.125142	0.256630
 20-24 	2.210519	0.943394	1.267126
 25-29 	7.445964	3.682023	3.763941
 30-34 	7.942211	4.277198	3.665013
 35-39 	9.361337	5.337252	4.024085
 40-44 	7.307773	4.190260	3.117512
 45-49 	9.691329	5.298938	4.392391
 50-54 	7.358907	3.832994	3.525914
 55-59 	4.400442	2.290747	2.109694
 60-64 	2.548529	1.420236	1.128293
 65-69 	1.542649	0.901264	0.641385
 70-74 	1.084199	0.565784	0.518415
 75-79 	0.466381	0.242589	0.223792
 80+ 	0.038667	0.037475	0.001192
Total	614.620754	313.459431	301.161323
1990			
 0-4	1376.062319	697.647289	678.415030
 5-9	0.000000	0.000000	0.000000
 10-14 	0.000000	0.000000	0.000000
 15-19 	1.358678	0.431050	0.927629
 20-24 	9.826148	4.002382	5.823766
 25-29 	32.674573	15.656894	17.017678
 30-34 	35.804735	18.765211	17.039524
 35-39 	40.106565	22.343678	17.762887
 40-44 	31.809325	17.935375	13.873950
 45-49 	38.925080	20.987413	17.937668
 50-54 	29.857767	15.285682	14.572085
 55-59 	17.853448	9.057998	8.795450
 60-64 	10.308469	5.598001	4.710468
 65-69 	6.118708	3.502142	2.616567
 70-74 	4.230397	2.190204	2.040194
 75-79 	1.955886	0.967953	0.987933
 80+ 	0.191380	0.169392	0.021988
Total	1637.083480	834.540663	802.542817
1991			
 0-4	3088.947522	1565.920047	1523.027475
 5-9	0.000000	0.000000	0.000000
 10-14 	0.000000	0.000000	0.000000
 15-19 	3.735429	1.138881	2.596548
 20-24 	32.550248	12.688921	19.861327
 25-29 	108.361031	50.305350	58.055682
 30-34 	120.471631	61.407141	59.064489
 35-39 	131.271680	71.311214	59.960465
 40-44 	105.300317	58.162165	47.138152
 45-49 	122.462697	64.927122	57.535574
 50-54 	94.339676	47.394737	46.944938
 55-59 	56.283368	27.827823	28.455545
 60-64 	32.474117	17.178811	15.295306
 65-69 	19.039412	10.704814	8.334597
 70-74 	12.934879	6.608630	6.326249
 75-79 	6.261676	2.989300	3.272376
 80+ 	0.678971	0.559640	0.119331
Total	3935.112654	1999.124597	1935.988057
1992			
 0-4	6266.009335	3176.255773	3089.753562
 5-9	0.000000	0.000000	0.000000
 10-14 	0.000000	0.000000	0.000000
 15-19 	9.366102	2.760632	6.605471
 20-24 	91.361146	34.239915	57.121231
 25-29 	308.376694	138.875557	169.501138
 30-34 	345.144110	171.385581	173.758529
 35-39 	370.126642	196.175695	173.950947
 40-44 	300.473781	162.353536	138.120246
 45-49 	335.657666	174.803606	160.854060
 50-54 	260.018586	128.171300	131.847286
 55-59 	154.444637	74.468012	79.976625
 60-64 	89.188688	45.960475	43.228213
 65-69 	51.931152	28.790414	23.140738
 70-74 	34.576346	17.444783	17.131563
 75-79 	17.409352	8.068570	9.340782
 80+ 	1.998187	1.570432	0.427756
Total	8636.082425	4361.324281	4274.758144
1993			
 0-4	11489.903436	5827.158589	5662.744847
 5-9	0.000000	0.000000	0.000000
 10-14 	0.000000	0.000000	0.000000
 15-19 	21.193769	6.051641	15.142127
 20-24 	227.736973	82.274283	145.462690
 25-29 	784.013992	343.213282	440.800711
 30-34 	882.232240	428.368905	453.863335
 35-39 	934.226592	484.358675	449.867917
 40-44 	768.165093	405.753072	362.412022
 45-49 	825.845559	421.108696	404.736863
 50-54 	643.085443	309.773792	333.311651
 55-59 	380.417152	178.411146	202.006006
 60-64 	220.135359	110.355810	109.779549
 65-69 	127.895807	70.075715	57.820092
 70-74 	83.498105	41.852145	41.645960
 75-79 	43.585550	19.761567	23.823983
 80+ 	5.273758	3.987751	1.286007
Total	17437.208828	8732.505068	8704.703760
1994			
 0-4	19104.085764	9706.567950	9397.517814
 5-9	0.000000	0.000000	0.000000
 10-14 	0.000000	0.000000	0.000000
 15-19 	42.907367	11.872788	31.034579
 20-24 	510.479087	178.067967	332.411120
 25-29 	1799.096378	767.391021	1031.705357
 30-34 	2041.532249	974.215193	1067.317057
 35-39 	2135.580980	1087.560711	1048.020269
 40-44 	1774.916488	916.287754	858.628734
 45-49 	1841.011705	914.679650	926.332055
 50-54 	1432.090439	669.261625	762.828814
 55-59 	846.159760	383.614576	462.545183
 60-64 	490.787830	238.663067	252.124763
 65-69 	285.645169	154.703798	130.941371
 70-74 	183.892181	92.427832	91.464349
 75-79 	98.917519	44.371959	54.545560
 80+ 	12.851492	9.404104	3.447387
Total	32599.954409	16149.089997	16450.864412
1995			
 0-4	29007.581629	14775.094448	14232.487181
 5-9	0.000000	0.000000	0.000000
 10-14 	0.000000	0.000000	0.000000
 15-19 	77.247854	20.738830	56.509025
 20-24 	1034.550524	349.525745	685.024779
 25-29 	3727.043183	1551.543069	2175.500113
 30-34 	4286.692444	2017.841114	2268.851330
 35-39 	4424.898342	2224.409241	2200.489101
 40-44 	3704.778307	1875.261341	1829.516966
 45-49 	3718.397358	1796.678875	1921.718483
 50-54 	2856.252743	1286.839344	1569.413399
 55-59 	1694.767658	738.854937	955.912722
 60-64 	986.813461	464.598172	522.215289
 65-69 	576.550508	307.770562	268.779946
 70-74 	368.066346	186.563021	181.503325
 75-79 	202.341966	90.664445	111.677521
 80+ 	28.706880	20.382624	8.324256
Total	56694.689204	27706.765769	28987.923435
1996			
 0-4	40755.298981	20825.166950	19930.132030
 5-9	0.000000	0.000000	0.000000
 10-14 	0.000000	0.000000	0.000000
 15-19 	123.651761	32.299561	91.352200
 20-24 	1894.568291	617.157850	1277.410441
 25-29 	6978.751934	2842.579176	4136.172758
 30-34 	8191.493828	3818.659447	4372.834381
 35-39 	8342.951271	4159.315102	4183.636169
 40-44 	7022.884449	3494.460533	3528.423916
 45-49 	6850.151749	3213.574986	3636.576763
 50-54 	5140.563843	2219.329697	2921.234146
 55-59 	3069.683994	1277.749813	1791.934181
 60-64 	1795.007826	815.359812	979.648014
 65-69 	1055.234067	554.108509	501.125558
 70-74 	670.469950	344.379659	326.090291
 75-79 	374.994970	169.356265	205.638706
 80+ 	58.956549	40.790118	18.166431
Total	92324.663463	44424.287477	47900.375986
1997			
 0-4	53603.910629	27467.822617	26136.088013
 5-9	0.000000	0.000000	0.000000
 10-14 	0.000000	0.000000	0.000000
 15-19 	176.658451	45.037118	131.621333
 20-24 	3139.543797	986.156663	2153.387134
 25-29 	11867.994031	4732.133235	7135.860796
 30-34 	14295.870270	6608.580429	7687.289841
 35-39 	14359.495300	7124.804413	7234.690887
 40-44 	12143.813225	5961.499855	6182.313370
 45-49 	11583.888840	5288.627594	6295.261246
 50-54 	8409.356865	3476.568123	4932.788742
 55-59 	5059.920456	2002.771255	3057.149200
 60-64 	2966.170948	1295.214260	1670.956688
 65-69 	1757.056461	904.225782	852.830679
 70-74 	1112.952347	579.354452	533.597895
 75-79 	631.391249	288.682860	342.708388
 80+ 	110.773701	74.714950	36.058751
Total	141218.796569	66836.193606	74382.602963
1998			
 0-4	66707.578598	34223.277832	32484.300766
 5-9	0.000000	0.000000	0.000000
 10-14 	0.000000	0.000000	0.000000
 15-19 	227.597161	56.956657	170.640504
 20-24 	4744.988486	1440.686161	3304.302324
 25-29 	18472.286057	7196.724277	11275.561779
 30-34 	22933.033600	10488.752197	12444.281403
 35-39 	22717.619980	11235.089294	11482.530685
 40-44 	19285.593338	9384.494095	9901.099243
 45-49 	18110.249756	8105.561249	10004.688507
 50-54 	12675.902130	5058.326202	7617.575928
 55-59 	7660.348557	2890.315628	4770.032928
 60-64 	4491.918594	1881.535225	2610.383369
 65-69 	2679.786552	1345.070831	1334.715721
 70-74 	1694.541475	888.697245	805.844231
 75-79 	977.591202	451.500374	526.090828
 80+ 	190.305013	124.856493	65.448520
Total	203569.340498	94771.843762	108797.496737
1999			
 0-4	79304.557419	40649.512802	38655.044617
 5-9	0.000000	0.000000	0.000000
 10-14 	0.000000	0.000000	0.000000
 15-19 	268.846298	66.607529	202.238769
 20-24 	6601.948384	1947.622517	4654.325867
 25-29 	26581.508121	10096.642773	16484.865349
 30-34 	34054.709564	15333.778625	18720.930939
 35-39 	33340.854218	16422.897308	16917.956909
 40-44 	28368.072571	13748.794067	14619.278503
 45-49 	26351.936859	11674.170959	14677.765900
 50-54 	17865.504684	6981.610794	10883.893890
 55-59 	10757.314560	3902.614319	6854.700241
 60-64 	6303.407303	2532.113007	3771.294296
 65-69 	3777.109585	1840.311180	1936.798405
 70-74 	2388.579128	1250.092316	1138.486813
 75-79 	1411.103817	654.306570	756.797247
 80+ 	301.366711	191.537018	109.829693
Total	277676.819222	127292.611784	150384.207438
2000			
 0-4	92564.420797	47326.972098	45237.448699
 5-9	0.000000	0.000000	0.000000
 10-14 	0.000000	0.000000	0.000000
 15-19 	296.421243	73.270446	223.150797
 20-24 	8535.356975	2464.134831	6071.222144
 25-29 	35833.029701	13275.083382	22557.946320
 30-34 	47093.263672	20751.631714	26341.631958
 35-39 	45879.793518	22445.429077	23434.364441
 40-44 	39052.549072	18903.480316	20149.068756
 45-49 	36013.918121	15924.432434	20089.485687
 50-54 	23863.946228	9276.056458	14587.889771
 55-59 	14183.021530	5009.746231	9173.275299
 60-64 	8294.195435	3200.215302	5093.980133
 65-69 	4973.748779	2342.841309	2630.907471
 70-74 	3153.373425	1631.238670	1522.134754
 75-79 	1924.247110	889.831459	1034.415651
 80+ 	446.669434	273.703243	172.966190
Total	362107.955041	163788.066969	198319.888072
2001			
 0-4	105099.861706	53552.959572	51546.902134
 5-9	170.234564	90.522684	79.711879
 10-14 	0.000000	0.000000	0.000000
 15-19 	311.294821	77.738285	233.556536
 20-24 	10337.139845	2942.483299	7394.656546
 25-29 	45541.883350	16405.922718	29135.960632
 30-34 	61221.016724	26345.059326	34875.957397
 35-39 	59659.878052	28888.325867	30771.552185
 40-44 	50685.799622	24561.874207	26123.925415
 45-49 	46530.555603	20675.421387	25855.134216
 50-54 	30345.384247	11874.621307	18470.762939
 55-59 	17701.085678	6173.366318	11527.719360
 60-64 	10329.873581	3840.787628	6489.085953
 65-69 	6171.388664	2799.004768	3372.383896
 70-74 	3930.204132	1993.044701	1937.159431
 75-79 	2478.491207	1136.013046	1342.478161
 80+ 	626.178043	367.722862	258.455181
Total	451140.269838	201724.867976	249415.401863
2002			
 0-4	114561.167299	58203.301088	56357.866211
 5-9	793.403943	417.792933	375.611010
 10-14 	0.000000	0.000000	0.000000
 15-19 	318.951174	81.931515	237.019658
 20-24 	11807.402241	3334.671956	8472.730285
 25-29 	54894.087448	19281.272278	35612.815170
 30-34 	75500.213013	31664.563843	43835.649170
 35-39 	73919.315063	35307.577637	38611.737427
 40-44 	62515.748169	30340.947388	32174.800781
 45-49 	57274.637268	25655.188599	31619.448669
 50-54 	36975.701813	14644.674286	22331.027527
 55-59 	21072.097809	7334.088654	13738.009155
 60-64 	12295.000229	4424.692230	7870.307999
 65-69 	7278.194550	3169.691055	4108.503494
 70-74 	4663.257515	2306.380272	2356.877243
 75-79 	3021.422455	1370.758270	1650.664185
 80+ 	836.187279	469.188141	366.999138
Total	537726.787266	238006.720144	299720.067122
2003			
 0-4	109874.274990	55728.727140	54145.547850
 5-9	1997.916116	1043.072019	954.844096
 10-14 	0.000000	0.000000	0.000000
 15-19 	330.839965	90.751506	240.088459
 20-24 	12814.864496	3608.868507	9205.995989
 25-29 	63241.444473	21768.705963	41472.738510
 30-34 	88911.319824	36362.674927	52548.644897
 35-39 	87897.374634	41299.390991	46597.983643
 40-44 	73841.799805	35845.722290	37996.077515
 45-49 	67659.891052	30565.176025	37094.715027
 50-54 	43382.271454	17399.338776	25982.932678
 55-59 	24147.885803	8443.368408	15704.517395
 60-64 	14088.423965	4931.271286	9157.152679
 65-69 	8231.245552	3438.462914	4792.782639
 70-74 	5304.726120	2552.844566	2751.881554
 75-79 	3501.778519	1573.479256	1928.299263
 80+ 	1073.060577	577.073151	495.987427
Total	606299.117345	265228.927725	341070.189620
2004			
 0-4	104655.651897	53052.987136	51602.664761
 5-9	3949.129375	2048.724253	1900.405122
 10-14 	0.000000	0.000000	0.000000
 15-19 	368.710147	114.432473	254.277674
 20-24 	13344.843313	3764.402026	9580.441287
 25-29 	70230.120977	23835.420818	46394.700158
 30-34 	100882.138566	40331.047136	60551.091430
 35-39 	101009.779429	46576.788181	54432.991248
 40-44 	84314.363216	40843.375356	43470.987860
 45-49 	77391.970243	35246.654139	42145.316105
 50-54 	49372.363199	20049.185092	29323.178107
 55-59 	26969.456914	9519.486995	17449.969918
 60-64 	15670.987561	5363.432848	10307.554712
 65-69 	9028.842443	3618.393278	5410.449165
 70-74 	5836.551014	2729.389366	3107.161648
 75-79 	3899.431459	1734.346332	2165.085127
 80+ 	1334.605906	693.047253	641.558653
Total	668258.945658	289521.112683	378737.832976
2005			
 0-4	102258.451604	51854.530692	50403.920911
 5-9	6501.233554	3362.421070	3138.812485
 10-14 	0.000000	0.000000	0.000000
 15-19 	474.036195	173.168302	300.867893
 20-24 	13550.199956	3833.348458	9716.851498
 25-29 	77636.084254	25939.026410	51697.057844
 30-34 	115210.372231	44826.735321	70383.636909
 35-39 	117010.641285	52328.319622	64682.321663
 40-44 	97750.435894	46668.537838	51081.898056
 45-49 	89822.901024	40806.007393	49016.893631
 50-54 	57681.831722	23415.399078	34266.432644
 55-59 	31158.119921	10982.757006	20175.362915
 60-64 	17941.401116	5950.946135	11990.454982
 65-69 	10193.888054	3869.320905	6324.567149
 70-74 	6555.344845	2942.322446	3613.022398
 75-79 	4420.199371	1921.486495	2498.712877
 80+ 	1700.355200	847.387703	852.967497
Total	749865.496226	319721.714873	430143.781352
2006			
 0-4	103584.001720	52574.213062	51009.788658
 5-9	9005.752777	4654.829788	4350.922989
 10-14 	161.538017	86.601426	74.936591
 15-19 	709.862345	300.283114	409.579231
 20-24 	13493.609445	3836.143354	9657.466091
 25-29 	84447.608014	27865.798147	56581.809867
 30-34 	131426.114918	49612.641224	81813.473694
 35-39 	135251.863796	58517.815945	76734.047852
 40-44 	113790.522514	53178.647766	60611.874748
 45-49 	104213.381413	47039.125088	57174.256325
 50-54 	68600.762466	27695.759018	40905.003448
 55-59 	36816.101077	12908.603173	23907.497904
 60-64 	20932.665651	6728.083780	14204.581871
 65-69 	11755.368639	4202.481645	7552.886993
 70-74 	7443.619636	3182.905051	4260.714585
 75-79 	5050.822374	2135.306046	2915.516328
 80+ 	2185.480997	1041.439066	1144.041931
Total	848869.075799	355560.676693	493308.399106
2007			
 0-4	110268.372646	56026.941320	54241.431326
 5-9	11212.301527	5797.200478	5415.101049
 10-14 	753.800321	400.303921	353.496400
 15-19 	1172.263601	545.782738	626.480863
 20-24 	13256.103225	3791.199382	9464.903842
 25-29 	90625.202269	29613.877615	61011.324654
 30-34 	150046.632904	55000.810684	95045.822220
 35-39 	157185.311516	65559.329231	91625.982285
 40-44 	133858.807625	60887.949318	72970.858307
 45-49 	121378.891136	54255.483589	67123.407547
 50-54 	83087.719746	33272.175816	49815.543930
 55-59 	44551.169943	15511.968878	29039.201065
 60-64 	24903.613294	7780.674584	17122.938709
 65-69 	13902.023582	4672.613444	9229.410138
 70-74 	8578.718072	3469.791543	5108.926529
 75-79 	5844.000108	2393.660933	3450.339175
 80+ 	2812.144519	1278.971442	1533.173077
Total	973437.076033	400258.734918	573178.341115
2008			
 0-4	103505.386572	52615.772259	50889.614313
 5-9	13022.232706	6739.187260	6283.045446
 10-14 	1901.394981	1001.748555	899.646427
 15-19 	1967.268420	964.759972	1002.508447
 20-24 	12925.401226	3721.265438	9204.135789
 25-29 	95768.008667	31093.721685	64674.286982
 30-34 	171033.671425	61083.333397	109950.338028
 35-39 	183024.520538	73580.120392	109444.400146
 40-44 	158452.612007	69975.497231	88477.114777
 45-49 	141493.888603	62579.340538	78914.548065
 50-54 	101475.189011	40364.283951	61110.905060
 55-59 	54733.626169	18966.335455	35767.290714
 60-64 	30045.704226	9195.596087	20850.108139
 65-69 	16738.985597	5310.958713	11428.026884
 70-74 	9992.620552	3805.347002	6187.273550
 75-79 	6800.884796	2693.442074	4107.442722
 80+ 	3573.538868	1551.172462	2022.366405
Total	1106454.934364	445241.882469	661213.051895
2009			
 0-4	82683.882198	42030.765466	40653.116732
 5-9	13731.221355	7112.328115	6618.893240
 10-14 	3762.240873	1972.266077	1789.974797
 15-19 	3137.418777	1579.304688	1558.114089
 20-24 	12493.301831	3631.981219	8861.320612
 25-29 	97657.802445	31730.835180	65926.967265
 30-34 	189253.818588	66414.510330	122839.308258
 35-39 	207154.390991	80798.968994	126355.421997
 40-44 	182530.599380	78466.523888	104064.075493
 45-49 	160339.604439	70400.650856	89938.953583
 50-54 	120008.066647	47737.053638	72271.013008
 55-59 	65720.007973	22829.245800	42890.762173
 60-64 	35551.177529	10798.126859	24753.050671
 65-69 	19753.015056	5983.500654	13769.514402
 70-74 	11389.357571	4085.087979	7304.269591
 75-79 	7669.392636	2940.552278	4728.840358
 80+ 	4319.869946	1795.853743	2524.016204
Total	1217155.168236	480307.555763	736847.612473
2010			
 0-4	69876.936907	35519.841311	34357.095596
 5-9	14377.558212	7448.056631	6929.501581
 10-14 	6193.254558	3243.220659	2950.033900
 15-19 	11865.128258	5201.196050	6663.932208
 20-24 	74033.976907	23504.004121	50529.972785
 25-29 	275981.153310	97397.937187	178583.216123
 30-34 	438730.103043	164297.265976	274432.837067
 35-39 	456546.670753	185170.649849	271376.020905
 40-44 	372945.080101	163888.685104	209056.394997
 45-49 	287798.387222	129543.833878	158254.553345
 50-54 	197990.286243	81206.181355	116784.104889
 55-59 	111504.324860	40236.382839	71267.942020
 60-64 	60018.441963	19137.284433	40881.157530
 65-69 	33411.876876	10420.408831	22991.468045
 70-74 	19341.026993	6857.478256	12483.548737
 75-79 	12772.665643	4890.853513	7881.812129
 80+ 	6751.547394	2861.970065	3889.577329
Total	2450138.419243	980825.250059	1469313.169185
2011			
 0-4	69236.918052	35198.937427	34037.980625
 5-9	17430.272179	9017.738415	8412.533764
 10-14 	8573.797987	4494.000733	4079.797254
 15-19 	15107.907140	6911.609137	8196.298003
 20-24 	71688.948189	22991.123050	48697.825139
 25-29 	270245.330400	96183.874334	174061.456066
 30-34 	449976.876419	168672.497406	281304.379013
 35-39 	479548.165955	191828.844116	287719.321838
 40-44 	393565.027481	170092.741226	223472.286255
 45-49 	304481.816200	136495.210594	167986.605606
 50-54 	214139.333717	88548.791576	125590.542141
 55-59 	124606.943699	45424.362545	79182.581154
 60-64 	66887.747804	21491.601071	45396.146732
 65-69 	36848.340128	11239.280690	25609.059438
 70-74 	20808.192654	6999.148338	13809.044317
 75-79 	13355.054124	4919.018185	8436.035939
 80+ 	7318.100933	2982.116913	4335.984020
Total	2563818.773060	1023490.895757	1540327.877304
2012			
 0-4	60485.765993	30774.527751	29711.238242
 5-9	25474.899944	13148.363060	12326.536884
 10-14 	10668.628878	5596.915819	5071.713058
 15-19 	19265.147000	9037.114107	10228.032892
 20-24 	70220.669660	22788.287614	47432.382046
 25-29 	269427.327188	96149.734755	173277.592434
 30-34 	469461.279984	175890.195694	293571.084290
 35-39 	518957.580627	204570.906860	314386.673767
 40-44 	429770.435318	181931.000992	247839.434326
 45-49 	335208.278397	148683.117966	186525.160431
 50-54 	238627.380539	99214.610733	139412.769806
 55-59 	144495.610268	53077.557571	91418.052696
 60-64 	77805.287786	25162.827116	52642.460670
 65-69 	42213.704478	12652.728351	29560.976128
 70-74 	23498.750956	7502.633677	15996.117279
 75-79 	14547.471548	5098.819964	9448.651584
 80+ 	8199.061415	3205.774723	4993.286692
Total	2758327.279978	1094485.116753	1663842.163226
2013			
 0-4	42248.683221	21534.897736	20713.785485
 5-9	39026.338077	20085.484370	18940.853707
 10-14 	12385.776873	6501.243389	5884.533484
 15-19 	24307.057620	11573.178473	12733.879146
 20-24 	69831.606239	23010.205406	46821.400833
 25-29 	272524.173796	97178.736265	175345.437531
 30-34 	498092.640129	186623.245514	311469.394615
 35-39 	576383.979889	224557.091461	351826.888428
 40-44 	484347.531853	200883.007141	283464.524712
 45-49 	380165.753693	166660.856583	213504.897110
 50-54 	272451.111839	114129.240051	158321.871788
 55-59 	171195.818497	63576.983360	107618.835136
 60-64 	92960.783939	30387.749897	62573.034042
 65-69 	49583.588150	14761.039185	34822.548965
 70-74 	27410.270763	8389.825371	19020.445393
 75-79 	16326.323046	5436.013826	10890.309220
 80+ 	9432.486416	3550.921059	5881.565357
Total	3038673.924039	1198839.719087	1839834.204952
2014			
 0-4	38286.396587	19532.769279	18753.627308
 5-9	44984.493814	23151.522866	21832.970948
 10-14 	13058.403708	6856.320169	6202.083538
 15-19 	29646.648704	14297.236528	15349.412176
 20-24 	70385.879529	23665.993254	46719.886275
 25-29 	272766.008315	97321.899532	175444.108783
 30-34 	524105.536316	196908.535751	327197.000565
 35-39 	633468.811981	245658.525261	387810.286720
 40-44 	542872.332905	221729.470634	321142.862270
 45-49 	427009.678677	185206.793884	241802.884792
 50-54 	308458.795017	130363.233154	178095.561863
 55-59 	199554.172691	75216.757378	124337.415314
 60-64 	109861.681705	36437.409580	73424.272124
 65-69 	57818.221170	17251.785419	40566.435751
 70-74 	31736.265053	9407.750041	22328.515012
 75-79 	18203.640614	5771.280071	12432.360543
 80+ 	10770.356197	3906.385794	6863.970404
Total	3332987.322982	1312683.668598	2020303.654385
2015			
 0-4	32028.721965	16353.767039	15674.954926
 5-9	47713.078535	24566.954530	23146.124006
 10-14 	13664.989874	7174.834015	6490.155859
 15-19 	34902.905491	17096.027363	17806.878129
 20-24 	71033.470309	24497.711507	46535.758802
 25-29 	267444.235753	96296.234263	171148.001491
 30-34 	540744.445755	205587.567795	335156.877960
 35-39 	682886.719040	267617.339142	415269.379898
 40-44 	601113.672905	245576.800484	355536.872421
 45-49 	471319.030739	204018.268135	267300.762604
 50-54 	344248.934582	148040.588158	196208.346424
 55-59 	227421.456825	88008.857174	139412.599651
 60-64 	127515.768389	43442.011356	84073.757032
 65-69 	66611.311178	20260.314515	46350.996663
 70-74 	36155.919094	10591.653296	25564.265798
 75-79 	20055.764841	6151.304171	13904.460670
 80+ 	12114.785661	4269.629335	7845.156325
Total	3596975.210936	1429549.862277	2167425.348660
2016			
 0-4	26157.412648	13352.730005	12804.682644
 5-9	49328.411722	25389.587219	23938.824504
 10-14 	16545.999249	8678.302376	7867.696873
 15-19 	39823.096959	19677.771500	20145.325459
 20-24 	72289.915533	25778.469318	46511.446215
 25-29 	261291.736386	94714.035915	166577.700470
 30-34 	553797.213467	212525.021832	341272.191635
 35-39 	732882.313057	289401.035233	443481.277824
 40-44 	665697.736427	271045.063766	394652.672661
 45-49 	521121.309059	224190.683239	296930.625820
 50-54 	383854.327408	166641.304626	217213.022781
 55-59 	257256.792997	101671.299915	155585.493082
 60-64 	147952.082249	51473.613381	96478.468867
 65-69 	77120.826621	23822.888582	53297.938039
 70-74 	41266.576222	11949.673902	29316.902320
 75-79 	22324.994759	6594.399857	15730.594903
 80+ 	13598.644158	4626.217060	8972.427098
Total	3882309.388921	1551532.097725	2330777.291196
2017			
 0-4	22461.276214	11458.321806	11002.954408
 5-9	46392.533234	23870.697791	22521.835443
 10-14 	24151.152012	12622.825977	11528.326035
 15-19 	44318.549029	21974.833790	22343.715239
 20-24 	74366.244272	27272.532239	47093.712033
 25-29 	255173.352888	92661.958552	162511.394337
 30-34 	562461.751781	216587.187141	345874.564640
 35-39 	779786.583939	309454.382431	470332.201508
 40-44 	733369.884888	297529.283142	435840.601746
 45-49 	575660.845734	245163.401131	330497.444603
 50-54 	426052.191677	185538.559364	240513.632313
 55-59 	288040.238758	115864.402830	172175.835928
 60-64 	170869.623438	60501.970128	110367.653310
 65-69 	89340.956338	27974.552111	61366.404227
 70-74 	46906.916599	13469.430578	33437.486021
 75-79 	25008.372110	7116.805483	17891.566628
 80+ 	15195.728076	4960.812641	10234.915435
Total	4179556.200986	1674021.957136	2505534.243850
2018			
 0-4	17330.386939	8841.551362	8488.835577
 5-9	36925.163431	19028.647861	17896.515570
 10-14 	37005.877845	19253.304516	17752.573329
 15-19 	46645.811868	23112.761084	23533.050784
 20-24 	75817.283235	28622.810463	47194.472772
 25-29 	247302.007153	90212.376265	157089.630888
 30-34 	562733.437929	217420.182627	345313.255302
 35-39 	817219.450172	326504.863876	490714.586296
 40-44 	799087.799809	324277.426559	474810.373249
 45-49 	630715.832262	266289.985662	364425.846600
 50-54 	469100.607901	204401.867510	264698.740391
 55-59 	318762.887465	130480.445681	188282.441784
 60-64 	195107.034832	70368.881289	124738.153543
 65-69 	102789.181217	32672.264380	70116.916837
 70-74 	52868.309124	15162.580780	37705.728345
 75-79 	27948.373568	7712.802085	20235.571483
 80+ 	16858.442546	5273.048784	11585.393762
Total	4454217.887295	1789635.800784	2664582.086511
2019			
 0-4	15083.922333	7691.255218	7392.667115
 5-9	32526.673580	16801.766647	15724.906933
 10-14 	42656.385869	22196.374440	20460.011429
 15-19 	47493.152069	23500.749798	23992.402271
 20-24 	77503.672814	30101.777505	47401.895309
 25-29 	237976.442486	87345.246663	150631.195823
 30-34 	554263.009565	214528.168024	339734.841541
 35-39 	843429.452389	338963.481762	504465.970627
 40-44 	860475.311722	349881.516712	510593.795010
 45-49 	685575.804268	287233.809849	398341.994419
 50-54 	512162.196064	222322.302002	289839.894062
 55-59 	349981.481133	145381.889473	204599.591660
 60-64 	219904.032490	80763.434185	139140.598305
 65-69 	117288.992236	37826.512813	79462.479423
 70-74 	59358.815600	17073.172137	42285.643463
 75-79 	31090.367480	8361.468340	22728.899140
 80+ 	18604.869584	5564.960011	13039.909573
Total	4705374.581681	1895537.885579	2809836.696102
2020			
 0-4	14562.638727	7427.267027	7135.371700
 5-9	28426.412821	14719.936403	13706.476418
 10-14 	45255.264929	23564.184859	21691.080070
 15-19 	47501.827803	23622.561434	23879.266369
 20-24 	79731.724990	31652.281492	48079.443498
 25-29 	228236.557734	84411.376032	143825.181702
 30-34 	538466.497261	208613.555717	329852.941544
 35-39 	858305.816227	346604.466915	511701.349312
 40-44 	915741.903946	373540.985123	542200.918823
 45-49 	742284.216759	309260.135307	433024.081451
 50-54 	553470.148151	238369.703781	315100.444370
 55-59 	382042.141314	160513.517866	221528.623447
 60-64 	244782.936070	91543.334939	153239.601131
 65-69 	132813.002321	43455.968260	89357.034060
 70-74 	66620.926165	19275.149990	47345.776175
 75-79 	34413.950181	9069.176215	25344.773967
 80+ 	20469.694306	5853.045222	14616.649084
Total	4933125.659705	1991496.646583	2941629.013121
2021			
 0-4	13773.931883	7025.636704	6748.295179
 5-9	23466.469934	12171.903641	11294.566294
 10-14 	46773.315426	24353.294275	22420.021151
 15-19 	48590.795912	24246.516104	24344.279808
 20-24 	81999.965332	33225.147935	48774.817396
 25-29 	219021.397781	81646.783379	137374.614402
 30-34 	517554.326546	200787.481186	316766.845360
 35-39 	862142.918842	349368.880894	512774.037949
 40-44 	962628.450447	394298.713165	568329.737282
 45-49 	799870.757435	331248.723927	468622.033508
 50-54 	594748.232975	254308.625389	340439.607586
 55-59 	414653.542542	175583.064140	239070.478401
 60-64 	269279.541852	102533.995175	166745.546677
 65-69 	149539.375719	49652.281261	99887.094458
 70-74 	74764.442148	21800.652444	52963.789704
 75-79 	37929.636546	9853.133537	28076.503009
 80+ 	22485.949561	6151.113788	16334.835773
Total	5139223.050881	2078255.946944	3060967.103937
2022			
 0-4	13798.507625	7036.302892	6762.204734
 5-9	18253.807220	9472.558002	8781.249218
 10-14 	43945.038507	22901.341676	21043.696831
 15-19 	52245.146066	26227.711511	26017.434555
 20-24 	84459.890469	34783.803473	49676.086996
 25-29 	210603.677200	79099.653674	131504.023525
 30-34 	494133.730156	192163.784187	301969.945969
 35-39 	855410.134361	347449.397514	507960.736847
 40-44 	999543.577511	411315.877964	588227.699547
 45-49 	856626.489281	353484.281700	503142.207581
 50-54 	637505.241489	270208.552975	367296.688515
 55-59 	447831.085226	190441.362989	257389.722237
 60-64 	293186.313513	113626.465977	179559.847536
 65-69 	167546.444770	56470.044417	111076.400352
 70-74 	83939.027849	24703.228381	59235.799468
 75-79 	41629.472221	10722.523593	30906.948628
 80+ 	24693.251045	6474.712896	18218.538149
Total	5325350.834510	2156581.603822	3168769.230687
2023			
 0-4	13986.013734	7133.905919	6852.107815
 5-9	13931.757259	7221.388060	6710.369200
 10-14 	34866.745420	18256.487041	16610.258379
 15-19 	60516.501500	30556.782370	29959.719130
 20-24 	85813.623574	35585.779603	50227.843971
 25-29 	203035.704676	76793.120643	126242.584034
 30-34 	470215.230072	183606.125679	286609.104393
 35-39 	838838.989403	341237.377510	497601.611893
 40-44 	1025643.507057	424070.293152	601573.213905
 45-49 	911734.329613	375782.620461	535951.709152
 50-54 	681016.775784	286026.340717	394990.435066
 55-59 	482111.658318	205104.557869	277007.100449
 60-64 	317047.822609	124922.715574	192125.107035
 65-69 	186632.931779	63878.733994	122754.197784
 70-74 	94143.005035	27991.103917	66151.901118
 75-79 	45631.937862	11717.350093	33914.587769
 80+ 	27098.542190	6831.415429	20267.126760
Total	5492265.075884	2226716.098032	3265548.977852
2024			
 0-4	13605.568877	6944.100748	6661.468129
 5-9	11815.010778	6111.056105	5703.954674
 10-14 	30679.120735	16123.270084	14555.850651
 15-19 	60245.793634	30493.312600	29752.481034
 20-24 	86280.712778	35851.316970	50429.395808
 25-29 	197683.146099	75254.440480	122428.705619
 30-34 	447008.670055	175572.874302	271435.795753
 35-39 	813819.521950	331448.726395	482370.795555
 40-44 	1040651.706604	432231.267250	608420.439354
 45-49 	963882.838409	397651.507912	566231.330498
 50-54 	725418.704468	302224.477341	423194.227127
 55-59 	517108.041035	219174.472744	297933.568291
 60-64 	341688.965395	136561.846167	205127.119228
 65-69 	206274.429573	71747.988203	134526.441370
 70-74 	105260.518366	31642.216107	73618.302259
 75-79 	50140.681810	12895.285594	37245.396215
 80+ 	29690.830950	7224.666317	22466.164633
Total	5641254.261517	2289152.825317	3352101.436199
2025			
 0-4	13434.166482	6859.563674	6574.602807
 5-9	11752.086422	6081.851076	5670.235346
 10-14 	26831.861959	14134.778589	12697.083370
 15-19 	56752.201767	28760.753097	27991.448670
 20-24 	86256.587226	35974.275476	50282.311750
 25-29 	194930.081420	74542.269991	120387.811430
 30-34 	425382.133514	168223.863686	257158.269829
 35-39 	782514.114784	319211.251297	463302.863487
 40-44 	1044657.854744	435672.134842	608985.719902
 45-49 	1011277.629311	418275.181969	593002.447342
 50-54 	772724.587063	320060.936787	452663.650276
 55-59 	550965.684288	231723.062809	319242.621479
 60-64 	367448.282747	148510.682884	218937.599863
 65-69 	226047.163505	79959.945729	146087.217775
 70-74 	117242.262092	35662.454989	81579.807103
 75-79 	55323.573732	14299.117710	41024.456022
 80+ 	32473.739373	7662.610520	24811.128853
Total	5776014.010429	2345614.735124	3430399.275304
2026			
 0-4	13406.697252	6847.707620	6558.989633
 5-9	11486.938419	5946.868275	5540.070145
 10-14 	22162.005264	11694.324053	10467.681211
 15-19 	52750.680658	26755.688176	25994.992482
 20-24 	87160.151483	36502.497025	50657.654458
 25-29 	194229.438493	74666.071518	119563.366975
 30-34 	405950.963289	161541.531144	244409.432145
 35-39 	747699.953918	305916.337067	441783.616852
 40-44 	1038129.465385	434415.400253	603714.065132
 45-49 	1051610.561478	436636.896202	614973.665276
 50-54 	821940.534924	338391.957756	483548.577168
 55-59 	585288.983616	244465.243935	340823.739681
 60-64 	394081.289850	160529.347961	233551.941889
 65-69 	245567.129589	88377.427919	157189.701670
 70-74 	130233.685533	40121.198508	90112.487024
 75-79 	61238.212550	15941.029535	45297.183016
 80+ 	35474.737164	8159.271910	27315.465254
Total	5898411.428866	2396908.798857	3501502.630010
2027			
 0-4	13283.802593	6786.860460	6496.942133
 5-9	11341.172523	5869.478447	5471.694077
 10-14 	17239.347595	9101.492178	8137.855417
 15-19 	46451.724676	23568.507614	22883.217063
 20-24 	89943.343977	38036.428795	51906.915182
 25-29 	195410.903870	75518.234567	119892.669302
 30-34 	388728.698866	155381.952248	233346.746618
 35-39 	712302.383553	292808.361656	419494.021896
 40-44 	1021749.410805	428743.508606	593005.902199
 45-49 	1083145.456657	451803.432060	631342.024597
 50-54 	871395.293026	357501.999451	513893.293575
 55-59 	621517.702682	257412.323669	364105.379013
 60-64 	421606.513273	172494.930523	249111.582750
 65-69 	264681.381353	96916.521063	167764.860291
 70-74 	144299.613767	45058.019043	99241.594724
 75-79 	67979.354347	17850.483413	50128.870934
 80+ 	38712.448032	8724.196730	29988.251303
Total	6009788.551596	2443576.730523	3566211.821073
2028			
 0-4	13150.141571	6720.343591	6429.797980
 5-9	11344.975208	5871.245840	5473.729368
 10-14 	13154.679773	6935.784985	6218.894789
 15-19 	36300.121554	18419.666446	17880.455108
 20-24 	96417.877759	41458.927435	54958.950324
 25-29 	196814.965830	76248.719725	120566.246105
 30-34 	373761.335363	149762.433758	223998.901606
 35-39 	678418.941429	280729.486702	397689.454727
 40-44 	996399.090889	419129.309708	577269.781181
 45-49 	1104886.842682	463164.793648	641722.049034
 50-54 	920317.023216	377204.671864	543112.351353
 55-59 	658976.826065	270531.381260	388445.444805
 60-64 	450511.524355	184430.298889	266081.225466
 65-69 	283887.899047	105665.292190	178222.606857
 70-74 	159267.458888	50447.755201	108819.703687
 75-79 	75525.522517	20026.830668	55498.691849
 80+ 	42274.364676	9382.704951	32891.659725
Total	6111409.590824	2486129.646859	3625279.943965
2029			
 0-4	12990.392598	6640.528018	6349.864580
 5-9	11393.893999	5897.635262	5496.258738
 10-14 	11157.844287	5867.149408	5290.694879
 15-19 	31935.280905	16192.086871	15743.194034
 20-24 	94824.375289	40758.577986	54065.797302
 25-29 	197985.323267	76819.938345	121165.384921
 30-34 	362602.705206	145378.674206	217224.031000
 35-39 	647052.821754	269928.694923	377124.126831
 40-44 	963614.196899	406387.586639	557226.610260
 45-49 	1116500.735786	470354.607834	646146.127953
 50-54 	967409.175606	396997.223602	570411.952003
 55-59 	697816.945023	284261.422691	413555.522331
 60-64 	480429.125071	195984.467487	284444.657583
 65-69 	303925.311607	114742.028362	189183.283245
 70-74 	174704.687065	56193.611611	118511.075454
 75-79 	83776.262424	22451.825185	61324.437239
 80+ 	46289.789413	10167.847567	36121.941847
Total	6204408.866199	2525023.905999	3679384.960200
2030			
 0-4	12737.700153	6512.778566	6224.921587
 5-9	11508.329185	5959.725540	5548.603645
 10-14 	11100.584383	5839.975119	5260.609264
 15-19 	28333.998081	14300.308327	14033.689754
 20-24 	90141.400440	38449.065631	51692.334809
 25-29 	198686.587825	77326.554186	121360.033638
 30-34 	355823.835037	142511.854559	213311.980478
 35-39 	618615.780685	260228.849442	358386.931244
 40-44 	925740.387932	391757.058556	533983.329376
 45-49 	1117987.493057	473191.415466	644796.077591
 50-54 	1010858.567074	416048.727131	594809.839943
 55-59 	739901.181889	299748.858051	440152.323837
 60-64 	509600.610764	206305.308073	303295.302691
 65-69 	325108.250607	124126.054234	200982.196373
 70-74 	190266.524799	62208.951538	128057.573261
 75-79 	92690.306417	25128.855023	67561.451394
 80+ 	50860.198517	11103.669422	39756.529095
Total	6289961.736845	2560748.008863	3729213.727981
2031			
 0-4	12514.212806	6399.107766	6115.105040
 5-9	11547.689714	5983.350298	5564.339417
 10-14 	10850.377378	5710.933735	5139.443644
 15-19 	23976.749762	12009.915254	11966.834508
 20-24 	85267.442965	36000.409980	49267.032985
 25-29 	199709.716313	77995.796127	121713.920186
 30-34 	352947.851936	141333.515480	211614.336456
 35-39 	593270.429358	251295.632617	341974.796741
 40-44 	885698.713608	376706.347366	508992.366241
 45-49 	1109732.910736	471653.480659	638079.430077
 50-54 	1048384.139481	433349.776875	615034.362606
 55-59 	784322.606306	315943.395174	468379.211132
 60-64 	539432.174505	216935.683922	322496.490583
 65-69 	347243.104390	133630.157718	213612.946672
 70-74 	205656.986746	68397.555292	137259.431454
 75-79 	102382.655300	28107.024485	74275.630816
 80+ 	56019.270104	12198.252814	43821.017290
Total	6368957.031409	2593650.335562	3775306.695846
2032			
 0-4	12256.929237	6267.922737	5989.006500
 5-9	11465.810286	5942.684387	5523.125898
 10-14 	10711.989454	5636.331232	5075.658222
 15-19 	19345.246305	9572.940755	9772.305549
 20-24 	78918.257933	32773.532119	46144.725814
 25-29 	201520.491673	79145.056825	122375.434847
 30-34 	353532.986595	141719.737335	211813.249260
 35-39 	570737.847115	242782.890673	327954.956442
 40-44 	846409.472549	362475.899734	483933.572815
 45-49 	1092347.487717	465984.328117	626363.159599
 50-54 	1078211.613319	447956.801983	630254.811337
 55-59 	829491.784906	333113.493729	496378.291178
 60-64 	571267.711796	227863.004484	343404.707312
 65-69 	370354.959336	143160.162781	227194.796556
 70-74 	220771.390383	74702.796771	146068.593612
 75-79 	112906.803914	31414.784400	81492.019514
 80+ 	61824.137961	13468.987123	48355.150839
Total	6442074.920478	2623981.355186	3818093.565293
2033			
 0-4	11992.524314	6132.972845	5859.551469
 5-9	11372.140373	5895.179996	5476.960377
 10-14 	10714.271515	5638.052277	5076.219238
 15-19 	15510.634289	7548.556600	7962.077689
 20-24 	69561.867205	28021.836644	41540.030561
 25-29 	205748.347412	81555.939065	124192.408347
 30-34 	355756.458961	142778.936676	212977.522285
 35-39 	551113.165739	234747.408075	316365.757664
 40-44 	809794.919334	349787.357292	460007.562042
 45-49 	1066619.988075	456614.353180	610005.634895
 50-54 	1099255.553490	459223.482422	640032.071068
 55-59 	874690.369339	351087.830605	523602.538734
 60-64 	604506.366587	239068.186392	365438.180195
 65-69 	394885.702049	152742.206019	242143.496030
 70-74 	236035.837434	81193.908061	154841.929373
 75-79 	124125.665667	35034.252499	89091.413168
 80+ 	68299.373115	14924.506310	53374.866804
Total	6509983.184899	2651994.964959	3857988.219940
2034			
 0-4	11767.862570	6018.315340	5749.547230
 5-9	11268.731522	5843.310747	5425.420774
 10-14 	10759.692600	5663.660362	5096.032238
 15-19 	13670.027384	6568.772450	7101.254934
 20-24 	65564.761898	25985.112339	39579.649559
 25-29 	202566.273761	80139.491001	122426.782760
 30-34 	358158.680229	144021.623848	214137.056381
 35-39 	536250.288948	228140.417301	308109.871647
 40-44 	776468.611778	338621.584236	437847.027542
 45-49 	1033978.959427	444319.011337	589659.948090
 50-54 	1111078.654293	466740.624062	644338.030231
 55-59 	918677.960579	369388.158272	549289.802307
 60-64 	639270.227673	250932.199444	388338.028229
 65-69 	420518.886739	162083.889457	258434.997282
 70-74 	252065.649129	87958.806288	164106.842841
 75-79 	135699.956589	38898.835104	96801.121486
 80+ 	75448.658956	16568.680706	58879.978250
Total	6573213.884074	2677892.492293	3895321.391782
2035			
 0-4	11572.719217	5918.816353	5653.902864
 5-9	11118.852236	5767.507742	5351.344494
 10-14 	10866.830898	5723.660704	5143.170195
 15-19 	13565.626704	6515.906184	7049.720521
 20-24 	62241.539896	24246.998814	37994.541082
 25-29 	196855.913845	77347.097474	119508.816371
 30-34 	359810.765579	145162.071350	214648.694229
 35-39 	527073.916498	223576.522619	303497.393879
 40-44 	746423.895790	328514.504066	417909.391724
 45-49 	996712.868370	430326.953995	566385.914375
 50-54 	1113561.352772	470269.241158	643292.111614
 55-59 	959719.344711	387232.622803	572486.721909
 60-64 	677193.014572	264435.402325	412757.612247
 65-69 	445684.157665	170458.084110	275226.073555
 70-74 	269131.602229	94983.743840	174147.858389
 75-79 	147364.534550	42950.634938	104413.899612
 80+ 	83305.462612	18415.118123	64890.344489
Total	6632202.398145	2701844.886597	3930357.511548
2036			
 0-4	11403.381164	5832.478461	5570.902704
 5-9	10921.473444	5666.594616	5254.878828
 10-14 	10902.650171	5746.712597	5155.937574
 15-19 	13265.817947	6363.172481	6902.645467
 20-24 	58258.736883	22160.420379	36098.316505
 25-29 	191516.890458	74647.574949	116869.315509
 30-34 	360941.197639	146095.418777	214845.778862
 35-39 	523321.426682	221480.534203	301840.892479
 40-44 	719509.516625	318920.834718	400588.681908
 45-49 	957686.359169	416095.624916	541590.734253
 50-54 	1106955.059372	469728.549622	637226.509750
 55-59 	995641.996012	403674.985764	591967.010248
 60-64 	717511.814266	278687.856035	438823.958231
 65-69 	471527.205269	179159.966725	292367.238544
 70-74 	287084.841963	102130.593535	184954.248427
 75-79 	158907.013988	47129.320693	111777.693295
 80+ 	91969.165351	20496.618375	71472.546976
Total	6687324.546404	2724017.256845	3963307.289559
2037			
 0-4	11259.890363	5759.358441	5500.531922
 5-9	10688.686932	5546.700930	5141.986002
 10-14 	10824.217978	5707.893360	5116.324617
 15-19 	13067.211265	6262.309540	6804.901725
 20-24 	54002.588005	19932.848212	34069.739793
 25-29 	185505.751014	71550.342640	113955.408375
 30-34 	361793.597912	146952.562313	214841.035599
 35-39 	524406.105835	221779.119591	302626.986244
 40-44 	695344.568226	309424.154875	385920.413351
 45-49 	919753.334061	402845.699425	516907.634636
 50-54 	1091760.427963	465309.415474	626451.012489
 55-59 	1024726.642159	417820.697483	606905.944675
 60-64 	758757.654593	293930.493729	464827.160864
 65-69 	499270.606621	188165.863834	311104.742786
 70-74 	305955.936039	109332.625352	196623.310687
 75-79 	170265.585594	51401.760158	118863.825436
 80+ 	101507.045551	22837.764071	78669.281481
Total	6738889.850109	2744559.609426	3994330.240683
2038			
 0-4	11131.376735	5693.953532	5437.423203
 5-9	10453.831440	5425.220852	5028.610588
 10-14 	10735.180302	5662.505180	5072.675121
 15-19 	12980.652021	6222.764681	6757.887341
 20-24 	50414.715670	18058.718611	32355.997059
 25-29 	177171.088549	67278.577161	109892.511388
 30-34 	363908.097153	148439.400650	215468.696503
 35-39 	528450.780937	223588.072014	304862.708923
 40-44 	674189.657606	300209.956247	373979.701359
 45-49 	884740.351646	391238.605278	493501.746368
 50-54 	1068647.414791	457385.983322	611261.431469
 55-59 	1045877.622505	429038.415600	616839.206905
 60-64 	800284.437067	310017.005674	490267.431393
 65-69 	528404.859360	197471.544552	330933.314808
 70-74 	326136.432026	116617.813826	209518.618200
 75-79 	181781.486798	55817.454143	125964.032655
 80+ 	111824.835192	25429.043036	86395.792156
Total	6787132.819799	2763595.034358	4023537.785440
2039			
 0-4	11018.699183	5636.681981	5382.017202
 5-9	10255.588676	5322.668331	4932.920345
 10-14 	10637.407703	5613.099855	5024.307848
 15-19 	12942.932492	6208.727791	6734.204701
 20-24 	48657.098811	17144.876163	31512.222648
 25-29 	173607.692318	65468.003910	108139.688408
 30-34 	359422.320221	146407.383560	213014.936661
 35-39 	532957.448753	225893.475212	307063.973541
 40-44 	658183.393399	292485.163830	365698.229569
 45-49 	853063.924957	381112.420975	471951.503983
 50-54 	1038917.935257	446676.519829	592241.415428
 55-59 	1058609.651337	436914.571674	621695.079662
 60-64 	840953.971159	326520.614254	514433.356905
 65-69 	559018.146286	207389.574738	351628.571548
 70-74 	347380.915362	123762.125086	223618.790277
 75-79 	193933.032877	60435.114033	133497.918844
 80+ 	122679.768350	28230.744140	94449.024210
Total	6832239.927143	2781221.765362	4051018.161781
2040			
 0-4	10922.732874	5587.965319	5334.767554
 5-9	10089.409685	5236.930042	4852.479643
 10-14 	10496.161346	5540.750603	4955.410744
 15-19 	12968.362161	6228.738611	6739.623550
 20-24 	48484.139341	17075.680086	31408.459255
 25-29 	170657.763968	63941.630071	106716.133896
 30-34 	352962.974041	143226.591228	209736.382813
 35-39 	536271.319664	227977.094124	308294.225540
 40-44 	648561.025782	287155.410334	361405.615448
 45-49 	824469.755287	371829.169991	452640.585297
 50-54 	1004767.861519	434365.739647	570402.121872
 55-59 	1062733.510681	441186.602032	621546.908649
 60-64 	879174.462408	342747.567886	536426.894522
 65-69 	592469.773510	218707.542587	373762.230923
 70-74 	368368.019506	130191.376256	238176.643250
 75-79 	206937.603418	65246.428409	141691.175009
 80+ 	133921.750919	31217.773434	102703.977486
Total	6874256.626109	2797462.990659	4076793.635450
2041			
 0-4	10832.278208	5542.053799	5290.224409
 5-9	9943.488052	5161.664469	4781.823584
 10-14 	10310.210136	5444.236433	4865.973703
 15-19 	12938.718182	6220.229724	6718.488458
 20-24 	48091.515865	16900.136760	31191.379106
 25-29 	167098.543567	62090.667580	105007.875987
 30-34 	347405.449711	140381.958904	207023.490807
 35-39 	538056.848824	229378.363045	308678.485779
 40-44 	645235.188160	284836.802185	360398.385975
 45-49 	798604.780816	362704.953621	435899.827195
 50-54 	968955.900085	421856.360367	547099.539719
 55-59 	1058404.621044	441739.041420	616665.579624
 60-64 	912959.199705	357860.779615	555098.420090
 65-69 	628173.002534	230730.827018	397442.175516
 70-74 	389966.499676	136922.475594	253044.024082
 75-79 	220690.598561	70159.540242	150531.058319
 80+ 	145500.055395	34378.251522	111121.803873
Total	6913166.898522	2812308.342296	4100858.556226
2042			
 0-4	10737.369099	5493.802988	5243.566110
 5-9	9816.621355	5096.233936	4720.387419
 10-14 	10090.778572	5329.387413	4761.391159
 15-19 	12820.531257	6163.563456	6656.967801
 20-24 	47770.771794	16764.757965	31006.013829
 25-29 	163184.603211	60063.893193	103120.710019
 30-34 	341895.097092	137500.238274	204394.858818
 35-39 	538404.857727	230075.455147	308329.402580
 40-44 	647482.616703	285457.077148	362025.539555
 45-49 	775021.488920	353271.327938	421750.160982
 50-54 	934218.395790	410310.360229	523908.035561
 55-59 	1046023.669571	438713.602737	607310.066833
 60-64 	940719.339407	371060.953512	569658.385895
 65-69 	664819.345595	243665.810216	421153.535379
 70-74 	413255.178531	143930.255446	269324.923084
 75-79 	235228.220994	75133.308041	160094.912954
 80+ 	157454.211185	37713.193298	119741.017887
Total	6948943.096804	2825743.220939	4123199.875865
2043			
 0-4	10652.221310	5450.354844	5201.866466
 5-9	9706.796436	5039.620380	4667.176056
 10-14 	9869.366318	5212.883490	4656.482828
 15-19 	12704.442533	6106.535053	6597.907480
 20-24 	47539.607979	16679.432398	30860.175581
 25-29 	159731.197134	58297.524742	101433.672392
 30-34 	334654.920300	133758.461422	200896.458878
 35-39 	538763.466820	230695.318359	308068.148460
 40-44 	653493.235634	288167.064857	365326.170776
 45-49 	754104.827312	343797.634659	410307.192653
 50-54 	902247.086716	400305.931541	501941.155174
 55-59 	1026154.966267	432425.468102	593729.498165
 60-64 	961410.720749	381767.742788	579642.977961
 65-69 	701852.960067	257398.649464	444454.310603
 70-74 	437829.698605	151224.365816	286605.332788
 75-79 	250885.096803	80195.786207	170689.310596
 80+ 	169992.858585	41253.209621	128739.648964
Total	6981593.469566	2837775.983743	4143817.485823
2044			
 0-4	10575.160968	5410.805169	5164.355799
 5-9	9612.972464	4991.275856	4621.696608
 10-14 	9682.547789	5114.517183	4568.030605
 15-19 	12586.370807	6048.165170	6538.205637
 20-24 	47355.990975	16617.830170	30738.160806
 25-29 	157875.708960	57381.472479	100494.236481
 30-34 	331522.031670	132168.340179	199353.691490
 35-39 	533294.747437	228114.144905	305180.602531
 40-44 	659811.853958	291420.659012	368391.194946
 45-49 	738218.886278	335672.665521	402546.220757
 50-54 	873294.130882	391570.168228	481723.962654
 55-59 	999972.536793	423519.918125	576452.618668
 60-64 	974543.025278	389588.099064	584954.926214
 65-69 	738274.517963	271573.979792	466700.538172
 70-74 	463745.688051	159044.004701	304701.683351
 75-79 	267492.844780	85192.787179	182300.057601
 80+ 	183299.699981	45014.350059	138285.349922
Total	7011158.715034	2848443.182791	4162715.532243
2045			
 0-4	10507.215444	5375.684811	5131.530633
 5-9	9531.364132	4949.202921	4582.161211
 10-14 	9525.937740	5032.307455	4493.630285
 15-19 	12433.271154	5970.887141	6462.384013
 20-24 	47242.694230	16591.244905	30651.449325
 25-29 	157437.418920	57225.737751	100211.681169
 30-34 	328905.202812	130826.146271	198079.056541
 35-39 	526396.376373	224627.386826	301768.989548
 40-44 	664338.441673	294196.169807	370142.271866
 45-49 	728881.839584	330034.456143	398847.383441
 50-54 	846988.058823	383388.362671	463599.696152
 55-59 	969528.569221	413094.844460	556433.724762
 60-64 	979892.733459	394257.136032	585635.597427
 65-69 	772685.515331	285613.462454	487072.052877
 70-74 	492062.357800	167972.023939	324090.333861
 75-79 	284013.010870	89712.239363	194300.771507
 80+ 	197419.886815	48979.273889	148440.612926
Total	7037789.894383	2857846.566838	4179943.327545
2046			
 0-4	10449.750993	5345.805182	5103.945811
 5-9	9454.127071	4909.237488	4544.889584
 10-14 	9388.387295	4960.118858	4428.268436
 15-19 	12242.052364	5873.076044	6368.976320
 20-24 	47088.718524	16540.992907	30547.725616
 25-29 	156713.727121	56934.670592	99779.056529
 30-34 	325736.345551	129192.010780	196544.334770
 35-39 	520912.078613	221735.868546	299176.210068
 40-44 	666462.330864	295832.568245	370629.762619
 45-49 	726228.256868	327677.855608	398550.401260
 50-54 	822934.098207	375054.071793	447880.026414
 55-59 	937419.836739	402456.113140	534963.723598
 60-64 	977548.372131	395643.067081	581905.305050
 65-69 	803343.654215	298819.484214	504524.170001
 70-74 	522374.371790	177515.753219	344858.618571
 75-79 	301041.277103	94485.862251	206555.414852
 80+ 	212235.063272	53088.483600	159146.579672
Total	7061572.448719	2866065.039547	4195507.409172
2047			
 0-4	10401.536051	5320.741913	5080.794138
 5-9	9377.819584	4869.501890	4508.317694
 10-14 	9268.771299	4897.352402	4371.418898
 15-19 	12021.701202	5759.467086	6262.234116
 20-24 	46860.760583	16447.878290	30412.882293
 25-29 	156004.383289	56655.182570	99349.200719
 30-34 	322117.543648	127338.516312	194779.027336
 35-39 	516132.111702	219163.439522	296968.672180
 40-44 	666335.136963	296288.959381	370046.177582
 45-49 	729549.985840	328588.662212	400961.323627
 50-54 	800748.703568	366139.505639	434609.197928
 55-59 	906234.907585	392686.252434	513548.655151
 60-64 	967831.922743	393851.077930	573980.844812
 65-69 	828848.782644	310519.273470	518329.509174
 70-74 	553565.252795	187837.897134	365727.355661
 75-79 	319488.090202	99489.364904	219998.725297
 80+ 	227796.313948	57322.592392	170473.721556
Total	7082583.723645	2873175.665480	4209408.058164
2048			
 0-4	10356.844142	5297.704197	5059.139946
 5-9	9306.860027	4832.278791	4474.581236
 10-14 	9165.216436	4843.054974	4322.161463
 15-19 	11801.028210	5645.137533	6155.890677
 20-24 	46639.628366	16355.136600	30284.491766
 25-29 	155364.648414	56411.575518	98953.072896
 30-34 	318724.438118	125632.937584	193091.500534
 35-39 	510147.481590	216029.261421	294118.220169
 40-44 	665525.100471	296238.894905	369286.205566
 45-49 	737123.703018	331976.942047	405146.760971
 50-54 	780960.095613	357009.211124	423950.884488
 55-59 	877559.858559	384304.474834	493255.383724
 60-64 	951223.302670	389148.786930	562074.515739
 65-69 	848263.529092	320213.117201	528050.411891
 70-74 	585178.455603	198854.185205	386324.270398
 75-79 	339057.459682	104737.566341	234319.893341
 80+ 	244494.113394	61721.592228	182772.521166
Total	7100891.763405	2879251.857433	4221639.905971
2049			
 0-4	10314.845879	5276.264341	5038.581538
 5-9	9242.254658	4798.167213	4444.087444
 10-14 	9076.759823	4796.710846	4280.048977
 15-19 	11613.521095	5548.099986	6065.421109
 20-24 	46414.641027	16259.782688	30154.858338
 25-29 	154783.757021	56191.279814	98592.477207
 30-34 	316672.053223	124648.811409	192023.241814
 35-39 	507556.786942	214696.355103	292860.431839
 40-44 	659892.857483	293476.815956	366416.041527
 45-49 	745004.416649	335999.536240	409004.880409
 50-54 	766029.048833	349135.401640	416893.647193
 55-59 	851579.950069	377004.142590	474575.807480
 60-64 	928770.347399	382104.587376	546665.760023
 65-69 	861133.884993	327553.773170	533580.111822
 70-74 	616378.667353	210287.068874	406091.598478
 75-79 	359776.201278	110393.464495	249382.736783
 80+ 	262330.160393	66200.618519	196129.541874
Total	7116570.154116	2884370.880261	4232199.273855
2050			
 0-4	10276.447141	5256.741547	5019.705594
 5-9	9184.656656	4767.625343	4417.031313
 10-14 	8999.799034	4756.378347	4243.420687
 15-19 	11454.262363	5466.178440	5988.083923
 20-24 	46152.562910	16145.019142	30007.543768
 25-29 	154297.038312	56010.801907	98286.236405
 30-34 	315857.938580	124330.137585	191527.800995
 35-39 	505376.377968	213568.567917	291807.810051
 40-44 	653195.950279	290000.076271	363195.874008
 45-49 	750717.036850	339382.640038	411334.396812
 50-54 	757538.600612	343716.460701	413822.139912
 55-59 	827794.193104	370005.105972	457789.087132
 60-64 	902183.134113	373604.382286	528578.751827
 65-69 	867013.932362	332177.363405	534836.568956
 70-74 	645774.424788	221579.950941	424194.473846
 75-79 	382218.442829	116767.847785	265450.595043
 80+ 	280420.999540	70450.962660	209970.036880
Total	7128455.797441	2887986.240287	4240469.557154
