Incidence per 1000 by age and sex			
	Ghana		
 	Total	Male	Female
1970			
 0-4	0.000000	0.000000	0.000000
 5-9	0.000000	0.000000	0.000000
 10-14 	0.000000	0.000000	0.000000
 15-19 	0.000000	0.000000	0.000000
 20-24 	0.000000	0.000000	0.000000
 25-29 	0.000000	0.000000	0.000000
 30-34 	0.000000	0.000000	0.000000
 35-39 	0.000000	0.000000	0.000000
 40-44 	0.000000	0.000000	0.000000
 45-49 	0.000000	0.000000	0.000000
 50-54 	0.000000	0.000000	0.000000
 55-59 	0.000000	0.000000	0.000000
 60-64 	0.000000	0.000000	0.000000
 65-69 	0.000000	0.000000	0.000000
 70-74 	0.000000	0.000000	0.000000
 75-79 	0.000000	0.000000	0.000000
 80+ 	0.000000	0.000000	0.000000
Total	0.000000	0.000000	0.000000
1971			
 0-4	0.001694	0.001701	0.001686
 5-9	0.000000	0.000000	0.000000
 10-14 	0.000000	0.000000	0.000000
 15-19 	0.016376	0.022918	0.009458
 20-24 	0.049794	0.075986	0.021910
 25-29 	0.060300	0.096195	0.022449
 30-34 	0.058144	0.095447	0.019075
 35-39 	0.049665	0.082550	0.015382
 40-44 	0.039036	0.064873	0.012378
 45-49 	0.028979	0.047794	0.009898
 50-54 	0.021120	0.034777	0.007582
 55-59 	0.016135	0.027302	0.005401
 60-64 	0.014004	0.024982	0.003787
 65-69 	0.013789	0.025496	0.003267
 70-74 	0.013590	0.024747	0.003921
 75-79 	0.008210	0.016778	0.001005
 80+ 	0.000000	0.000000	0.000000
Total	0.021019	0.033480	0.008091
1972			
 0-4	0.003893	0.003913	0.003874
 5-9	0.000000	0.000000	0.000000
 10-14 	0.000000	0.000000	0.000000
 15-19 	0.018436	0.025781	0.010671
 20-24 	0.056413	0.086126	0.024835
 25-29 	0.068333	0.108893	0.025436
 30-34 	0.065829	0.108049	0.021609
 35-39 	0.056244	0.093454	0.017428
 40-44 	0.044211	0.073443	0.014023
 45-49 	0.032818	0.054102	0.011213
 50-54 	0.023919	0.039370	0.008590
 55-59 	0.018273	0.030906	0.006119
 60-64 	0.015854	0.028281	0.004290
 65-69 	0.015614	0.028864	0.003702
 70-74 	0.015382	0.028015	0.004441
 75-79 	0.009270	0.018990	0.001136
 80+ 	0.000000	0.000000	0.000000
Total	0.024078	0.038152	0.009486
1973			
 0-4	0.005742	0.005777	0.005706
 5-9	0.000000	0.000000	0.000000
 10-14 	0.000000	0.000000	0.000000
 15-19 	0.020006	0.027969	0.011588
 20-24 	0.061232	0.093531	0.026986
 25-29 	0.074327	0.118338	0.027648
 30-34 	0.071541	0.117407	0.023491
 35-39 	0.061132	0.101549	0.018946
 40-44 	0.048059	0.079805	0.015245
 45-49 	0.035672	0.058786	0.012189
 50-54 	0.025998	0.042778	0.009338
 55-59 	0.019865	0.033583	0.006651
 60-64 	0.017226	0.030729	0.004664
 65-69 	0.016968	0.031363	0.004024
 70-74 	0.016712	0.030441	0.004828
 75-79 	0.010045	0.020624	0.001230
 80+ 	0.000000	0.000000	0.000000
Total	0.026350	0.041607	0.010541
1974			
 0-4	0.014613	0.014716	0.014506
 5-9	0.000000	0.000000	0.000000
 10-14 	0.000000	0.000000	0.000000
 15-19 	0.076010	0.106284	0.044021
 20-24 	0.231813	0.354238	0.102297
 25-29 	0.282355	0.449405	0.104911
 30-34 	0.271671	0.445750	0.089186
 35-39 	0.232075	0.385496	0.071916
 40-44 	0.182468	0.302929	0.057864
 45-49 	0.135431	0.223135	0.046266
 50-54 	0.098687	0.162349	0.035440
 55-59 	0.075426	0.127461	0.025247
 60-64 	0.065377	0.116628	0.017700
 65-69 	0.064402	0.119036	0.015274
 70-74 	0.063419	0.115539	0.018328
 75-79 	0.038031	0.078227	0.004652
 80+ 	0.000000	0.000000	0.000000
Total	0.098372	0.156147	0.038543
1975			
 0-4	0.022222	0.022384	0.022054
 5-9	0.000000	0.000000	0.000000
 10-14 	0.000000	0.000000	0.000000
 15-19 	0.082955	0.116034	0.048023
 20-24 	0.251821	0.384876	0.111269
 25-29 	0.307817	0.490020	0.114253
 30-34 	0.296278	0.485891	0.097213
 35-39 	0.252919	0.420132	0.078364
 40-44 	0.198897	0.330139	0.063051
 45-49 	0.147629	0.243186	0.050415
 50-54 	0.107559	0.176912	0.038612
 55-59 	0.082230	0.138914	0.027512
 60-64 	0.071250	0.127104	0.019285
 65-69 	0.070181	0.129730	0.016644
 70-74 	0.069110	0.125918	0.019970
 75-79 	0.041372	0.085215	0.005053
 80+ 	0.000000	0.000000	0.000000
Total	0.108083	0.170937	0.043034
1976			
 0-4	0.031611	0.031840	0.031375
 5-9	0.000000	0.000000	0.000000
 10-14 	0.000000	0.000000	0.000000
 15-19 	0.103902	0.145406	0.060109
 20-24 	0.314139	0.480172	0.138920
 25-29 	0.384993	0.613235	0.142770
 30-34 	0.370931	0.607953	0.121581
 35-39 	0.316335	0.525553	0.097973
 40-44 	0.248826	0.412976	0.078830
 45-49 	0.184700	0.304213	0.063032
 50-54 	0.134547	0.221271	0.048269
 55-59 	0.102887	0.173767	0.034400
 60-64 	0.089133	0.158989	0.024108
 65-69 	0.087771	0.162276	0.020811
 70-74 	0.086440	0.157505	0.024966
 75-79 	0.051689	0.106564	0.006307
 80+ 	0.000000	0.000000	0.000000
Total	0.135596	0.214120	0.054373
1977			
 0-4	0.042762	0.043062	0.042451
 5-9	0.000000	0.000000	0.000000
 10-14 	0.000000	0.000000	0.000000
 15-19 	0.128231	0.179545	0.074135
 20-24 	0.386962	0.591580	0.171133
 25-29 	0.474698	0.756819	0.175953
 30-34 	0.458079	0.750243	0.149914
 35-39 	0.390176	0.648426	0.120771
 40-44 	0.307018	0.509564	0.097183
 45-49 	0.227916	0.375361	0.077706
 50-54 	0.166011	0.272987	0.059500
 55-59 	0.126959	0.214394	0.042409
 60-64 	0.109993	0.196158	0.029716
 65-69 	0.108262	0.200214	0.025656
 70-74 	0.106635	0.194321	0.030774
 75-79 	0.063730	0.131468	0.007773
 80+ 	0.000000	0.000000	0.000000
Total	0.167710	0.264527	0.067616
1978			
 0-4	0.055934	0.056313	0.055542
 5-9	0.000000	0.000000	0.000000
 10-14 	0.000000	0.000000	0.000000
 15-19 	0.156761	0.219598	0.090582
 20-24 	0.473201	0.723654	0.209122
 25-29 	0.580190	0.926000	0.215053
 30-34 	0.560794	0.917961	0.183180
 35-39 	0.477287	0.793451	0.147600
 40-44 	0.375625	0.623518	0.118774
 45-49 	0.278885	0.459286	0.094968
 50-54 	0.203124	0.334000	0.072714
 55-59 	0.155338	0.262308	0.051828
 60-64 	0.134612	0.240000	0.036316
 65-69 	0.132419	0.244964	0.031354
 70-74 	0.130440	0.237738	0.037604
 75-79 	0.077947	0.160862	0.009500
 80+ 	0.000000	0.000000	0.000000
Total	0.205639	0.324092	0.083242
1979			
 0-4	0.071392	0.071858	0.070909
 5-9	0.000000	0.000000	0.000000
 10-14 	0.000000	0.000000	0.000000
 15-19 	0.190490	0.266978	0.110006
 20-24 	0.575703	0.880863	0.254127
 25-29 	0.704994	1.126283	0.261374
 30-34 	0.682155	1.116549	0.222382
 35-39 	0.580776	0.965642	0.179356
 40-44 	0.456888	0.758620	0.144300
 45-49 	0.339285	0.558773	0.115374
 50-54 	0.247116	0.406343	0.088340
 55-59 	0.188963	0.319096	0.062956
 60-64 	0.163806	0.291975	0.044119
 65-69 	0.161057	0.298014	0.038091
 70-74 	0.158635	0.289196	0.045675
 75-79 	0.094805	0.195708	0.011539
 80+ 	0.000000	0.000000	0.000000
Total	0.250680	0.394873	0.101766
1980			
 0-4	0.089480	0.090045	0.088895
 5-9	0.000000	0.000000	0.000000
 10-14 	0.000000	0.000000	0.000000
 15-19 	0.230698	0.323517	0.133109
 20-24 	0.697792	1.068408	0.307626
 25-29 	0.853524	1.364626	0.316475
 30-34 	0.826030	1.352812	0.268811
 35-39 	0.704349	1.171044	0.217118
 40-44 	0.553569	0.919535	0.174614
 45-49 	0.411173	0.677256	0.139609
 50-54 	0.299487	0.492511	0.106899
 55-59 	0.228991	0.386719	0.076166
 60-64 	0.198570	0.353875	0.053390
 65-69 	0.195175	0.361196	0.046094
 70-74 	0.192177	0.350472	0.055257
 75-79 	0.114870	0.237181	0.013953
 80+ 	0.000000	0.000000	0.000000
Total	0.304430	0.479418	0.123820
1981			
 0-4	0.110683	0.111360	0.109980
 5-9	0.000000	0.000000	0.000000
 10-14 	0.000000	0.000000	0.000000
 15-19 	0.277999	0.390098	0.160231
 20-24 	0.841095	1.288858	0.370328
 25-29 	1.028099	1.644889	0.381115
 30-34 	0.994540	1.630476	0.323212
 35-39 	0.849802	1.412627	0.261399
 40-44 	0.667077	1.108684	0.210149
 45-49 	0.495620	0.816549	0.168023
 50-54 	0.361031	0.593812	0.128657
 55-59 	0.276029	0.466206	0.091651
 60-64 	0.239422	0.426634	0.064258
 65-69 	0.235300	0.435465	0.055478
 70-74 	0.231565	0.422499	0.066486
 75-79 	0.138438	0.285890	0.016772
 80+ 	0.000000	0.000000	0.000000
Total	0.367851	0.579234	0.149821
1982			
 0-4	0.135665	0.136474	0.134826
 5-9	0.000000	0.000000	0.000000
 10-14 	0.000000	0.000000	0.000000
 15-19 	0.334455	0.469642	0.192544
 20-24 	1.011474	1.551256	0.444840
 25-29 	1.236252	1.979302	0.457942
 30-34 	1.194898	1.961809	0.388032
 35-39 	1.023220	1.700437	0.314038
 40-44 	0.802122	1.334070	0.252399
 45-49 	0.596206	0.982616	0.201821
 50-54 	0.434358	0.714556	0.154535
 55-59 	0.332086	0.560948	0.110072
 60-64 	0.288083	0.513350	0.077181
 65-69 	0.283157	0.523980	0.066638
 70-74 	0.278475	0.508353	0.079847
 75-79 	0.166494	0.343886	0.020119
 80+ 	0.000000	0.000000	0.000000
Total	0.443713	0.698719	0.180882
1983			
 0-4	0.262643	0.264152	0.261077
 5-9	0.000000	0.000000	0.000000
 10-14 	0.000000	0.000000	0.000000
 15-19 	0.482870	0.326757	0.646733
 20-24 	1.280258	1.077260	1.493417
 25-29 	1.454163	1.374496	1.537678
 30-34 	1.333378	1.362465	1.302839
 35-39 	1.118791	1.180683	1.053786
 40-44 	0.887512	0.926669	0.847037
 45-49 	0.679954	0.682614	0.677238
 50-54 	0.507459	0.496425	0.518492
 55-59 	0.379340	0.389718	0.369260
 60-64 	0.306195	0.356657	0.258896
 65-69 	0.290111	0.364043	0.223545
 70-74 	0.307393	0.353180	0.267837
 75-79 	0.144893	0.238826	0.067369
 80+ 	0.000000	0.000000	0.000000
Total	0.545444	0.516293	0.575490
1984			
 0-4	0.378665	0.380728	0.376522
 5-9	0.000000	0.000000	0.000000
 10-14 	0.000000	0.000000	0.000000
 15-19 	0.577813	0.380768	0.784545
 20-24 	1.521741	1.250288	1.807032
 25-29 	1.724934	1.595692	1.860596
 30-34 	1.579991	1.582146	1.577731
 35-39 	1.322980	1.369459	1.274046
 40-44 	1.050991	1.076035	1.025064
 45-49 	0.805719	0.792338	0.819396
 50-54 	0.601713	0.576180	0.627289
 55-59 	0.449497	0.452331	0.446739
 60-64 	0.361977	0.413952	0.313170
 65-69 	0.342561	0.422528	0.270440
 70-74 	0.363822	0.409907	0.324002
 75-79 	0.169829	0.277039	0.081334
 80+ 	0.000000	0.000000	0.000000
Total	0.660882	0.613946	0.709278
1985			
 0-4	0.512911	0.515390	0.510332
 5-9	0.000000	0.000000	0.000000
 10-14 	0.000000	0.000000	0.000000
 15-19 	0.692335	0.447197	0.949230
 20-24 	1.805089	1.455257	2.173382
 25-29 	2.042844	1.857613	2.237628
 30-34 	1.870414	1.842573	1.899628
 35-39 	1.562152	1.592214	1.530452
 40-44 	1.243364	1.253193	1.233155
 45-49 	0.953401	0.922190	0.985351
 50-54 	0.712342	0.670558	0.754293
 55-59 	0.531877	0.526437	0.537185
 60-64 	0.427538	0.481759	0.376497
 65-69 	0.404267	0.491740	0.325168
 70-74 	0.430108	0.477029	0.389512
 75-79 	0.199239	0.322255	0.097604
 80+ 	0.000000	0.000000	0.000000
Total	0.796302	0.729150	0.865624
1986			
 0-4	0.666369	0.669350	0.663266
 5-9	0.000000	0.000000	0.000000
 10-14 	0.000000	0.000000	0.000000
 15-19 	0.814621	0.518594	1.124039
 20-24 	2.119125	1.685689	2.575976
 25-29 	2.395419	2.151884	2.651823
 30-34 	2.193068	2.135376	2.253639
 35-39 	1.827455	1.842284	1.811820
 40-44 	1.456929	1.452272	1.461781
 45-49 	1.117185	1.068009	1.167569
 50-54 	0.835008	0.776573	0.893766
 55-59 	0.623240	0.609674	0.636500
 60-64 	0.500331	0.557919	0.446019
 65-69 	0.472822	0.569478	0.385245
 70-74 	0.503631	0.552409	0.461385
 75-79 	0.232027	0.373047	0.115483
 80+ 	0.000000	0.000000	0.000000
Total	0.948072	0.859620	1.039431
1987			
 0-4	0.841217	0.844604	0.837688
 5-9	0.000000	0.000000	0.000000
 10-14 	0.000000	0.000000	0.000000
 15-19 	0.947531	0.593457	1.316655
 20-24 	2.464626	1.933814	3.024792
 25-29 	2.782405	2.468345	3.113483
 30-34 	2.546349	2.450126	2.647489
 35-39 	2.118677	2.111873	2.125845
 40-44 	1.690650	1.666115	1.716304
 45-49 	1.296646	1.224705	1.370423
 50-54 	0.969586	0.890606	1.049112
 55-59 	0.723383	0.699177	0.747088
 60-64 	0.579976	0.639811	0.523442
 65-69 	0.547766	0.653070	0.452144
 70-74 	0.584168	0.633460	0.541398
 75-79 	0.267723	0.427696	0.135439
 80+ 	0.000000	0.000000	0.000000
Total	1.116311	1.001990	1.234476
1988			
 0-4	1.036067	1.039917	1.032051
 5-9	0.000000	0.000000	0.000000
 10-14 	0.000000	0.000000	0.000000
 15-19 	1.088325	0.673597	1.519299
 20-24 	2.838735	2.209037	3.503091
 25-29 	3.201366	2.818415	3.604980
 30-34 	2.928400	2.797882	3.065547
 35-39 	2.435935	2.411661	2.461419
 40-44 	1.942953	1.901550	1.986320
 45-49 	1.491057	1.398210	1.586301
 50-54 	1.115226	1.016774	1.214352
 55-59 	0.831764	0.798158	0.864682
 60-64 	0.666314	0.730381	0.605793
 65-69 	0.629189	0.745529	0.523298
 70-74 	0.671463	0.723103	0.626492
 75-79 	0.306959	0.488104	0.156600
 80+ 	0.000000	0.000000	0.000000
Total	1.299693	1.159605	1.444491
1989			
 0-4	1.246297	1.250757	1.241643
 5-9	0.000000	0.000000	0.000000
 10-14 	0.000000	0.000000	0.000000
 15-19 	1.227430	0.750392	1.721539
 20-24 	3.209267	2.477026	3.980378
 25-29 	3.612593	3.156068	4.093223
 30-34 	3.302256	3.132966	3.479842
 35-39 	2.748622	2.702693	2.796610
 40-44 	2.188480	2.126753	2.253045
 45-49 	1.682039	1.566062	1.800992
 50-54 	1.258115	1.138465	1.378362
 55-59 	0.937975	0.893574	0.981381
 60-64 	0.750667	0.817702	0.687536
 65-69 	0.708783	0.834689	0.593931
 70-74 	0.757000	0.809525	0.710962
 75-79 	0.345542	0.546083	0.177415
 80+ 	0.000000	0.000000	0.000000
Total	1.483238	1.315315	1.656677
1990			
 0-4	1.467313	1.472572	1.461827
 5-9	0.000000	0.000000	0.000000
 10-14 	0.000000	0.000000	0.000000
 15-19 	1.371000	0.835053	1.925034
 20-24 	3.574369	2.749540	4.438789
 25-29 	4.011558	3.492371	4.556598
 30-34 	3.665144	3.466545	3.872690
 35-39 	3.054030	2.993977	3.116415
 40-44 	2.425455	2.349299	2.504779
 45-49 	1.867739	1.733722	2.005141
 50-54 	1.396580	1.259620	1.533939
 55-59 	1.040965	0.988538	1.092071
 60-64 	0.832609	0.904624	0.765071
 65-69 	0.786373	0.923460	0.660952
 70-74 	0.840203	0.895501	0.791121
 75-79 	0.384550	0.603157	0.196957
 80+ 	0.000000	0.000000	0.000000
Total	1.664791	1.472250	1.863392
1991			
 0-4	1.695213	1.701441	1.688716
 5-9	0.000000	0.000000	0.000000
 10-14 	0.000000	0.000000	0.000000
 15-19 	1.496457	0.907032	2.104985
 20-24 	3.897010	2.984305	4.847255
 25-29 	4.373941	3.793784	4.980603
 30-34 	3.994208	3.765410	4.232085
 35-39 	3.331521	3.255768	3.409702
 40-44 	2.639705	2.547972	2.734603
 45-49 	2.036205	1.884033	2.192047
 50-54 	1.522124	1.368124	1.676178
 55-59 	1.134352	1.073607	1.193318
 60-64 	0.906679	0.982482	0.835977
 65-69 	0.856513	1.002993	0.722277
 70-74 	0.915652	0.972467	0.864476
 75-79 	0.420514	0.653864	0.214718
 80+ 	0.000000	0.000000	0.000000
Total	1.834826	1.617797	2.058272
1992			
 0-4	1.922683	1.929989	1.915064
 5-9	0.000000	0.000000	0.000000
 10-14 	0.000000	0.000000	0.000000
 15-19 	1.597715	0.963513	2.252045
 20-24 	4.156753	3.166334	5.180857
 25-29 	4.665932	4.030554	5.327504
 30-34 	4.258940	4.000194	4.526462
 35-39 	3.553932	3.461028	3.649217
 40-44 	2.812450	2.704526	2.923138
 45-49 	2.171391	2.001776	2.344837
 50-54 	1.622955	1.453152	1.792382
 55-59 	1.209451	1.140413	1.276166
 60-64 	0.965967	1.043597	0.893966
 65-69 	0.912486	1.065432	0.772442
 70-74 	0.976166	1.032811	0.924449
 75-79 	0.449627	0.693366	0.229159
 80+ 	0.000000	0.000000	0.000000
Total	1.979967	1.740333	2.226188
1993			
 0-4	2.141825	2.150148	2.133146
 5-9	0.000000	0.000000	0.000000
 10-14 	0.000000	0.000000	0.000000
 15-19 	1.676775	1.010732	2.364128
 20-24 	4.362693	3.317741	5.437058
 25-29 	4.898543	4.229409	5.592723
 30-34 	4.470766	4.197354	4.752133
 35-39 	3.730651	3.631961	3.831367
 40-44 	2.952659	2.838186	3.069029
 45-49 	2.278153	2.099152	2.460798
 50-54 	1.703363	1.524591	1.881425
 55-59 	1.269392	1.196474	1.339579
 60-64 	1.013466	1.094848	0.938322
 65-69 	0.957231	1.117788	0.810804
 70-74 	1.024501	1.083333	0.970257
 75-79 	0.473513	0.726561	0.240240
 80+ 	0.000000	0.000000	0.000000
Total	2.102469	1.848059	2.363424
1994			
 0-4	2.342571	2.351735	2.333016
 5-9	0.000000	0.000000	0.000000
 10-14 	0.000000	0.000000	0.000000
 15-19 	1.723906	1.038430	2.432177
 20-24 	4.487594	3.406823	5.595370
 25-29 	5.038364	4.346985	5.753613
 30-34 	4.597904	4.313269	4.889996
 35-39 	3.835641	3.731488	3.941569
 40-44 	3.039483	2.919745	3.160318
 45-49 	2.340303	2.153960	2.529808
 50-54 	1.752056	1.567014	1.936279
 55-59 	1.305379	1.229434	1.378278
 60-64 	1.041862	1.124941	0.965377
 65-69 	0.983607	1.148522	0.834196
 70-74 	1.053295	1.112842	0.998108
 75-79 	0.488026	0.746141	0.247131
 80+ 	0.000000	0.000000	0.000000
Total	2.188430	1.923856	2.459510
1995			
 0-4	2.510293	2.520028	2.500141
 5-9	0.000000	0.000000	0.000000
 10-14 	0.000000	0.000000	0.000000
 15-19 	1.715548	1.032749	2.422439
 20-24 	4.471233	3.392129	5.577869
 25-29 	5.016077	4.325309	5.728745
 30-34 	4.576864	4.289700	4.871327
 35-39 	3.817144	3.710269	3.925621
 40-44 	3.029913	2.908522	3.151822
 45-49 	2.326432	2.138080	2.517100
 50-54 	1.744890	1.559232	1.929840
 55-59 	1.299509	1.222788	1.373051
 60-64 	1.036933	1.118790	0.961700
 65-69 	0.978330	1.142227	0.831017
 70-74 	1.048141	1.106444	0.994115
 75-79 	0.486411	0.742134	0.246319
 80+ 	0.000000	0.000000	0.000000
Total	2.210066	1.944317	2.482234
1996			
 0-4	2.643329	2.653378	2.632848
 5-9	0.000000	0.000000	0.000000
 10-14 	0.000000	0.000000	0.000000
 15-19 	1.662651	1.000356	2.350009
 20-24 	4.333751	3.285211	5.412148
 25-29 	4.863310	4.188306	5.558512
 30-34 	4.436679	4.154540	4.726319
 35-39 	3.699710	3.592764	3.808210
 40-44 	2.941264	2.821314	3.061440
 45-49 	2.252829	2.067322	2.439639
 50-54 	1.692375	1.510807	1.873456
 55-59 	1.259917	1.184416	1.332307
 60-64 	1.005237	1.083644	0.933220
 65-69 	0.947809	1.106308	0.806382
 70-74 	1.015739	1.071362	0.964427
 75-79 	0.471884	0.719080	0.239138
 80+ 	0.000000	0.000000	0.000000
Total	2.178216	1.918845	2.443919
1997			
 0-4	2.745106	2.755313	2.734456
 5-9	0.000000	0.000000	0.000000
 10-14 	0.000000	0.000000	0.000000
 15-19 	1.580062	0.950576	2.234931
 20-24 	4.118395	3.121380	5.147666
 25-29 	4.624084	3.978687	5.287957
 30-34 	4.217477	3.947339	4.495310
 35-39 	3.517083	3.413529	3.622168
 40-44 	2.798551	2.683241	2.914002
 45-49 	2.140948	1.962725	2.319353
 50-54 	1.609391	1.435844	1.782708
 55-59 	1.197838	1.125490	1.267304
 60-64 	0.955803	1.029777	0.887856
 65-69 	0.900759	1.051270	0.767150
 70-74 	0.965380	1.017843	0.917360
 75-79 	0.448844	0.683513	0.227563
 80+ 	0.000000	0.000000	0.000000
Total	2.109323	1.861938	2.362872
1998			
 0-4	2.814917	2.825256	2.804128
 5-9	0.000000	0.000000	0.000000
 10-14 	0.000000	0.000000	0.000000
 15-19 	1.476337	0.888681	2.088004
 20-24 	3.847398	2.917872	4.808448
 25-29 	4.321911	3.718640	4.941121
 30-34 	3.940671	3.689817	4.198917
 35-39 	3.287020	3.191322	3.384133
 40-44 	2.615890	2.509013	2.722867
 45-49 	2.002013	1.835598	2.167365
 50-54 	1.503597	1.341789	1.665297
 55-59 	1.119501	1.052349	1.184139
 60-64 	0.893445	0.962842	0.829667
 65-69 	0.841794	0.982906	0.716860
 70-74 	0.902028	0.951536	0.857161
 75-79 	0.419526	0.638929	0.212483
 80+ 	0.000000	0.000000	0.000000
Total	2.012257	1.781288	2.248948
1999			
 0-4	2.849292	2.859644	2.838489
 5-9	0.000000	0.000000	0.000000
 10-14 	0.000000	0.000000	0.000000
 15-19 	1.358948	0.818361	1.921508
 20-24 	3.540447	2.686553	4.423059
 25-29 	3.978340	3.423415	4.545918
 30-34 	3.625616	3.396498	3.861111
 35-39 	3.025433	2.938556	3.113525
 40-44 	2.407195	2.309677	2.504705
 45-49 	1.845213	1.692614	1.995818
 50-54 	1.382544	1.234010	1.530854
 55-59 	1.030611	0.969263	1.089875
 60-64 	0.822527	0.886666	0.763481
 65-69 	0.774969	0.905136	0.659687
 70-74 	0.830143	0.876240	0.788766
 75-79 	0.385744	0.587775	0.195012
 80+ 	0.000000	0.000000	0.000000
Total	1.894661	1.681836	2.112634
2000			
 0-4	2.848878	2.859442	2.837855
 5-9	0.000000	0.000000	0.000000
 10-14 	0.000000	0.000000	0.000000
 15-19 	1.245136	0.750359	1.758087
 20-24 	3.241552	2.462091	4.042639
 25-29 	3.640810	3.137512	4.153513
 30-34 	3.316042	3.110934	3.525806
 35-39 	2.769056	2.692933	2.846117
 40-44 	2.202667	2.116005	2.289119
 45-49 	1.691902	1.554193	1.826630
 50-54 	1.263848	1.129040	1.397727
 55-59 	0.943616	0.888600	0.996924
 60-64 	0.752981	0.812665	0.698019
 65-69 	0.708843	0.829608	0.603302
 70-74 	0.759393	0.803198	0.721062
 75-79 	0.348316	0.537731	0.175951
 80+ 	0.000000	0.000000	0.000000
Total	1.773943	1.580041	1.971915
2001			
 0-4	2.814272	2.824903	2.803179
 5-9	0.000000	0.000000	0.000000
 10-14 	0.000000	0.000000	0.000000
 15-19 	1.138932	0.686208	1.606055
 20-24 	2.962300	2.249971	3.688004
 25-29 	3.325052	2.866790	3.789023
 30-34 	3.028417	2.842406	3.217294
 35-39 	2.528311	2.460700	2.596592
 40-44 	2.010837	1.933127	2.088132
 45-49 	1.547375	1.422722	1.668309
 50-54 	1.153061	1.030320	1.273956
 55-59 	0.861858	0.812235	0.910074
 60-64 	0.687687	0.742701	0.636950
 65-69 	0.646773	0.758213	0.550767
 70-74 	0.693007	0.734207	0.658026
 75-79 	0.312772	0.490386	0.158312
 80+ 	0.000000	0.000000	0.000000
Total	1.655846	1.478787	1.835861
2002			
 0-4	2.746999	2.757521	2.736022
 5-9	0.000000	0.000000	0.000000
 10-14 	0.000000	0.000000	0.000000
 15-19 	1.040396	0.626477	1.465720
 20-24 	2.704321	2.052898	3.361533
 25-29 	3.033582	2.615428	3.453425
 30-34 	2.763031	2.593555	2.933606
 35-39 	2.305622	2.244956	2.366695
 40-44 	1.833790	1.763682	1.903299
 45-49 	1.412501	1.299381	1.521528
 50-54 	1.051642	0.939521	1.160848
 55-59 	0.786110	0.741189	0.829864
 60-64 	0.627277	0.677709	0.580664
 65-69 	0.589564	0.691894	0.502385
 70-74 	0.631611	0.670124	0.599942
 75-79 	0.280542	0.446638	0.142748
 80+ 	0.000000	0.000000	0.000000
Total	1.541603	1.379628	1.705507
2003			
 0-4	2.652464	2.662679	2.641809
 5-9	0.000000	0.000000	0.000000
 10-14 	0.000000	0.000000	0.000000
 15-19 	0.953291	0.573810	1.342321
 20-24 	2.477806	1.879607	3.075867
 25-29 	2.778275	2.394468	3.159551
 30-34 	2.530583	2.375167	2.685405
 35-39 	2.110058	2.055074	2.165181
 40-44 	1.678692	1.614984	1.741646
 45-49 	1.293131	1.189913	1.392215
 50-54 	0.963710	0.860621	1.062703
 55-59 	0.719343	0.678474	0.759200
 60-64 	0.574308	0.620565	0.531418
 65-69 	0.539652	0.633564	0.459971
 70-74 	0.577566	0.613699	0.548796
 75-79 	0.253060	0.408517	0.129995
 80+ 	0.000000	0.000000	0.000000
Total	1.436188	1.287151	1.586283
2004			
 0-4	2.135149	2.142861	2.127104
 5-9	0.000000	0.000000	0.000000
 10-14 	0.000000	0.000000	0.000000
 15-19 	0.873735	0.526071	1.230000
 20-24 	2.272327	1.722967	2.817364
 25-29 	2.547407	2.194760	2.893287
 30-34 	2.319915	2.177620	2.460052
 35-39 	1.932564	1.882843	1.982105
 40-44 	1.538361	1.480592	1.595255
 45-49 	1.184585	1.090458	1.274764
 50-54 	0.884776	0.789977	0.974324
 55-59 	0.658630	0.621511	0.694779
 60-64 	0.526439	0.568905	0.486887
 65-69 	0.494768	0.580803	0.421447
 70-74 	0.528365	0.562549	0.501970
 75-79 	0.228998	0.374467	0.119287
 80+ 	0.000000	0.000000	0.000000
Total	1.275905	1.137101	1.415032
2005			
 0-4	2.030047	2.037349	2.022429
 5-9	0.000000	0.000000	0.000000
 10-14 	0.000000	0.000000	0.000000
 15-19 	0.802265	0.483608	1.129165
 20-24 	2.088374	1.583506	2.586265
 25-29 	2.341263	2.016841	2.654897
 30-34 	2.130286	2.000529	2.256545
 35-39 	1.773072	1.728305	1.817240
 40-44 	1.412935	1.360724	1.464158
 45-49 	1.087611	1.001827	1.169716
 50-54 	0.814298	0.727207	0.895169
 55-59 	0.604373	0.570649	0.637017
 60-64 	0.483694	0.522858	0.447027
 65-69 	0.454862	0.533761	0.386832
 70-74 	0.484120	0.516843	0.459538
 75-79 	0.207911	0.344497	0.110197
 80+ 	0.000000	0.000000	0.000000
Total	1.186014	1.057805	1.313888
2006			
 0-4	1.926106	1.933018	1.918894
 5-9	0.000000	0.000000	0.000000
 10-14 	0.000000	0.000000	0.000000
 15-19 	0.738603	0.445839	1.039586
 20-24 	1.924406	1.459177	2.381592
 25-29 	2.157971	1.858217	2.443633
 30-34 	1.962773	1.843189	2.077535
 35-39 	1.633446	1.592463	1.673431
 40-44 	1.301404	1.253763	1.347952
 45-49 	1.001573	0.922934	1.076808
 50-54 	0.751213	0.670966	0.824620
 55-59 	0.556460	0.525438	0.586149
 60-64 	0.445647	0.481780	0.411614
 65-69 	0.419400	0.491800	0.356023
 70-74 	0.444676	0.476010	0.421589
 75-79 	0.189403	0.317959	0.102150
 80+ 	0.000000	0.000000	0.000000
Total	1.104202	0.985322	1.222215
2007			
 0-4	1.591746	1.597116	1.586143
 5-9	0.000000	0.000000	0.000000
 10-14 	0.000000	0.000000	0.000000
 15-19 	0.681071	0.411622	0.958742
 20-24 	1.775722	1.346464	2.197208
 25-29 	1.992221	1.714571	2.253492
 30-34 	1.811593	1.700720	1.916413
 35-39 	1.507757	1.469921	1.544223
 40-44 	1.200654	1.156811	1.243299
 45-49 	0.924149	0.851713	0.993392
 50-54 	0.693529	0.619526	0.760566
 55-59 	0.513644	0.484735	0.540828
 60-64 	0.411258	0.444576	0.379675
 65-69 	0.387272	0.453800	0.328203
 70-74 	0.409195	0.439039	0.387390
 75-79 	0.172723	0.293900	0.094440
 80+ 	0.000000	0.000000	0.000000
Total	0.994258	0.882748	1.104477
2008			
 0-4	1.398900	1.403431	1.394173
 5-9	0.000000	0.000000	0.000000
 10-14 	0.000000	0.000000	0.000000
 15-19 	0.626637	0.378817	0.882598
 20-24 	1.633556	1.238037	2.022925
 25-29 	1.833881	1.576444	2.074090
 30-34 	1.667507	1.563729	1.764226
 35-39 	1.388210	1.352376	1.422334
 40-44 	1.104569	1.063414	1.144416
 45-49 	0.850581	0.783356	0.914769
 50-54 	0.638013	0.569626	0.699787
 55-59 	0.473238	0.445863	0.498412
 60-64 	0.378377	0.408784	0.349408
 65-69 	0.356497	0.417257	0.301943
 70-74 	0.375863	0.403583	0.355481
 75-79 	0.157039	0.270511	0.086474
 80+ 	0.000000	0.000000	0.000000
Total	0.907982	0.803929	1.010498
2009			
 0-4	1.315971	1.320227	1.311531
 5-9	0.000000	0.000000	0.000000
 10-14 	0.000000	0.000000	0.000000
 15-19 	0.576177	0.347969	0.812388
 20-24 	1.499681	1.135245	1.860808
 25-29 	1.684704	1.445441	1.907495
 30-34 	1.532082	1.433782	1.622662
 35-39 	1.275694	1.240606	1.308772
 40-44 	1.014061	0.974397	1.052279
 45-49 	0.781540	0.718489	0.841697
 50-54 	0.585728	0.522144	0.643358
 55-59 	0.435448	0.409167	0.459071
 60-64 	0.347364	0.374818	0.321184
 65-69 	0.327485	0.382593	0.277589
 70-74 	0.345179	0.370080	0.326447
 75-79 	0.142696	0.248003	0.078466
 80+ 	0.000000	0.000000	0.000000
Total	0.841268	0.744637	0.936334
2010			
 0-4	1.203265	1.207132	1.199231
 5-9	0.000000	0.000000	0.000000
 10-14 	0.000000	0.000000	0.000000
 15-19 	0.533027	0.321050	0.753047
 20-24 	1.382970	1.044653	1.722084
 25-29 	1.554459	1.329826	1.765166
 30-34 	1.414249	1.319057	1.501484
 35-39 	1.176857	1.140732	1.210716
 40-44 	0.934842	0.895010	0.973002
 45-49 	0.721513	0.661127	0.779178
 50-54 	0.540375	0.480279	0.595376
 55-59 	0.402519	0.376806	0.425264
 60-64 	0.320337	0.344836	0.297060
 65-69 	0.302251	0.351994	0.256790
 70-74 	0.319238	0.340625	0.302364
 75-79 	0.131059	0.227863	0.071123
 80+ 	0.000000	0.000000	0.000000
Total	0.777140	0.686422	0.866551
2011			
 0-4	0.736783	0.739017	0.734452
 5-9	0.000000	0.000000	0.000000
 10-14 	0.000000	0.000000	0.000000
 15-19 	0.490680	0.295165	0.694048
 20-24 	1.268485	0.957535	1.583684
 25-29 	1.426319	1.218585	1.623335
 30-34 	1.298462	1.208660	1.380623
 35-39 	1.080732	1.045332	1.113732
 40-44 	0.858637	0.820264	0.895208
 45-49 	0.662549	0.605847	0.716741
 50-54 	0.496051	0.440098	0.547769
 55-59 	0.369880	0.345533	0.391199
 60-64 	0.293928	0.316007	0.273192
 65-69 	0.277534	0.322562	0.236143
 70-74 	0.294065	0.312347	0.278999
 75-79 	0.119962	0.208399	0.063822
 80+ 	0.000000	0.000000	0.000000
Total	0.660074	0.574657	0.744441
2012			
 0-4	0.664048	0.666050	0.661960
 5-9	0.000000	0.000000	0.000000
 10-14 	0.000000	0.000000	0.000000
 15-19 	0.447325	0.268615	0.633581
 20-24 	1.152998	0.869541	1.443291
 25-29 	1.296543	1.106268	1.479568
 30-34 	1.181135	1.097224	1.258098
 35-39 	0.983416	0.949016	1.015323
 40-44 	0.781690	0.745090	0.816387
 45-49 	0.602813	0.549973	0.653344
 50-54 	0.451388	0.399638	0.499625
 55-59 	0.336500	0.313783	0.356352
 60-64 	0.267254	0.286907	0.249148
 65-69 	0.252540	0.292856	0.215292
 70-74 	0.268503	0.283770	0.255497
 75-79 	0.109221	0.188863	0.056829
 80+ 	0.000000	0.000000	0.000000
Total	0.600563	0.522688	0.677671
2013			
 0-4	0.689725	0.691786	0.687575
 5-9	0.000000	0.000000	0.000000
 10-14 	0.000000	0.000000	0.000000
 15-19 	0.415866	0.249292	0.589742
 20-24 	1.070701	0.806843	1.343068
 25-29 	1.203530	1.026056	1.376842
 30-34 	1.097163	1.017647	1.170497
 35-39 	0.913880	0.880233	0.944929
 40-44 	0.726936	0.691679	0.760176
 45-49 	0.560051	0.509961	0.607953
 50-54 	0.419577	0.370804	0.465305
 55-59 	0.312448	0.291017	0.331277
 60-64 	0.248206	0.266130	0.232084
 65-69 	0.234707	0.271657	0.200429
 70-74 	0.250249	0.263364	0.238840
 75-79 	0.102207	0.175030	0.052120
 80+ 	0.000000	0.000000	0.000000
Total	0.569338	0.497397	0.640736
2014			
 0-4	0.632578	0.634458	0.630616
 5-9	0.000000	0.000000	0.000000
 10-14 	0.000000	0.000000	0.000000
 15-19 	0.391309	0.234082	0.555620
 20-24 	1.008284	0.759043	1.266999
 25-29 	1.132323	0.964599	1.298605
 30-34 	1.032876	0.956670	1.103739
 35-39 	0.860687	0.827503	0.891173
 40-44 	0.685022	0.650660	0.717252
 45-49 	0.527186	0.479020	0.573178
 50-54 	0.395292	0.348704	0.439128
 55-59 	0.294013	0.273532	0.312185
 60-64 	0.233664	0.250214	0.219127
 65-69 	0.221037	0.255429	0.189119
 70-74 	0.236178	0.247719	0.226021
 75-79 	0.097661	0.164662	0.049225
 80+ 	0.000000	0.000000	0.000000
Total	0.533486	0.465798	0.600808
2015			
 0-4	0.522685	0.524259	0.521043
 5-9	0.000000	0.000000	0.000000
 10-14 	0.000000	0.000000	0.000000
 15-19 	0.363804	0.217214	0.517046
 20-24 	0.939539	0.706744	1.181859
 25-29 	1.053736	0.897319	1.210860
 30-34 	0.961602	0.889895	1.028921
 35-39 	0.801604	0.769738	0.830772
 40-44 	0.637724	0.604807	0.668466
 45-49 	0.490462	0.444751	0.533897
 50-54 	0.368266	0.324428	0.409583
 55-59 	0.273708	0.254417	0.291011
 60-64 	0.217567	0.232781	0.204456
 65-69 	0.205813	0.237659	0.176428
 70-74 	0.220266	0.230535	0.211174
 75-79 	0.092882	0.153529	0.046823
 80+ 	0.000000	0.000000	0.000000
Total	0.486517	0.423449	0.549337
2016			
 0-4	0.279501	0.280410	0.278554
 5-9	0.000000	0.000000	0.000000
 10-14 	0.000000	0.000000	0.000000
 15-19 	0.320430	0.190848	0.455888
 20-24 	0.829680	0.623310	1.044807
 25-29 	0.929234	0.790672	1.069987
 30-34 	0.848161	0.784075	0.909006
 35-39 	0.707295	0.678197	0.733888
 40-44 	0.562921	0.532943	0.590770
 45-49 	0.433075	0.391981	0.471915
 50-54 	0.325043	0.285880	0.361977
 55-59 	0.241524	0.224181	0.257236
 60-64 	0.191922	0.205123	0.180672
 65-69 	0.181474	0.209449	0.155994
 70-74 	0.194497	0.203185	0.186771
 75-79 	0.083856	0.135732	0.042743
 80+ 	0.000000	0.000000	0.000000
Total	0.402090	0.345856	0.458173
2017			
 0-4	0.250515	0.251343	0.249652
 5-9	0.000000	0.000000	0.000000
 10-14 	0.000000	0.000000	0.000000
 15-19 	0.291898	0.173436	0.415703
 20-24 	0.757334	0.568162	0.954679
 25-29 	0.847334	0.720332	0.977481
 30-34 	0.773400	0.714277	0.830252
 35-39 	0.645168	0.617815	0.670199
 40-44 	0.513717	0.485540	0.539736
 45-49 	0.395477	0.357343	0.431304
 50-54 	0.296571	0.260422	0.330665
 55-59 	0.220413	0.204264	0.235161
 60-64 	0.175022	0.186873	0.164946
 65-69 	0.165302	0.190827	0.142518
 70-74 	0.177430	0.185101	0.170578
 75-79 	0.078003	0.124050	0.040362
 80+ 	0.000000	0.000000	0.000000
Total	0.365818	0.314595	0.416961
2018			
 0-4	0.224943	0.225696	0.224158
 5-9	0.000000	0.000000	0.000000
 10-14 	0.000000	0.000000	0.000000
 15-19 	0.267379	0.158521	0.381111
 20-24 	0.694253	0.520069	0.876033
 25-29 	0.776392	0.659394	0.897045
 30-34 	0.708516	0.653800	0.761849
 35-39 	0.591223	0.565502	0.614859
 40-44 	0.470989	0.444462	0.495336
 45-49 	0.362914	0.327425	0.396051
 50-54 	0.271821	0.238318	0.303400
 55-59 	0.202124	0.187017	0.215994
 60-64 	0.160373	0.171058	0.151243
 65-69 	0.151187	0.174671	0.130738
 70-74 	0.162539	0.169375	0.156414
 75-79 	0.072504	0.113868	0.038049
 80+ 	0.000000	0.000000	0.000000
Total	0.334276	0.287395	0.381129
2019			
 0-4	0.200984	0.201663	0.200276
 5-9	0.000000	0.000000	0.000000
 10-14 	0.000000	0.000000	0.000000
 15-19 	0.197580	0.116930	0.281812
 20-24 	0.512835	0.383622	0.647698
 25-29 	0.573511	0.486660	0.663435
 30-34 	0.523218	0.482475	0.563477
 35-39 	0.436717	0.417320	0.454666
 40-44 	0.348057	0.328013	0.366355
 45-49 	0.268397	0.241815	0.293074
 50-54 	0.200769	0.175751	0.224301
 55-59 	0.149416	0.138050	0.159881
 60-64 	0.118493	0.126249	0.111804
 65-69 	0.111471	0.128900	0.096660
 70-74 	0.119995	0.124919	0.115586
 75-79 	0.054056	0.084244	0.028658
 80+ 	0.000000	0.000000	0.000000
Total	0.251611	0.217155	0.286076
2020			
 0-4	0.180542	0.181155	0.179903
 5-9	0.000000	0.000000	0.000000
 10-14 	0.000000	0.000000	0.000000
 15-19 	0.175383	0.103641	0.250295
 20-24 	0.454740	0.339684	0.574828
 25-29 	0.508699	0.431310	0.589017
 30-34 	0.463925	0.427527	0.500357
 35-39 	0.387284	0.369789	0.403626
 40-44 	0.308767	0.290656	0.325238
 45-49 	0.238003	0.214103	0.260094
 50-54 	0.177905	0.155465	0.198907
 55-59 	0.132579	0.122346	0.142018
 60-64 	0.105136	0.111878	0.099259
 65-69 	0.098716	0.114210	0.085798
 70-74 	0.106315	0.110594	0.102508
 75-79 	0.048164	0.074786	0.025644
 80+ 	0.000000	0.000000	0.000000
Total	0.223305	0.192791	0.253851
2021			
 0-4	0.172305	0.172887	0.171697
 5-9	0.000000	0.000000	0.000000
 10-14 	0.000000	0.000000	0.000000
 15-19 	0.175857	0.103811	0.251074
 20-24 	0.455585	0.339930	0.576274
 25-29 	0.509852	0.432046	0.590706
 30-34 	0.464824	0.428178	0.501917
 35-39 	0.388042	0.370346	0.404761
 40-44 	0.309450	0.291089	0.326125
 45-49 	0.238657	0.214449	0.260913
 50-54 	0.178445	0.155751	0.199571
 55-59 	0.132898	0.122538	0.142461
 60-64 	0.105423	0.112055	0.099584
 65-69 	0.098840	0.114375	0.086032
 70-74 	0.106413	0.110666	0.102682
 75-79 	0.048308	0.074951	0.025684
 80+ 	0.000000	0.000000	0.000000
Total	0.222526	0.191978	0.253129
2022			
 0-4	0.164045	0.164598	0.163468
 5-9	0.000000	0.000000	0.000000
 10-14 	0.000000	0.000000	0.000000
 15-19 	0.176057	0.103836	0.251450
 20-24 	0.456218	0.340112	0.577340
 25-29 	0.510723	0.432604	0.591958
 30-34 	0.465497	0.428675	0.503099
 35-39 	0.388573	0.370779	0.405602
 40-44 	0.309925	0.291423	0.326751
 45-49 	0.239173	0.214719	0.261526
 50-54 	0.178938	0.156040	0.200131
 55-59 	0.133126	0.122679	0.142770
 60-64 	0.105661	0.112193	0.099863
 65-69 	0.098996	0.114508	0.086235
 70-74 	0.106530	0.110751	0.102904
 75-79 	0.048354	0.075007	0.025632
 80+ 	0.000000	0.000000	0.000000
Total	0.221764	0.191200	0.252403
2023			
 0-4	0.156209	0.156735	0.155660
 5-9	0.000000	0.000000	0.000000
 10-14 	0.000000	0.000000	0.000000
 15-19 	0.176168	0.103829	0.251680
 20-24 	0.457017	0.340533	0.578491
 25-29 	0.511673	0.433278	0.593221
 30-34 	0.466253	0.429318	0.504213
 35-39 	0.389157	0.371348	0.406437
 40-44 	0.310417	0.291868	0.327358
 45-49 	0.239706	0.215064	0.262097
 50-54 	0.179491	0.156422	0.200712
 55-59 	0.133352	0.122850	0.143041
 60-64 	0.105907	0.112369	0.100141
 65-69 	0.099240	0.114689	0.086465
 70-74 	0.106759	0.110947	0.103251
 75-79 	0.048295	0.074966	0.025498
 80+ 	0.000000	0.000000	0.000000
Total	0.221224	0.190639	0.251903
2024			
 0-4	0.148790	0.149291	0.148267
 5-9	0.000000	0.000000	0.000000
 10-14 	0.000000	0.000000	0.000000
 15-19 	0.176285	0.103846	0.251900
 20-24 	0.457934	0.341150	0.579680
 25-29 	0.512710	0.434076	0.594516
 30-34 	0.467072	0.430097	0.505229
 35-39 	0.389808	0.372047	0.407281
 40-44 	0.310930	0.292418	0.327958
 45-49 	0.240236	0.215475	0.262618
 50-54 	0.180011	0.156812	0.201232
 55-59 	0.133549	0.123028	0.143238
 60-64 	0.106154	0.112585	0.100399
 65-69 	0.099531	0.114913	0.086692
 70-74 	0.107049	0.111236	0.103627
 75-79 	0.048075	0.074814	0.025253
 80+ 	0.000000	0.000000	0.000000
Total	0.220915	0.190301	0.251641
2025			
 0-4	0.141845	0.142324	0.141345
 5-9	0.000000	0.000000	0.000000
 10-14 	0.000000	0.000000	0.000000
 15-19 	0.176568	0.104006	0.252304
 20-24 	0.458899	0.341900	0.580837
 25-29 	0.513767	0.434945	0.595763
 30-34 	0.467881	0.430945	0.506086
 35-39 	0.390476	0.372808	0.408085
 40-44 	0.311422	0.293016	0.328513
 45-49 	0.240723	0.215918	0.263061
 50-54 	0.180286	0.157024	0.201475
 55-59 	0.133655	0.123157	0.143274
 60-64 	0.106387	0.112823	0.100615
 65-69 	0.099823	0.115160	0.086883
 70-74 	0.107336	0.111568	0.103943
 75-79 	0.047770	0.074607	0.025042
 80+ 	0.000000	0.000000	0.000000
Total	0.220821	0.190172	0.251597
2026			
 0-4	0.135391	0.135850	0.134912
 5-9	0.000000	0.000000	0.000000
 10-14 	0.000000	0.000000	0.000000
 15-19 	0.177032	0.104330	0.252904
 20-24 	0.459747	0.342629	0.581785
 25-29 	0.514754	0.435820	0.596847
 30-34 	0.468622	0.431798	0.506759
 35-39 	0.391108	0.373565	0.408789
 40-44 	0.311851	0.293617	0.328980
 45-49 	0.241127	0.216360	0.263402
 50-54 	0.180695	0.157367	0.201834
 55-59 	0.133977	0.123451	0.143572
 60-64 	0.106593	0.113064	0.100785
 65-69 	0.100086	0.115407	0.087029
 70-74 	0.107597	0.111895	0.104188
 75-79 	0.047534	0.074468	0.025063
 80+ 	0.000000	0.000000	0.000000
Total	0.220909	0.190226	0.251735
2027			
 0-4	0.129398	0.129838	0.128938
 5-9	0.000000	0.000000	0.000000
 10-14 	0.000000	0.000000	0.000000
 15-19 	0.177578	0.104742	0.253579
 20-24 	0.460332	0.343193	0.582378
 25-29 	0.515608	0.436656	0.597690
 30-34 	0.469289	0.432620	0.507289
 35-39 	0.391670	0.374278	0.409356
 40-44 	0.312204	0.294193	0.329342
 45-49 	0.241435	0.216782	0.263642
 50-54 	0.181061	0.157692	0.202116
 55-59 	0.134297	0.123750	0.143856
 60-64 	0.106764	0.113291	0.100906
 65-69 	0.100298	0.115638	0.087122
 70-74 	0.107759	0.112163	0.104272
 75-79 	0.047384	0.074494	0.025254
 80+ 	0.000000	0.000000	0.000000
Total	0.221146	0.190434	0.252015
2028			
 0-4	0.123924	0.124348	0.123482
 5-9	0.000000	0.000000	0.000000
 10-14 	0.000000	0.000000	0.000000
 15-19 	0.178151	0.105192	0.254263
 20-24 	0.460664	0.343591	0.582630
 25-29 	0.516245	0.437382	0.598203
 30-34 	0.469845	0.433348	0.507675
 35-39 	0.392080	0.374861	0.409701
 40-44 	0.312438	0.294683	0.329569
 45-49 	0.241617	0.217142	0.263762
 50-54 	0.181343	0.157967	0.202282
 55-59 	0.134580	0.124018	0.144095
 60-64 	0.106884	0.113483	0.100963
 65-69 	0.100444	0.115831	0.087158
 70-74 	0.107811	0.112347	0.104199
 75-79 	0.047322	0.074718	0.025524
 80+ 	0.000000	0.000000	0.000000
Total	0.221488	0.190760	0.252386
2029			
 0-4	0.118955	0.119362	0.118530
 5-9	0.000000	0.000000	0.000000
 10-14 	0.000000	0.000000	0.000000
 15-19 	0.178742	0.105673	0.254952
 20-24 	0.460788	0.343849	0.582603
 25-29 	0.516579	0.437889	0.598326
 30-34 	0.470207	0.433885	0.507858
 35-39 	0.392241	0.375211	0.409741
 40-44 	0.312509	0.295015	0.329623
 45-49 	0.241637	0.217388	0.263735
 50-54 	0.181492	0.158151	0.202292
 55-59 	0.134748	0.124197	0.144200
 60-64 	0.106915	0.113610	0.100920
 65-69 	0.100520	0.115964	0.087142
 70-74 	0.107801	0.112452	0.104062
 75-79 	0.047343	0.075077	0.025806
 80+ 	0.000000	0.000000	0.000000
Total	0.221873	0.191149	0.252781
2030			
 0-4	0.114439	0.114831	0.114030
 5-9	0.000000	0.000000	0.000000
 10-14 	0.000000	0.000000	0.000000
 15-19 	0.179278	0.106133	0.255549
 20-24 	0.460746	0.344007	0.582341
 25-29 	0.516554	0.438104	0.598029
 30-34 	0.470301	0.434145	0.507775
 35-39 	0.392101	0.375264	0.409443
 40-44 	0.312378	0.295124	0.329480
 45-49 	0.241466	0.217474	0.263540
 50-54 	0.181478	0.158217	0.202133
 55-59 	0.134672	0.124207	0.144010
 60-64 	0.106819	0.113652	0.100730
 65-69 	0.100526	0.116018	0.087084
 70-74 	0.107770	0.112487	0.103938
 75-79 	0.047361	0.075436	0.025952
 80+ 	0.000000	0.000000	0.000000
Total	0.222239	0.191541	0.253132
2031			
 0-4	0.110269	0.110647	0.109876
 5-9	0.000000	0.000000	0.000000
 10-14 	0.000000	0.000000	0.000000
 15-19 	0.179634	0.106471	0.255906
 20-24 	0.460545	0.344054	0.581862
 25-29 	0.516203	0.438006	0.597399
 30-34 	0.470112	0.434111	0.507417
 35-39 	0.391703	0.375046	0.408880
 40-44 	0.312069	0.295015	0.329164
 45-49 	0.241123	0.217403	0.263202
 50-54 	0.181311	0.158169	0.201836
 55-59 	0.134620	0.124182	0.143885
 60-64 	0.106770	0.113641	0.100680
 65-69 	0.100468	0.115992	0.086986
 70-74 	0.107710	0.112452	0.103819
 75-79 	0.047279	0.075673	0.025840
 80+ 	0.000000	0.000000	0.000000
Total	0.222544	0.191893	0.253400
2032			
 0-4	0.106453	0.106816	0.106074
 5-9	0.000000	0.000000	0.000000
 10-14 	0.000000	0.000000	0.000000
 15-19 	0.179724	0.106614	0.255924
 20-24 	0.460206	0.343979	0.581227
 25-29 	0.515604	0.437621	0.596568
 30-34 	0.469671	0.433806	0.506819
 35-39 	0.391157	0.374647	0.408193
 40-44 	0.311630	0.294727	0.328727
 45-49 	0.240660	0.217211	0.262773
 50-54 	0.181024	0.158029	0.201453
 55-59 	0.134502	0.124084	0.143700
 60-64 	0.106668	0.113555	0.100598
 65-69 	0.100359	0.115898	0.086861
 70-74 	0.107639	0.112367	0.103728
 75-79 	0.047118	0.075712	0.025552
 80+ 	0.000000	0.000000	0.000000
Total	0.222781	0.192195	0.253583
2033			
 0-4	0.103101	0.103452	0.102734
 5-9	0.000000	0.000000	0.000000
 10-14 	0.000000	0.000000	0.000000
 15-19 	0.179559	0.106559	0.255631
 20-24 	0.459819	0.343832	0.580562
 25-29 	0.514854	0.437032	0.595643
 30-34 	0.469039	0.433289	0.506054
 35-39 	0.390574	0.374161	0.407513
 40-44 	0.311098	0.294293	0.328206
 45-49 	0.240127	0.216927	0.262314
 50-54 	0.180659	0.157823	0.201038
 55-59 	0.134335	0.123930	0.143469
 60-64 	0.106526	0.113410	0.100493
 65-69 	0.100217	0.115755	0.086723
 70-74 	0.107559	0.112246	0.103662
 75-79 	0.046957	0.075579	0.025242
 80+ 	0.000000	0.000000	0.000000
Total	0.222971	0.192461	0.253707
2034			
 0-4	0.100181	0.100522	0.099825
 5-9	0.000000	0.000000	0.000000
 10-14 	0.000000	0.000000	0.000000
 15-19 	0.179279	0.106397	0.255213
 20-24 	0.459486	0.343686	0.579999
 25-29 	0.514064	0.436349	0.594735
 30-34 	0.468327	0.432649	0.505254
 35-39 	0.390032	0.373658	0.406931
 40-44 	0.310513	0.293750	0.327647
 45-49 	0.239583	0.216588	0.261883
 50-54 	0.180255	0.157581	0.200640
 55-59 	0.134135	0.123743	0.143213
 60-64 	0.106355	0.113234	0.100359
 65-69 	0.100058	0.115590	0.086596
 70-74 	0.107460	0.112098	0.103593
 75-79 	0.046857	0.075375	0.025012
 80+ 	0.000000	0.000000	0.000000
Total	0.223125	0.192696	0.253791
2035			
 0-4	0.097597	0.097930	0.097249
 5-9	0.000000	0.000000	0.000000
 10-14 	0.000000	0.000000	0.000000
 15-19 	0.178981	0.106199	0.254801
 20-24 	0.459183	0.343510	0.579529
 25-29 	0.513277	0.435630	0.593869
 30-34 	0.467590	0.431930	0.504487
 35-39 	0.389545	0.373147	0.406465
 40-44 	0.309898	0.293125	0.327082
 45-49 	0.239055	0.216204	0.261507
 50-54 	0.179831	0.157308	0.200277
 55-59 	0.133912	0.123534	0.142946
 60-64 	0.106146	0.113049	0.100153
 65-69 	0.099893	0.115421	0.086503
 70-74 	0.107329	0.111922	0.103493
 75-79 	0.046854	0.075186	0.024921
 80+ 	0.000000	0.000000	0.000000
Total	0.223236	0.192886	0.253829
2036			
 0-4	0.095240	0.095566	0.094900
 5-9	0.000000	0.000000	0.000000
 10-14 	0.000000	0.000000	0.000000
 15-19 	0.178734	0.106012	0.254478
 20-24 	0.458865	0.343246	0.579118
 25-29 	0.512542	0.434918	0.593099
 30-34 	0.466913	0.431198	0.503859
 35-39 	0.389114	0.372635	0.406112
 40-44 	0.309311	0.292482	0.326574
 45-49 	0.238576	0.215801	0.261210
 50-54 	0.179411	0.157027	0.199969
 55-59 	0.133684	0.123319	0.142695
 60-64 	0.105983	0.112858	0.100044
 65-69 	0.099735	0.115223	0.086448
 70-74 	0.107185	0.111733	0.103383
 75-79 	0.046940	0.075037	0.024978
 80+ 	0.000000	0.000000	0.000000
Total	0.223297	0.193026	0.253822
2037			
 0-4	0.093122	0.093443	0.092789
 5-9	0.000000	0.000000	0.000000
 10-14 	0.000000	0.000000	0.000000
 15-19 	0.178543	0.105843	0.254252
 20-24 	0.458501	0.342857	0.578747
 25-29 	0.511899	0.434235	0.592480
 30-34 	0.466363	0.430502	0.503454
 35-39 	0.388726	0.372114	0.405856
 40-44 	0.308825	0.291898	0.326198
 45-49 	0.238171	0.215404	0.261003
 50-54 	0.179020	0.156757	0.199739
 55-59 	0.133466	0.123110	0.142485
 60-64 	0.105836	0.112671	0.099963
 65-69 	0.099558	0.115024	0.086365
 70-74 	0.107044	0.111542	0.103283
 75-79 	0.047076	0.074944	0.025131
 80+ 	0.000000	0.000000	0.000000
Total	0.223320	0.193121	0.253780
2038			
 0-4	0.091303	0.091618	0.090974
 5-9	0.000000	0.000000	0.000000
 10-14 	0.000000	0.000000	0.000000
 15-19 	0.178373	0.105663	0.254078
 20-24 	0.458106	0.342353	0.578432
 25-29 	0.511358	0.433591	0.592026
 30-34 	0.465928	0.429843	0.503247
 35-39 	0.388362	0.371569	0.405671
 40-44 	0.308479	0.291416	0.325994
 45-49 	0.237827	0.215004	0.260865
 50-54 	0.178669	0.156498	0.199593
 55-59 	0.133265	0.122909	0.142328
 60-64 	0.105703	0.112490	0.099905
 65-69 	0.099365	0.114828	0.086249
 70-74 	0.106907	0.111346	0.103198
 75-79 	0.047199	0.074888	0.025289
 80+ 	0.000000	0.000000	0.000000
Total	0.223314	0.193179	0.253717
2039			
 0-4	0.089759	0.090070	0.089433
 5-9	0.000000	0.000000	0.000000
 10-14 	0.000000	0.000000	0.000000
 15-19 	0.178232	0.105480	0.253964
 20-24 	0.457764	0.341825	0.578256
 25-29 	0.510926	0.433003	0.591730
 30-34 	0.465588	0.429225	0.503192
 35-39 	0.388040	0.371024	0.405573
 40-44 	0.308272	0.291038	0.325963
 45-49 	0.237524	0.214590	0.260768
 50-54 	0.178365	0.156252	0.199531
 55-59 	0.133086	0.122719	0.142225
 60-64 	0.105585	0.112318	0.099861
 65-69 	0.099199	0.114648	0.086165
 70-74 	0.106760	0.111134	0.103112
 75-79 	0.047267	0.074829	0.025396
 80+ 	0.000000	0.000000	0.000000
Total	0.223285	0.193204	0.253639
2040			
 0-4	0.088416	0.088726	0.088094
 5-9	0.000000	0.000000	0.000000
 10-14 	0.000000	0.000000	0.000000
 15-19 	0.178123	0.105301	0.253912
 20-24 	0.457530	0.341336	0.578258
 25-29 	0.510609	0.432476	0.591603
 30-34 	0.465307	0.428640	0.503220
 35-39 	0.387773	0.370499	0.405566
 40-44 	0.308185	0.290751	0.326078
 45-49 	0.237255	0.214173	0.260705
 50-54 	0.178115	0.156017	0.199547
 55-59 	0.132926	0.122543	0.142170
 60-64 	0.105487	0.112162	0.099831
 65-69 	0.099136	0.114497	0.086229
 70-74 	0.106562	0.110882	0.102978
 75-79 	0.047273	0.074747	0.025441
 80+ 	0.000000	0.000000	0.000000
Total	0.223233	0.193197	0.253549
2041			
 0-4	0.087205	0.087512	0.086886
 5-9	0.000000	0.000000	0.000000
 10-14 	0.000000	0.000000	0.000000
 15-19 	0.178054	0.105136	0.253927
 20-24 	0.457426	0.340925	0.578445
 25-29 	0.510421	0.432015	0.591671
 30-34 	0.465085	0.428103	0.503319
 35-39 	0.387610	0.370052	0.405691
 40-44 	0.308185	0.290532	0.326299
 45-49 	0.237044	0.213791	0.260696
 50-54 	0.177929	0.155804	0.199635
 55-59 	0.132792	0.122389	0.142163
 60-64 	0.105416	0.112027	0.099821
 65-69 	0.099050	0.114359	0.086251
 70-74 	0.106421	0.110726	0.102869
 75-79 	0.047242	0.074652	0.025447
 80+ 	0.000000	0.000000	0.000000
Total	0.223163	0.193161	0.253451
2042			
 0-4	0.086121	0.086425	0.085803
 5-9	0.000000	0.000000	0.000000
 10-14 	0.000000	0.000000	0.000000
 15-19 	0.178021	0.104988	0.253998
 20-24 	0.457434	0.340592	0.578778
 25-29 	0.510364	0.431620	0.591934
 30-34 	0.464940	0.427639	0.503496
 35-39 	0.387589	0.369730	0.405978
 40-44 	0.308237	0.290352	0.326581
 45-49 	0.236931	0.213498	0.260780
 50-54 	0.177815	0.155625	0.199783
 55-59 	0.132689	0.122264	0.142206
 60-64 	0.105379	0.111916	0.099835
 65-69 	0.098983	0.114246	0.086294
 70-74 	0.106414	0.110639	0.102949
 75-79 	0.047186	0.074552	0.025426
 80+ 	0.000000	0.000000	0.000000
Total	0.223083	0.193105	0.253350
2043			
 0-4	0.085149	0.085450	0.084835
 5-9	0.000000	0.000000	0.000000
 10-14 	0.000000	0.000000	0.000000
 15-19 	0.178016	0.104857	0.254109
 20-24 	0.457517	0.340314	0.579204
 25-29 	0.510418	0.431291	0.592359
 30-34 	0.464861	0.427251	0.503725
 35-39 	0.387673	0.369511	0.406372
 40-44 	0.308303	0.290184	0.326878
 45-49 	0.236935	0.213322	0.260972
 50-54 	0.177750	0.155468	0.199954
 55-59 	0.132617	0.122166	0.142293
 60-64 	0.105373	0.111829	0.099873
 65-69 	0.098937	0.114157	0.086355
 70-74 	0.106546	0.110622	0.103222
 75-79 	0.047091	0.074430	0.025365
 80+ 	0.000000	0.000000	0.000000
Total	0.222993	0.193034	0.253246
2044			
 0-4	0.084279	0.084576	0.083969
 5-9	0.000000	0.000000	0.000000
 10-14 	0.000000	0.000000	0.000000
 15-19 	0.178041	0.104750	0.254259
 20-24 	0.457676	0.340104	0.579712
 25-29 	0.510578	0.431053	0.592904
 30-34 	0.464841	0.426945	0.503987
 35-39 	0.387826	0.369373	0.406823
 40-44 	0.308392	0.290045	0.327194
 45-49 	0.237050	0.213262	0.261266
 50-54 	0.177713	0.155324	0.200117
 55-59 	0.132577	0.122095	0.142420
 60-64 	0.105398	0.111767	0.099930
 65-69 	0.098919	0.114094	0.086435
 70-74 	0.106690	0.110622	0.103499
 75-79 	0.046865	0.074225	0.025174
 80+ 	0.000000	0.000000	0.000000
Total	0.222903	0.192957	0.253147
2045			
 0-4	0.083496	0.083787	0.083193
 5-9	0.000000	0.000000	0.000000
 10-14 	0.000000	0.000000	0.000000
 15-19 	0.178106	0.104675	0.254458
 20-24 	0.457929	0.339986	0.580316
 25-29 	0.510856	0.430940	0.593560
 30-34 	0.464915	0.426755	0.504318
 35-39 	0.388014	0.369293	0.407283
 40-44 	0.308522	0.289959	0.327540
 45-49 	0.237264	0.213307	0.261647
 50-54 	0.177703	0.155204	0.200269
 55-59 	0.132575	0.122055	0.142585
 60-64 	0.105455	0.111738	0.100007
 65-69 	0.098940	0.114066	0.086540
 70-74 	0.106595	0.110529	0.103416
 75-79 	0.046371	0.073838	0.024722
 80+ 	0.000000	0.000000	0.000000
Total	0.222829	0.192892	0.253068
2046			
 0-4	0.082826	0.083110	0.082530
 5-9	0.000000	0.000000	0.000000
 10-14 	0.000000	0.000000	0.000000
 15-19 	0.178223	0.104643	0.254718
 20-24 	0.458293	0.339978	0.581033
 25-29 	0.511267	0.430977	0.594332
 30-34 	0.465135	0.426720	0.504785
 35-39 	0.388243	0.369281	0.407758
 40-44 	0.308745	0.289982	0.327961
 45-49 	0.237552	0.213435	0.262090
 50-54 	0.177739	0.155135	0.200439
 55-59 	0.132621	0.122054	0.142792
 60-64 	0.105548	0.111747	0.100108
 65-69 	0.099011	0.114077	0.086670
 70-74 	0.106674	0.110540	0.103566
 75-79 	0.046480	0.073866	0.025013
 80+ 	0.000000	0.000000	0.000000
Total	0.222796	0.192860	0.253040
2047			
 0-4	0.082259	0.082535	0.081972
 5-9	0.000000	0.000000	0.000000
 10-14 	0.000000	0.000000	0.000000
 15-19 	0.178399	0.104659	0.255050
 20-24 	0.458786	0.340095	0.581881
 25-29 	0.511830	0.431180	0.595240
 30-34 	0.465547	0.426875	0.505442
 35-39 	0.388552	0.369373	0.408285
 40-44 	0.309109	0.290168	0.328506
 45-49 	0.237894	0.213627	0.262575
 50-54 	0.177864	0.155154	0.200681
 55-59 	0.132722	0.122100	0.143039
 60-64 	0.105681	0.111800	0.100240
 65-69 	0.099133	0.114131	0.086825
 70-74 	0.106787	0.110594	0.103745
 75-79 	0.046661	0.074015	0.025341
 80+ 	0.000000	0.000000	0.000000
Total	0.222823	0.192877	0.253079
2048			
 0-4	0.081716	0.081983	0.081437
 5-9	0.000000	0.000000	0.000000
 10-14 	0.000000	0.000000	0.000000
 15-19 	0.178631	0.104720	0.255448
 20-24 	0.459398	0.340334	0.582849
 25-29 	0.512539	0.431540	0.596280
 30-34 	0.466145	0.427219	0.506285
 35-39 	0.388941	0.369574	0.408861
 40-44 	0.309589	0.290490	0.329145
 45-49 	0.238263	0.213854	0.263077
 50-54 	0.178096	0.155280	0.201024
 55-59 	0.132864	0.122186	0.143304
 60-64 	0.105852	0.111894	0.100404
 65-69 	0.099303	0.114228	0.086996
 70-74 	0.106927	0.110688	0.103938
 75-79 	0.046763	0.074261	0.025450
 80+ 	0.000000	0.000000	0.000000
Total	0.222905	0.192942	0.253182
2049			
 0-4	0.081197	0.081456	0.080926
 5-9	0.000000	0.000000	0.000000
 10-14 	0.000000	0.000000	0.000000
 15-19 	0.178909	0.104822	0.255897
 20-24 	0.460101	0.340675	0.583900
 25-29 	0.513357	0.432029	0.597409
 30-34 	0.466870	0.427707	0.507239
 35-39 	0.389378	0.369852	0.409453
 40-44 	0.310131	0.290892	0.329825
 45-49 	0.238652	0.214115	0.263585
 50-54 	0.178419	0.155496	0.201455
 55-59 	0.133024	0.122299	0.143554
 60-64 	0.106051	0.112021	0.100590
 65-69 	0.099512	0.114359	0.087177
 70-74 	0.107078	0.110813	0.104124
 75-79 	0.046817	0.074472	0.025494
 80+ 	0.000000	0.000000	0.000000
Total	0.223039	0.193052	0.253343
2050			
 0-4	0.081035	0.081289	0.080769
 5-9	0.000000	0.000000	0.000000
 10-14 	0.000000	0.000000	0.000000
 15-19 	0.179232	0.104963	0.256396
 20-24 	0.460889	0.341113	0.585027
 25-29 	0.514271	0.432634	0.598615
 30-34 	0.467691	0.428316	0.508263
 35-39 	0.389876	0.370217	0.410079
 40-44 	0.310679	0.291317	0.330497
 45-49 	0.239059	0.214408	0.264101
 50-54 	0.178811	0.155782	0.201950
 55-59 	0.133194	0.122435	0.143781
 60-64 	0.106272	0.112179	0.100797
 65-69 	0.099756	0.114521	0.087367
 70-74 	0.107235	0.110966	0.104295
 75-79 	0.046700	0.074403	0.025433
 80+ 	0.000000	0.000000	0.000000
Total	0.223241	0.193228	0.253573
