Number on ART by age			
	Ghana		
 	Total	Male	Female
1970			
 0-4	0.000000	0.000000	0.000000
 5-9	0.000000	0.000000	0.000000
 10-14 	0.000000	0.000000	0.000000
 15-19 	0.000000	0.000000	0.000000
 20-24 	0.000000	0.000000	0.000000
 25-29 	0.000000	0.000000	0.000000
 30-34 	0.000000	0.000000	0.000000
 35-39 	0.000000	0.000000	0.000000
 40-44 	0.000000	0.000000	0.000000
 45-49 	0.000000	0.000000	0.000000
 50-54 	0.000000	0.000000	0.000000
 55-59 	0.000000	0.000000	0.000000
 60-64 	0.000000	0.000000	0.000000
 65-69 	0.000000	0.000000	0.000000
 70-74 	0.000000	0.000000	0.000000
 75-79 	0.000000	0.000000	0.000000
 80+ 	0.000000	0.000000	0.000000
Total	0.000000	0.000000	0.000000
1971			
 0-4	0.000000	0.000000	0.000000
 5-9	0.000000	0.000000	0.000000
 10-14 	0.000000	0.000000	0.000000
 15-19 	0.000000	0.000000	0.000000
 20-24 	0.000000	0.000000	0.000000
 25-29 	0.000000	0.000000	0.000000
 30-34 	0.000000	0.000000	0.000000
 35-39 	0.000000	0.000000	0.000000
 40-44 	0.000000	0.000000	0.000000
 45-49 	0.000000	0.000000	0.000000
 50-54 	0.000000	0.000000	0.000000
 55-59 	0.000000	0.000000	0.000000
 60-64 	0.000000	0.000000	0.000000
 65-69 	0.000000	0.000000	0.000000
 70-74 	0.000000	0.000000	0.000000
 75-79 	0.000000	0.000000	0.000000
 80+ 	0.000000	0.000000	0.000000
Total	0.000000	0.000000	0.000000
1972			
 0-4	0.000000	0.000000	0.000000
 5-9	0.000000	0.000000	0.000000
 10-14 	0.000000	0.000000	0.000000
 15-19 	0.000000	0.000000	0.000000
 20-24 	0.000000	0.000000	0.000000
 25-29 	0.000000	0.000000	0.000000
 30-34 	0.000000	0.000000	0.000000
 35-39 	0.000000	0.000000	0.000000
 40-44 	0.000000	0.000000	0.000000
 45-49 	0.000000	0.000000	0.000000
 50-54 	0.000000	0.000000	0.000000
 55-59 	0.000000	0.000000	0.000000
 60-64 	0.000000	0.000000	0.000000
 65-69 	0.000000	0.000000	0.000000
 70-74 	0.000000	0.000000	0.000000
 75-79 	0.000000	0.000000	0.000000
 80+ 	0.000000	0.000000	0.000000
Total	0.000000	0.000000	0.000000
1973			
 0-4	0.000000	0.000000	0.000000
 5-9	0.000000	0.000000	0.000000
 10-14 	0.000000	0.000000	0.000000
 15-19 	0.000000	0.000000	0.000000
 20-24 	0.000000	0.000000	0.000000
 25-29 	0.000000	0.000000	0.000000
 30-34 	0.000000	0.000000	0.000000
 35-39 	0.000000	0.000000	0.000000
 40-44 	0.000000	0.000000	0.000000
 45-49 	0.000000	0.000000	0.000000
 50-54 	0.000000	0.000000	0.000000
 55-59 	0.000000	0.000000	0.000000
 60-64 	0.000000	0.000000	0.000000
 65-69 	0.000000	0.000000	0.000000
 70-74 	0.000000	0.000000	0.000000
 75-79 	0.000000	0.000000	0.000000
 80+ 	0.000000	0.000000	0.000000
Total	0.000000	0.000000	0.000000
1974			
 0-4	0.000000	0.000000	0.000000
 5-9	0.000000	0.000000	0.000000
 10-14 	0.000000	0.000000	0.000000
 15-19 	0.000000	0.000000	0.000000
 20-24 	0.000000	0.000000	0.000000
 25-29 	0.000000	0.000000	0.000000
 30-34 	0.000000	0.000000	0.000000
 35-39 	0.000000	0.000000	0.000000
 40-44 	0.000000	0.000000	0.000000
 45-49 	0.000000	0.000000	0.000000
 50-54 	0.000000	0.000000	0.000000
 55-59 	0.000000	0.000000	0.000000
 60-64 	0.000000	0.000000	0.000000
 65-69 	0.000000	0.000000	0.000000
 70-74 	0.000000	0.000000	0.000000
 75-79 	0.000000	0.000000	0.000000
 80+ 	0.000000	0.000000	0.000000
Total	0.000000	0.000000	0.000000
1975			
 0-4	0.000000	0.000000	0.000000
 5-9	0.000000	0.000000	0.000000
 10-14 	0.000000	0.000000	0.000000
 15-19 	0.000000	0.000000	0.000000
 20-24 	0.000000	0.000000	0.000000
 25-29 	0.000000	0.000000	0.000000
 30-34 	0.000000	0.000000	0.000000
 35-39 	0.000000	0.000000	0.000000
 40-44 	0.000000	0.000000	0.000000
 45-49 	0.000000	0.000000	0.000000
 50-54 	0.000000	0.000000	0.000000
 55-59 	0.000000	0.000000	0.000000
 60-64 	0.000000	0.000000	0.000000
 65-69 	0.000000	0.000000	0.000000
 70-74 	0.000000	0.000000	0.000000
 75-79 	0.000000	0.000000	0.000000
 80+ 	0.000000	0.000000	0.000000
Total	0.000000	0.000000	0.000000
1976			
 0-4	0.000000	0.000000	0.000000
 5-9	0.000000	0.000000	0.000000
 10-14 	0.000000	0.000000	0.000000
 15-19 	0.000000	0.000000	0.000000
 20-24 	0.000000	0.000000	0.000000
 25-29 	0.000000	0.000000	0.000000
 30-34 	0.000000	0.000000	0.000000
 35-39 	0.000000	0.000000	0.000000
 40-44 	0.000000	0.000000	0.000000
 45-49 	0.000000	0.000000	0.000000
 50-54 	0.000000	0.000000	0.000000
 55-59 	0.000000	0.000000	0.000000
 60-64 	0.000000	0.000000	0.000000
 65-69 	0.000000	0.000000	0.000000
 70-74 	0.000000	0.000000	0.000000
 75-79 	0.000000	0.000000	0.000000
 80+ 	0.000000	0.000000	0.000000
Total	0.000000	0.000000	0.000000
1977			
 0-4	0.000000	0.000000	0.000000
 5-9	0.000000	0.000000	0.000000
 10-14 	0.000000	0.000000	0.000000
 15-19 	0.000000	0.000000	0.000000
 20-24 	0.000000	0.000000	0.000000
 25-29 	0.000000	0.000000	0.000000
 30-34 	0.000000	0.000000	0.000000
 35-39 	0.000000	0.000000	0.000000
 40-44 	0.000000	0.000000	0.000000
 45-49 	0.000000	0.000000	0.000000
 50-54 	0.000000	0.000000	0.000000
 55-59 	0.000000	0.000000	0.000000
 60-64 	0.000000	0.000000	0.000000
 65-69 	0.000000	0.000000	0.000000
 70-74 	0.000000	0.000000	0.000000
 75-79 	0.000000	0.000000	0.000000
 80+ 	0.000000	0.000000	0.000000
Total	0.000000	0.000000	0.000000
1978			
 0-4	0.000000	0.000000	0.000000
 5-9	0.000000	0.000000	0.000000
 10-14 	0.000000	0.000000	0.000000
 15-19 	0.000000	0.000000	0.000000
 20-24 	0.000000	0.000000	0.000000
 25-29 	0.000000	0.000000	0.000000
 30-34 	0.000000	0.000000	0.000000
 35-39 	0.000000	0.000000	0.000000
 40-44 	0.000000	0.000000	0.000000
 45-49 	0.000000	0.000000	0.000000
 50-54 	0.000000	0.000000	0.000000
 55-59 	0.000000	0.000000	0.000000
 60-64 	0.000000	0.000000	0.000000
 65-69 	0.000000	0.000000	0.000000
 70-74 	0.000000	0.000000	0.000000
 75-79 	0.000000	0.000000	0.000000
 80+ 	0.000000	0.000000	0.000000
Total	0.000000	0.000000	0.000000
1979			
 0-4	0.000000	0.000000	0.000000
 5-9	0.000000	0.000000	0.000000
 10-14 	0.000000	0.000000	0.000000
 15-19 	0.000000	0.000000	0.000000
 20-24 	0.000000	0.000000	0.000000
 25-29 	0.000000	0.000000	0.000000
 30-34 	0.000000	0.000000	0.000000
 35-39 	0.000000	0.000000	0.000000
 40-44 	0.000000	0.000000	0.000000
 45-49 	0.000000	0.000000	0.000000
 50-54 	0.000000	0.000000	0.000000
 55-59 	0.000000	0.000000	0.000000
 60-64 	0.000000	0.000000	0.000000
 65-69 	0.000000	0.000000	0.000000
 70-74 	0.000000	0.000000	0.000000
 75-79 	0.000000	0.000000	0.000000
 80+ 	0.000000	0.000000	0.000000
Total	0.000000	0.000000	0.000000
1980			
 0-4	0.000000	0.000000	0.000000
 5-9	0.000000	0.000000	0.000000
 10-14 	0.000000	0.000000	0.000000
 15-19 	0.000000	0.000000	0.000000
 20-24 	0.000000	0.000000	0.000000
 25-29 	0.000000	0.000000	0.000000
 30-34 	0.000000	0.000000	0.000000
 35-39 	0.000000	0.000000	0.000000
 40-44 	0.000000	0.000000	0.000000
 45-49 	0.000000	0.000000	0.000000
 50-54 	0.000000	0.000000	0.000000
 55-59 	0.000000	0.000000	0.000000
 60-64 	0.000000	0.000000	0.000000
 65-69 	0.000000	0.000000	0.000000
 70-74 	0.000000	0.000000	0.000000
 75-79 	0.000000	0.000000	0.000000
 80+ 	0.000000	0.000000	0.000000
Total	0.000000	0.000000	0.000000
1981			
 0-4	0.000000	0.000000	0.000000
 5-9	0.000000	0.000000	0.000000
 10-14 	0.000000	0.000000	0.000000
 15-19 	0.000000	0.000000	0.000000
 20-24 	0.000000	0.000000	0.000000
 25-29 	0.000000	0.000000	0.000000
 30-34 	0.000000	0.000000	0.000000
 35-39 	0.000000	0.000000	0.000000
 40-44 	0.000000	0.000000	0.000000
 45-49 	0.000000	0.000000	0.000000
 50-54 	0.000000	0.000000	0.000000
 55-59 	0.000000	0.000000	0.000000
 60-64 	0.000000	0.000000	0.000000
 65-69 	0.000000	0.000000	0.000000
 70-74 	0.000000	0.000000	0.000000
 75-79 	0.000000	0.000000	0.000000
 80+ 	0.000000	0.000000	0.000000
Total	0.000000	0.000000	0.000000
1982			
 0-4	0.000000	0.000000	0.000000
 5-9	0.000000	0.000000	0.000000
 10-14 	0.000000	0.000000	0.000000
 15-19 	0.000000	0.000000	0.000000
 20-24 	0.000000	0.000000	0.000000
 25-29 	0.000000	0.000000	0.000000
 30-34 	0.000000	0.000000	0.000000
 35-39 	0.000000	0.000000	0.000000
 40-44 	0.000000	0.000000	0.000000
 45-49 	0.000000	0.000000	0.000000
 50-54 	0.000000	0.000000	0.000000
 55-59 	0.000000	0.000000	0.000000
 60-64 	0.000000	0.000000	0.000000
 65-69 	0.000000	0.000000	0.000000
 70-74 	0.000000	0.000000	0.000000
 75-79 	0.000000	0.000000	0.000000
 80+ 	0.000000	0.000000	0.000000
Total	0.000000	0.000000	0.000000
1983			
 0-4	0.000000	0.000000	0.000000
 5-9	0.000000	0.000000	0.000000
 10-14 	0.000000	0.000000	0.000000
 15-19 	0.000000	0.000000	0.000000
 20-24 	0.000000	0.000000	0.000000
 25-29 	0.000000	0.000000	0.000000
 30-34 	0.000000	0.000000	0.000000
 35-39 	0.000000	0.000000	0.000000
 40-44 	0.000000	0.000000	0.000000
 45-49 	0.000000	0.000000	0.000000
 50-54 	0.000000	0.000000	0.000000
 55-59 	0.000000	0.000000	0.000000
 60-64 	0.000000	0.000000	0.000000
 65-69 	0.000000	0.000000	0.000000
 70-74 	0.000000	0.000000	0.000000
 75-79 	0.000000	0.000000	0.000000
 80+ 	0.000000	0.000000	0.000000
Total	0.000000	0.000000	0.000000
1984			
 0-4	0.000000	0.000000	0.000000
 5-9	0.000000	0.000000	0.000000
 10-14 	0.000000	0.000000	0.000000
 15-19 	0.000000	0.000000	0.000000
 20-24 	0.000000	0.000000	0.000000
 25-29 	0.000000	0.000000	0.000000
 30-34 	0.000000	0.000000	0.000000
 35-39 	0.000000	0.000000	0.000000
 40-44 	0.000000	0.000000	0.000000
 45-49 	0.000000	0.000000	0.000000
 50-54 	0.000000	0.000000	0.000000
 55-59 	0.000000	0.000000	0.000000
 60-64 	0.000000	0.000000	0.000000
 65-69 	0.000000	0.000000	0.000000
 70-74 	0.000000	0.000000	0.000000
 75-79 	0.000000	0.000000	0.000000
 80+ 	0.000000	0.000000	0.000000
Total	0.000000	0.000000	0.000000
1985			
 0-4	0.000000	0.000000	0.000000
 5-9	0.000000	0.000000	0.000000
 10-14 	0.000000	0.000000	0.000000
 15-19 	0.000000	0.000000	0.000000
 20-24 	0.000000	0.000000	0.000000
 25-29 	0.000000	0.000000	0.000000
 30-34 	0.000000	0.000000	0.000000
 35-39 	0.000000	0.000000	0.000000
 40-44 	0.000000	0.000000	0.000000
 45-49 	0.000000	0.000000	0.000000
 50-54 	0.000000	0.000000	0.000000
 55-59 	0.000000	0.000000	0.000000
 60-64 	0.000000	0.000000	0.000000
 65-69 	0.000000	0.000000	0.000000
 70-74 	0.000000	0.000000	0.000000
 75-79 	0.000000	0.000000	0.000000
 80+ 	0.000000	0.000000	0.000000
Total	0.000000	0.000000	0.000000
1986			
 0-4	0.000000	0.000000	0.000000
 5-9	0.000000	0.000000	0.000000
 10-14 	0.000000	0.000000	0.000000
 15-19 	0.000000	0.000000	0.000000
 20-24 	0.000000	0.000000	0.000000
 25-29 	0.000000	0.000000	0.000000
 30-34 	0.000000	0.000000	0.000000
 35-39 	0.000000	0.000000	0.000000
 40-44 	0.000000	0.000000	0.000000
 45-49 	0.000000	0.000000	0.000000
 50-54 	0.000000	0.000000	0.000000
 55-59 	0.000000	0.000000	0.000000
 60-64 	0.000000	0.000000	0.000000
 65-69 	0.000000	0.000000	0.000000
 70-74 	0.000000	0.000000	0.000000
 75-79 	0.000000	0.000000	0.000000
 80+ 	0.000000	0.000000	0.000000
Total	0.000000	0.000000	0.000000
1987			
 0-4	0.000000	0.000000	0.000000
 5-9	0.000000	0.000000	0.000000
 10-14 	0.000000	0.000000	0.000000
 15-19 	0.000000	0.000000	0.000000
 20-24 	0.000000	0.000000	0.000000
 25-29 	0.000000	0.000000	0.000000
 30-34 	0.000000	0.000000	0.000000
 35-39 	0.000000	0.000000	0.000000
 40-44 	0.000000	0.000000	0.000000
 45-49 	0.000000	0.000000	0.000000
 50-54 	0.000000	0.000000	0.000000
 55-59 	0.000000	0.000000	0.000000
 60-64 	0.000000	0.000000	0.000000
 65-69 	0.000000	0.000000	0.000000
 70-74 	0.000000	0.000000	0.000000
 75-79 	0.000000	0.000000	0.000000
 80+ 	0.000000	0.000000	0.000000
Total	0.000000	0.000000	0.000000
1988			
 0-4	0.000000	0.000000	0.000000
 5-9	0.000000	0.000000	0.000000
 10-14 	0.000000	0.000000	0.000000
 15-19 	0.000000	0.000000	0.000000
 20-24 	0.000000	0.000000	0.000000
 25-29 	0.000000	0.000000	0.000000
 30-34 	0.000000	0.000000	0.000000
 35-39 	0.000000	0.000000	0.000000
 40-44 	0.000000	0.000000	0.000000
 45-49 	0.000000	0.000000	0.000000
 50-54 	0.000000	0.000000	0.000000
 55-59 	0.000000	0.000000	0.000000
 60-64 	0.000000	0.000000	0.000000
 65-69 	0.000000	0.000000	0.000000
 70-74 	0.000000	0.000000	0.000000
 75-79 	0.000000	0.000000	0.000000
 80+ 	0.000000	0.000000	0.000000
Total	0.000000	0.000000	0.000000
1989			
 0-4	0.000000	0.000000	0.000000
 5-9	0.000000	0.000000	0.000000
 10-14 	0.000000	0.000000	0.000000
 15-19 	0.000000	0.000000	0.000000
 20-24 	0.000000	0.000000	0.000000
 25-29 	0.000000	0.000000	0.000000
 30-34 	0.000000	0.000000	0.000000
 35-39 	0.000000	0.000000	0.000000
 40-44 	0.000000	0.000000	0.000000
 45-49 	0.000000	0.000000	0.000000
 50-54 	0.000000	0.000000	0.000000
 55-59 	0.000000	0.000000	0.000000
 60-64 	0.000000	0.000000	0.000000
 65-69 	0.000000	0.000000	0.000000
 70-74 	0.000000	0.000000	0.000000
 75-79 	0.000000	0.000000	0.000000
 80+ 	0.000000	0.000000	0.000000
Total	0.000000	0.000000	0.000000
1990			
 0-4	0.000000	0.000000	0.000000
 5-9	0.000000	0.000000	0.000000
 10-14 	0.000000	0.000000	0.000000
 15-19 	0.000000	0.000000	0.000000
 20-24 	0.000000	0.000000	0.000000
 25-29 	0.000000	0.000000	0.000000
 30-34 	0.000000	0.000000	0.000000
 35-39 	0.000000	0.000000	0.000000
 40-44 	0.000000	0.000000	0.000000
 45-49 	0.000000	0.000000	0.000000
 50-54 	0.000000	0.000000	0.000000
 55-59 	0.000000	0.000000	0.000000
 60-64 	0.000000	0.000000	0.000000
 65-69 	0.000000	0.000000	0.000000
 70-74 	0.000000	0.000000	0.000000
 75-79 	0.000000	0.000000	0.000000
 80+ 	0.000000	0.000000	0.000000
Total	0.000000	0.000000	0.000000
1991			
 0-4	0.000000	0.000000	0.000000
 5-9	0.000000	0.000000	0.000000
 10-14 	0.000000	0.000000	0.000000
 15-19 	0.000000	0.000000	0.000000
 20-24 	0.000000	0.000000	0.000000
 25-29 	0.000000	0.000000	0.000000
 30-34 	0.000000	0.000000	0.000000
 35-39 	0.000000	0.000000	0.000000
 40-44 	0.000000	0.000000	0.000000
 45-49 	0.000000	0.000000	0.000000
 50-54 	0.000000	0.000000	0.000000
 55-59 	0.000000	0.000000	0.000000
 60-64 	0.000000	0.000000	0.000000
 65-69 	0.000000	0.000000	0.000000
 70-74 	0.000000	0.000000	0.000000
 75-79 	0.000000	0.000000	0.000000
 80+ 	0.000000	0.000000	0.000000
Total	0.000000	0.000000	0.000000
1992			
 0-4	0.000000	0.000000	0.000000
 5-9	0.000000	0.000000	0.000000
 10-14 	0.000000	0.000000	0.000000
 15-19 	0.000000	0.000000	0.000000
 20-24 	0.000000	0.000000	0.000000
 25-29 	0.000000	0.000000	0.000000
 30-34 	0.000000	0.000000	0.000000
 35-39 	0.000000	0.000000	0.000000
 40-44 	0.000000	0.000000	0.000000
 45-49 	0.000000	0.000000	0.000000
 50-54 	0.000000	0.000000	0.000000
 55-59 	0.000000	0.000000	0.000000
 60-64 	0.000000	0.000000	0.000000
 65-69 	0.000000	0.000000	0.000000
 70-74 	0.000000	0.000000	0.000000
 75-79 	0.000000	0.000000	0.000000
 80+ 	0.000000	0.000000	0.000000
Total	0.000000	0.000000	0.000000
1993			
 0-4	0.000000	0.000000	0.000000
 5-9	0.000000	0.000000	0.000000
 10-14 	0.000000	0.000000	0.000000
 15-19 	0.000000	0.000000	0.000000
 20-24 	0.000000	0.000000	0.000000
 25-29 	0.000000	0.000000	0.000000
 30-34 	0.000000	0.000000	0.000000
 35-39 	0.000000	0.000000	0.000000
 40-44 	0.000000	0.000000	0.000000
 45-49 	0.000000	0.000000	0.000000
 50-54 	0.000000	0.000000	0.000000
 55-59 	0.000000	0.000000	0.000000
 60-64 	0.000000	0.000000	0.000000
 65-69 	0.000000	0.000000	0.000000
 70-74 	0.000000	0.000000	0.000000
 75-79 	0.000000	0.000000	0.000000
 80+ 	0.000000	0.000000	0.000000
Total	0.000000	0.000000	0.000000
1994			
 0-4	0.000000	0.000000	0.000000
 5-9	0.000000	0.000000	0.000000
 10-14 	0.000000	0.000000	0.000000
 15-19 	0.000000	0.000000	0.000000
 20-24 	0.000000	0.000000	0.000000
 25-29 	0.000000	0.000000	0.000000
 30-34 	0.000000	0.000000	0.000000
 35-39 	0.000000	0.000000	0.000000
 40-44 	0.000000	0.000000	0.000000
 45-49 	0.000000	0.000000	0.000000
 50-54 	0.000000	0.000000	0.000000
 55-59 	0.000000	0.000000	0.000000
 60-64 	0.000000	0.000000	0.000000
 65-69 	0.000000	0.000000	0.000000
 70-74 	0.000000	0.000000	0.000000
 75-79 	0.000000	0.000000	0.000000
 80+ 	0.000000	0.000000	0.000000
Total	0.000000	0.000000	0.000000
1995			
 0-4	0.000000	0.000000	0.000000
 5-9	0.000000	0.000000	0.000000
 10-14 	0.000000	0.000000	0.000000
 15-19 	0.000000	0.000000	0.000000
 20-24 	0.000000	0.000000	0.000000
 25-29 	0.000000	0.000000	0.000000
 30-34 	0.000000	0.000000	0.000000
 35-39 	0.000000	0.000000	0.000000
 40-44 	0.000000	0.000000	0.000000
 45-49 	0.000000	0.000000	0.000000
 50-54 	0.000000	0.000000	0.000000
 55-59 	0.000000	0.000000	0.000000
 60-64 	0.000000	0.000000	0.000000
 65-69 	0.000000	0.000000	0.000000
 70-74 	0.000000	0.000000	0.000000
 75-79 	0.000000	0.000000	0.000000
 80+ 	0.000000	0.000000	0.000000
Total	0.000000	0.000000	0.000000
1996			
 0-4	0.000000	0.000000	0.000000
 5-9	0.000000	0.000000	0.000000
 10-14 	0.000000	0.000000	0.000000
 15-19 	0.000000	0.000000	0.000000
 20-24 	0.000000	0.000000	0.000000
 25-29 	0.000000	0.000000	0.000000
 30-34 	0.000000	0.000000	0.000000
 35-39 	0.000000	0.000000	0.000000
 40-44 	0.000000	0.000000	0.000000
 45-49 	0.000000	0.000000	0.000000
 50-54 	0.000000	0.000000	0.000000
 55-59 	0.000000	0.000000	0.000000
 60-64 	0.000000	0.000000	0.000000
 65-69 	0.000000	0.000000	0.000000
 70-74 	0.000000	0.000000	0.000000
 75-79 	0.000000	0.000000	0.000000
 80+ 	0.000000	0.000000	0.000000
Total	0.000000	0.000000	0.000000
1997			
 0-4	0.000000	0.000000	0.000000
 5-9	0.000000	0.000000	0.000000
 10-14 	0.000000	0.000000	0.000000
 15-19 	0.000000	0.000000	0.000000
 20-24 	0.000000	0.000000	0.000000
 25-29 	0.000000	0.000000	0.000000
 30-34 	0.000000	0.000000	0.000000
 35-39 	0.000000	0.000000	0.000000
 40-44 	0.000000	0.000000	0.000000
 45-49 	0.000000	0.000000	0.000000
 50-54 	0.000000	0.000000	0.000000
 55-59 	0.000000	0.000000	0.000000
 60-64 	0.000000	0.000000	0.000000
 65-69 	0.000000	0.000000	0.000000
 70-74 	0.000000	0.000000	0.000000
 75-79 	0.000000	0.000000	0.000000
 80+ 	0.000000	0.000000	0.000000
Total	0.000000	0.000000	0.000000
1998			
 0-4	0.000000	0.000000	0.000000
 5-9	0.000000	0.000000	0.000000
 10-14 	0.000000	0.000000	0.000000
 15-19 	0.000000	0.000000	0.000000
 20-24 	0.000000	0.000000	0.000000
 25-29 	0.000000	0.000000	0.000000
 30-34 	0.000000	0.000000	0.000000
 35-39 	0.000000	0.000000	0.000000
 40-44 	0.000000	0.000000	0.000000
 45-49 	0.000000	0.000000	0.000000
 50-54 	0.000000	0.000000	0.000000
 55-59 	0.000000	0.000000	0.000000
 60-64 	0.000000	0.000000	0.000000
 65-69 	0.000000	0.000000	0.000000
 70-74 	0.000000	0.000000	0.000000
 75-79 	0.000000	0.000000	0.000000
 80+ 	0.000000	0.000000	0.000000
Total	0.000000	0.000000	0.000000
1999			
 0-4	0.000000	0.000000	0.000000
 5-9	0.000000	0.000000	0.000000
 10-14 	0.000000	0.000000	0.000000
 15-19 	0.000000	0.000000	0.000000
 20-24 	0.000000	0.000000	0.000000
 25-29 	0.000000	0.000000	0.000000
 30-34 	0.000000	0.000000	0.000000
 35-39 	0.000000	0.000000	0.000000
 40-44 	0.000000	0.000000	0.000000
 45-49 	0.000000	0.000000	0.000000
 50-54 	0.000000	0.000000	0.000000
 55-59 	0.000000	0.000000	0.000000
 60-64 	0.000000	0.000000	0.000000
 65-69 	0.000000	0.000000	0.000000
 70-74 	0.000000	0.000000	0.000000
 75-79 	0.000000	0.000000	0.000000
 80+ 	0.000000	0.000000	0.000000
Total	0.000000	0.000000	0.000000
2000			
 0-4	0.000000	0.000000	0.000000
 5-9	0.000000	0.000000	0.000000
 10-14 	0.000000	0.000000	0.000000
 15-19 	0.000000	0.000000	0.000000
 20-24 	0.000000	0.000000	0.000000
 25-29 	0.000000	0.000000	0.000000
 30-34 	0.000000	0.000000	0.000000
 35-39 	0.000000	0.000000	0.000000
 40-44 	0.000000	0.000000	0.000000
 45-49 	0.000000	0.000000	0.000000
 50-54 	0.000000	0.000000	0.000000
 55-59 	0.000000	0.000000	0.000000
 60-64 	0.000000	0.000000	0.000000
 65-69 	0.000000	0.000000	0.000000
 70-74 	0.000000	0.000000	0.000000
 75-79 	0.000000	0.000000	0.000000
 80+ 	0.000000	0.000000	0.000000
Total	0.000000	0.000000	0.000000
2001			
 0-4	0.000000	0.000000	0.000000
 5-9	0.000000	0.000000	0.000000
 10-14 	0.000000	0.000000	0.000000
 15-19 	0.000000	0.000000	0.000000
 20-24 	0.000000	0.000000	0.000000
 25-29 	0.000000	0.000000	0.000000
 30-34 	0.000000	0.000000	0.000000
 35-39 	0.000000	0.000000	0.000000
 40-44 	0.000000	0.000000	0.000000
 45-49 	0.000000	0.000000	0.000000
 50-54 	0.000000	0.000000	0.000000
 55-59 	0.000000	0.000000	0.000000
 60-64 	0.000000	0.000000	0.000000
 65-69 	0.000000	0.000000	0.000000
 70-74 	0.000000	0.000000	0.000000
 75-79 	0.000000	0.000000	0.000000
 80+ 	0.000000	0.000000	0.000000
Total	0.000000	0.000000	0.000000
2002			
 0-4	0.000000	0.000000	0.000000
 5-9	0.000000	0.000000	0.000000
 10-14 	0.000000	0.000000	0.000000
 15-19 	0.000000	0.000000	0.000000
 20-24 	0.000000	0.000000	0.000000
 25-29 	0.000000	0.000000	0.000000
 30-34 	0.000000	0.000000	0.000000
 35-39 	0.000000	0.000000	0.000000
 40-44 	0.000000	0.000000	0.000000
 45-49 	0.000000	0.000000	0.000000
 50-54 	0.000000	0.000000	0.000000
 55-59 	0.000000	0.000000	0.000000
 60-64 	0.000000	0.000000	0.000000
 65-69 	0.000000	0.000000	0.000000
 70-74 	0.000000	0.000000	0.000000
 75-79 	0.000000	0.000000	0.000000
 80+ 	0.000000	0.000000	0.000000
Total	0.000000	0.000000	0.000000
2003			
 0-4	0.000000	0.000000	0.000000
 5-9	0.000000	0.000000	0.000000
 10-14 	0.000000	0.000000	0.000000
 15-19 	1.600862	0.832236	0.768625
 20-24 	2.365601	0.747616	1.617986
 25-29 	15.302874	5.473809	9.829065
 30-34 	25.090591	10.182317	14.908274
 35-39 	25.129484	11.379109	13.750375
 40-44 	18.652084	9.092636	9.559448
 45-49 	16.633976	8.280718	8.353258
 50-54 	10.137718	4.967443	5.170275
 55-59 	5.984625	2.863579	3.121046
 60-64 	3.258572	1.526395	1.732177
 65-69 	1.915110	0.930392	0.984718
 70-74 	1.175466	0.608360	0.567107
 75-79 	0.701094	0.359440	0.341655
 80+ 	0.252503	0.145881	0.106621
Total	128.200561	57.389931	70.810630
2004			
 0-4	18.449598	9.489660	8.959938
 5-9	0.000000	0.000000	0.000000
 10-14 	0.000000	0.000000	0.000000
 15-19 	17.338877	9.115518	8.223358
 20-24 	20.340123	6.593783	13.746340
 25-29 	133.574424	47.512913	86.061511
 30-34 	227.547438	91.711984	135.835455
 35-39 	234.475030	105.631860	128.843170
 40-44 	176.852953	85.881281	90.971672
 45-49 	155.762524	77.646772	78.115752
 50-54 	92.771942	45.387594	47.384348
 55-59 	54.934464	26.460635	28.473829
 60-64 	29.948547	14.123824	15.824723
 65-69 	17.347735	8.439181	8.908554
 70-74 	10.889540	5.554055	5.335484
 75-79 	6.466458	3.258540	3.207918
 80+ 	2.488695	1.385486	1.103210
Total	1217.637947	547.682745	669.955201
2005			
 0-4	106.016265	54.549038	51.467228
 5-9	2.573767	1.332542	1.241225
 10-14 	0.000000	0.000000	0.000000
 15-19 	38.155740	20.204335	17.951404
 20-24 	35.709860	12.043470	23.666390
 25-29 	243.327832	85.132624	158.195208
 30-34 	455.871436	180.918846	274.952590
 35-39 	482.201131	214.164635	268.036495
 40-44 	380.522721	183.043678	197.479043
 45-49 	321.238181	159.814385	161.423796
 50-54 	198.644954	96.746117	101.898837
 55-59 	114.735201	55.323156	59.412045
 60-64 	63.231242	29.866518	33.364724
 65-69 	35.640037	17.265496	18.374542
 70-74 	22.720598	11.355509	11.365089
 75-79 	13.513895	6.648330	6.865565
 80+ 	5.665163	3.000195	2.664969
Total	2628.358056	1187.290455	1441.067601
2006			
 0-4	240.990356	124.087383	116.902973
 5-9	18.904366	9.784772	9.119594
 10-14 	0.000000	0.000000	0.000000
 15-19 	78.626618	41.907041	36.719577
 20-24 	62.142649	22.154337	39.988312
 25-29 	409.091389	141.658673	267.432716
 30-34 	819.528340	320.965984	498.562356
 35-39 	897.672080	393.677836	503.994243
 40-44 	732.727288	349.609246	383.118042
 45-49 	600.724430	298.390925	302.333506
 50-54 	382.968613	185.821402	197.147211
 55-59 	213.606962	102.883874	110.723088
 60-64 	119.757999	56.830192	62.927807
 65-69 	65.590415	31.815209	33.775206
 70-74 	42.307338	20.815529	21.491810
 75-79 	25.426994	12.220149	13.206845
 80+ 	11.299720	5.737741	5.561979
Total	4981.260279	2252.232447	2729.027832
2007			
 0-4	449.892481	231.719284	218.173197
 5-9	60.905094	31.517195	29.387898
 10-14 	0.000000	0.000000	0.000000
 15-19 	155.207164	83.166282	72.040882
 20-24 	109.638383	41.477187	68.161196
 25-29 	661.620176	227.639915	433.980262
 30-34 	1396.373195	540.085965	856.287230
 35-39 	1578.490458	683.744929	894.745530
 40-44 	1329.778324	629.407508	700.370816
 45-49 	1068.517949	529.302712	539.215237
 50-54 	696.799381	337.276586	359.522796
 55-59 	373.546616	179.042008	194.504608
 60-64 	214.204261	102.211467	111.992794
 65-69 	114.244203	55.551031	58.693171
 70-74 	73.627989	35.858627	37.769362
 75-79 	45.277712	21.253786	24.023926
 80+ 	20.842461	10.221458	10.621003
Total	8859.763421	4002.712418	4857.051003
2008			
 0-4	751.666045	387.189141	364.476904
 5-9	150.139525	77.706231	72.433295
 10-14 	0.000000	0.000000	0.000000
 15-19 	154.905577	83.053086	71.852491
 20-24 	106.124529	44.243009	61.881520
 25-29 	565.467554	190.298390	375.169164
 30-34 	1411.706893	530.732873	880.974020
 35-39 	1704.413552	719.433571	984.979981
 40-44 	1527.905005	710.891412	817.013593
 45-49 	1168.221457	573.294128	594.927329
 50-54 	836.636513	403.875028	432.761485
 55-59 	431.380237	204.691128	226.689108
 60-64 	250.287720	119.193462	131.094258
 65-69 	130.702769	62.804247	67.898522
 70-74 	81.414812	39.052524	42.362288
 75-79 	51.240020	23.485905	27.754116
 80+ 	25.272430	11.842875	13.429555
Total	10249.290208	4646.682381	5602.607827
2009			
 0-4	1220.037234	628.477547	591.559687
 5-9	298.528855	154.659090	143.869765
 10-14 	0.000000	0.000000	0.000000
 15-19 	243.937056	131.553998	112.383058
 20-24 	170.254745	74.400323	95.854422
 25-29 	740.015827	252.098912	487.916915
 30-34 	1894.826785	706.594773	1188.232012
 35-39 	2369.581269	989.217392	1380.363877
 40-44 	2174.305106	1002.453272	1171.851834
 45-49 	1682.075558	821.415158	860.660400
 50-54 	1201.571374	580.933562	620.637812
 55-59 	614.764368	289.393382	325.370986
 60-64 	355.884061	169.999803	185.884259
 65-69 	186.078729	89.498119	96.580610
 70-74 	111.190688	53.507964	57.682724
 75-79 	71.600533	32.454898	39.145635
 80+ 	35.671522	16.420074	19.251448
Total	14888.889801	6776.214905	8112.674896
2010			
 0-4	1885.892076	971.724980	914.167096
 5-9	556.757718	288.676381	268.081336
 10-14 	2.419021	1.265387	1.153634
 15-19 	923.115119	483.167764	439.947355
 20-24 	932.530636	368.229915	564.300721
 25-29 	2992.961096	1051.843337	1941.117759
 30-34 	5869.835649	2211.752864	3658.082785
 35-39 	7047.201080	2944.091545	4103.109535
 40-44 	5928.257863	2708.669886	3219.587977
 45-49 	4526.370408	2176.834989	2349.535419
 50-54 	2779.807757	1329.752142	1450.055615
 55-59 	1445.240603	666.202744	779.037859
 60-64 	831.172550	394.229309	436.943241
 65-69 	446.463039	216.600900	229.862140
 70-74 	258.530794	126.991284	131.539510
 75-79 	170.576112	76.946950	93.629161
 80+ 	77.371149	36.300161	41.070988
Total	39119.571485	17314.947286	21804.624199
2011			
 0-4	2167.050250	1117.242988	1049.807262
 5-9	962.416337	499.315317	463.101020
 10-14 	17.749575	9.284065	8.465510
 15-19 	1359.759900	622.348814	737.411086
 20-24 	1443.524619	493.616380	949.908239
 25-29 	4341.936494	1270.228036	3071.708459
 30-34 	8530.061300	2735.361538	5794.699762
 35-39 	10573.953133	3809.255707	6764.697426
 40-44 	9005.984903	3617.450536	5388.534368
 45-49 	6744.200998	2891.080307	3853.120691
 50-54 	4064.429966	1781.477418	2282.952548
 55-59 	2138.356676	894.919258	1243.437418
 60-64 	1194.013618	512.410278	681.603340
 65-69 	652.648817	288.053228	364.595589
 70-74 	356.223055	161.438187	194.784868
 75-79 	236.241913	96.795187	139.446726
 80+ 	108.535668	46.541700	61.993969
Total	57044.303383	22472.661311	34571.642072
2012			
 0-4	2287.790457	1179.649879	1108.140578
 5-9	1427.114717	741.120518	685.994199
 10-14 	57.168602	29.905688	27.262913
 15-19 	1577.613925	673.601466	904.012458
 20-24 	1697.563558	572.944465	1124.619093
 25-29 	4762.544972	1289.984892	3472.560080
 30-34 	9764.182590	2895.124416	6869.058173
 35-39 	12727.002257	4246.216828	8480.785429
 40-44 	11264.794480	4230.247408	7034.547072
 45-49 	8444.947341	3424.637645	5020.309696
 50-54 	5151.810363	2172.146298	2979.664064
 55-59 	2738.988189	1103.933218	1635.054971
 60-64 	1478.722595	602.354025	876.368569
 65-69 	825.085245	348.063851	477.021394
 70-74 	426.675973	186.798856	239.877117
 75-79 	274.636371	109.099125	165.537245
 80+ 	132.953585	54.199000	78.754585
Total	68811.668994	25810.703666	43000.965328
2013			
 0-4	2301.494000	1186.981270	1114.512731
 5-9	1931.356087	1004.098166	927.257921
 10-14 	140.930154	73.768679	67.161476
 15-19 	1611.256609	651.466986	959.789622
 20-24 	1801.006077	625.439095	1175.566982
 25-29 	4602.458689	1196.754822	3405.703867
 30-34 	10014.167067	2817.612357	7196.554710
 35-39 	13824.200397	4370.299319	9453.901078
 40-44 	12881.411988	4609.409595	8272.002394
 45-49 	9756.643865	3806.443851	5950.200014
 50-54 	6145.428075	2522.883118	3622.544957
 55-59 	3286.415823	1302.463308	1983.952515
 60-64 	1723.283177	675.696389	1047.586788
 65-69 	973.797272	398.576241	575.221032
 70-74 	486.303153	207.236113	279.067040
 75-79 	294.743858	116.167126	178.576732
 80+ 	152.977272	60.010228	92.967044
Total	76301.653807	27890.154777	48411.499030
2014			
 0-4	2231.317092	1150.924905	1080.392187
 5-9	2503.148496	1302.685080	1200.463416
 10-14 	280.162679	147.002172	133.160507
 15-19 	1422.479490	611.487829	810.991660
 20-24 	1821.524356	714.675714	1106.848642
 25-29 	3999.255168	1134.017405	2865.237763
 30-34 	9401.056833	2728.993665	6672.063168
 35-39 	13896.618213	4452.006150	9444.612063
 40-44 	13851.228497	4964.393793	8886.834704
 45-49 	10643.693002	4196.147475	6447.545527
 50-54 	7026.393621	2906.508397	4119.885224
 55-59 	3765.070143	1527.151850	2237.918293
 60-64 	1942.741981	764.400656	1178.341325
 65-69 	1093.784235	451.531019	642.253217
 70-74 	540.176107	232.216136	307.959971
 75-79 	301.119980	123.619772	177.500207
 80+ 	168.065180	65.873946	102.191234
Total	79902.463340	30074.248122	49828.215218
2015			
 0-4	1752.733501	904.543374	848.190127
 5-9	2984.012047	1554.608699	1429.403348
 10-14 	522.463569	274.599504	247.864065
 15-19 	2150.408182	991.741983	1158.666199
 20-24 	2714.687474	1120.417907	1594.269567
 25-29 	5366.694662	1715.946499	3650.748163
 30-34 	11771.869006	3668.084241	8103.784765
 35-39 	17611.554895	5865.417977	11746.136918
 40-44 	17910.525914	6538.161737	11372.364177
 45-49 	13945.301239	5580.471789	8364.829451
 50-54 	9201.665473	3826.455367	5375.210106
 55-59 	4940.782085	2037.804623	2902.977462
 60-64 	2561.758965	1014.051789	1547.707176
 65-69 	1420.666420	594.251232	826.415188
 70-74 	717.008649	312.928950	404.079699
 75-79 	370.479704	158.636046	211.843659
 80+ 	208.091180	83.172894	124.918287
Total	101409.912085	38975.046188	62434.865897
2016			
 0-4	1288.881048	665.406277	623.474770
 5-9	3042.098249	1587.193753	1454.904495
 10-14 	903.213541	475.246702	427.966839
 15-19 	2414.435804	1147.684812	1266.750992
 20-24 	3183.615738	1338.255134	1845.360604
 25-29 	5793.218500	1948.949125	3844.269375
 30-34 	12469.875582	3979.186761	8490.688821
 35-39 	19321.502865	6477.426176	12844.076690
 40-44 	20459.301443	7435.318739	13023.982703
 45-49 	16285.815716	6473.997128	9811.818588
 50-54 	10910.075485	4513.217181	6396.858304
 55-59 	5904.049275	2448.357332	3455.691943
 60-64 	3076.351683	1215.346075	1861.005608
 65-69 	1660.247310	688.579215	971.668095
 70-74 	853.706042	371.060733	482.645310
 75-79 	412.598204	180.038085	232.560118
 80+ 	234.037576	94.042348	139.995229
Total	113447.216898	43767.152308	69680.064590
2017			
 0-4	1198.310049	617.956450	580.353599
 5-9	2963.555221	1548.045091	1415.510131
 10-14 	1339.441072	706.004293	633.436779
 15-19 	2813.284257	1375.283739	1438.000518
 20-24 	3679.966037	1565.608978	2114.357059
 25-29 	6413.108017	2258.706370	4154.401646
 30-34 	13276.584385	4362.389721	8914.194664
 35-39 	21121.844797	7158.930465	13962.914332
 40-44 	23184.823580	8412.028951	14772.794629
 45-49 	18939.788527	7477.661181	11462.127347
 50-54 	12870.836619	5311.230355	7559.606264
 55-59 	7048.377360	2932.947704	4115.429656
 60-64 	3693.727185	1465.292347	2228.434838
 65-69 	1933.623377	793.615402	1140.007975
 70-74 	1017.481982	441.581950	575.900031
 75-79 	467.584950	206.627017	260.957932
 80+ 	260.228004	105.868374	154.359630
Total	127723.871762	49611.784222	78112.087540
2018			
 0-4	1353.627018	697.544601	656.082417
 5-9	2840.312252	1484.654674	1355.657578
 10-14 	1812.873349	957.408580	855.464768
 15-19 	3311.262688	1647.963231	1663.299457
 20-24 	4193.757163	1808.021157	2385.736007
 25-29 	7168.260723	2622.632280	4545.628443
 30-34 	14141.074724	4796.528368	9344.546356
 35-39 	22917.921277	7879.281626	15038.639651
 40-44 	25981.351475	9430.478156	16550.873319
 45-49 	21763.216381	8529.276534	13233.939848
 50-54 	15039.864100	6196.271036	8843.593064
 55-59 	8383.455512	3491.198692	4892.256820
 60-64 	4400.397927	1759.553977	2640.843950
 65-69 	2245.001959	910.282286	1334.719673
 70-74 	1200.463635	520.499228	679.964407
 75-79 	536.279451	238.300828	297.978622
 80+ 	285.935847	118.281562	167.654286
Total	143581.868101	56227.784671	87354.083431
2019			
 0-4	1701.097504	876.696007	824.401498
 5-9	2583.855213	1350.960430	1232.894783
 10-14 	2348.820893	1242.177992	1106.642900
 15-19 	3754.991363	1880.556758	1874.434605
 20-24 	4726.535799	2071.879875	2654.655924
 25-29 	8100.214520	3061.248092	5038.966428
 30-34 	15135.226707	5304.910123	9830.316584
 35-39 	24739.908011	8653.732600	16086.175411
 40-44 	28820.646007	10486.926394	18333.719612
 45-49 	24765.066065	9642.102036	15122.964029
 50-54 	17370.546129	7138.162470	10232.383659
 55-59 	9919.176122	4123.778545	5795.397577
 60-64 	5189.315376	2094.297986	3095.017390
 65-69 	2614.567886	1048.266498	1566.301388
 70-74 	1395.936255	603.782390	792.153864
 75-79 	620.861284	276.040984	344.820300
 80+ 	312.229054	131.546482	180.682572
Total	160732.767796	63456.900090	97275.867705
2020			
 0-4	2002.616068	1033.214231	969.401838
 5-9	2309.004321	1206.530536	1102.473785
 10-14 	2799.931926	1482.749333	1317.182592
 15-19 	4160.644205	2100.509624	2060.134582
 20-24 	5372.979244	2382.917535	2990.061709
 25-29 	9253.322437	3595.029087	5658.293350
 30-34 	16348.330216	5921.736486	10426.593730
 35-39 	26632.530788	9506.796340	17125.734448
 40-44 	31655.896385	11575.067685	20080.828701
 45-49 	28087.632950	10887.235405	17200.397544
 50-54 	19696.761652	8054.953669	11641.807983
 55-59 	11622.647500	4816.065841	6806.581659
 60-64 	6061.442960	2467.395286	3594.047675
 65-69 	3055.363741	1215.768644	1839.595097
 70-74 	1600.337050	688.364423	911.972627
 75-79 	720.950761	320.002151	400.948610
 80+ 	340.637161	146.024628	194.612533
Total	178832.581680	71122.855001	107709.726679
2021			
 0-4	2331.085924	1203.883813	1127.202111
 5-9	2177.000134	1137.466764	1039.533369
 10-14 	2855.430575	1514.783025	1340.647550
 15-19 	4291.451883	2180.083761	2111.368122
 20-24 	5515.421233	2489.704902	3025.716331
 25-29 	9407.371469	3705.088066	5702.283403
 30-34 	16250.961146	5986.101070	10264.860076
 35-39 	26617.593669	9580.689085	17036.904584
 40-44 	32907.629052	12002.707272	20904.921780
 45-49 	30264.929648	11606.154011	18658.775636
 50-54 	21829.242484	8841.096231	12988.146254
 55-59 	13199.323114	5437.487564	7761.835550
 60-64 	6888.868337	2814.437782	4074.430556
 65-69 	3479.682623	1373.707041	2105.975582
 70-74 	1767.913517	748.601599	1019.311919
 75-79 	809.735235	356.446809	453.288426
 80+ 	365.369197	157.896777	207.472420
Total	188322.525875	74992.469175	113330.056700
2022			
 0-4	2496.889649	1290.373922	1206.515727
 5-9	2136.723014	1115.944393	1020.778620
 10-14 	2782.373502	1478.055712	1304.317790
 15-19 	4318.703506	2206.988976	2111.714530
 20-24 	5654.301941	2597.753207	3056.548734
 25-29 	9430.002385	3756.417957	5673.584428
 30-34 	16114.200832	6024.436064	10089.764769
 35-39 	26366.030505	9583.200078	16782.830428
 40-44 	33802.320573	12320.499396	21481.821177
 45-49 	32306.975391	12267.809845	20039.165546
 50-54 	24011.830752	9617.118071	14394.712681
 55-59 	14893.937805	6105.101542	8788.836263
 60-64 	7825.626149	3200.786106	4624.840044
 65-69 	3960.930138	1560.139997	2400.790141
 70-74 	1945.636774	808.026401	1137.610373
 75-79 	908.085922	396.624686	511.461236
 80+ 	394.371441	171.074836	223.296606
Total	196764.926443	78384.725214	118380.201229
2023			
 0-4	2606.463397	1347.326887	1259.136510
 5-9	2087.815886	1089.336932	998.478955
 10-14 	2666.094110	1417.428016	1248.666094
 15-19 	4299.974531	2210.855945	2089.118586
 20-24 	5804.886129	2705.965307	3098.920822
 25-29 	9349.465467	3768.924811	5580.540656
 30-34 	15931.089030	6033.159390	9897.929640
 35-39 	25901.984388	9516.786568	16385.197820
 40-44 	34314.358009	12520.703054	21793.654956
 45-49 	34127.995849	12843.116159	21284.879690
 50-54 	26166.924268	10354.105080	15812.819188
 55-59 	16679.929623	6804.324565	9875.605057
 60-64 	8891.503638	3630.981321	5260.522317
 65-69 	4490.208478	1772.011525	2718.196953
 70-74 	2143.026272	870.982765	1272.043508
 75-79 	1010.507835	437.701327	572.806508
 80+ 	428.311122	185.731143	242.579979
Total	204260.911428	81363.532630	122897.378797
2024			
 0-4	2644.230823	1366.939292	1277.291530
 5-9	2096.404858	1092.818200	1003.586658
 10-14 	2424.979113	1289.808530	1135.170583
 15-19 	4469.736363	2309.745354	2159.991009
 20-24 	5793.127077	2718.821490	3074.305587
 25-29 	9195.819698	3760.910353	5434.909345
 30-34 	15727.705227	6027.882890	9699.822338
 35-39 	25310.649133	9406.959908	15903.689225
 40-44 	34466.839394	12612.516326	21854.323067
 45-49 	35689.647885	13327.075754	22362.572131
 50-54 	28305.255587	11066.889049	17238.366538
 55-59 	18500.224501	7502.102699	10998.121803
 60-64 	10094.207254	4106.059074	5988.148180
 65-69 	5060.043835	2004.884006	3055.159829
 70-74 	2378.072788	946.925841	1431.146946
 75-79 	1111.877254	476.616539	635.260715
 80+ 	468.023227	202.323857	265.699370
Total	210902.458809	83968.845186	126933.613622
2025			
 0-4	2590.219527	1339.078674	1251.140854
 5-9	2171.047433	1131.473967	1039.573466
 10-14 	2167.004239	1151.804381	1015.199858
 15-19 	4554.113522	2363.210620	2190.902902
 20-24 	5750.661855	2719.330338	3031.331517
 25-29 	9063.354646	3759.032274	5304.322372
 30-34 	15512.468204	6014.134832	9498.333371
 35-39 	24667.226364	9275.854955	15391.371409
 40-44 	34284.409415	12602.920007	21681.489408
 45-49 	36949.518306	13715.278755	23234.239552
 50-54 	30570.410636	11825.461296	18744.949340
 55-59 	20198.696840	8123.180510	12075.516330
 60-64 	11406.960819	4614.864451	6792.096367
 65-69 	5675.444759	2257.913864	3417.530895
 70-74 	2660.731876	1042.532480	1618.199396
 75-79 	1211.734903	512.228829	699.506075
 80+ 	513.423332	220.917542	292.505790
Total	216875.697876	86291.574796	130584.123080
2026			
 0-4	2480.370349	1282.284070	1198.086279
 5-9	2378.113261	1240.700146	1137.413114
 10-14 	2045.017389	1086.078699	958.938690
 15-19 	4232.460687	2201.694566	2030.766122
 20-24 	5782.694430	2754.998454	3027.695976
 25-29 	8959.179602	3775.445774	5183.733828
 30-34 	15220.646074	5954.267747	9266.378327
 35-39 	24029.526714	9138.778172	14890.748542
 40-44 	33811.508752	12506.692558	21304.816195
 45-49 	37879.184175	14004.997079	23874.187095
 50-54 	32541.557662	12453.026402	20088.531260
 55-59 	22144.660430	8822.450459	13322.209971
 60-64 	12816.091260	5156.718960	7659.372300
 65-69 	6361.440352	2537.911965	3823.528387
 70-74 	2985.429557	1157.743165	1827.686392
 75-79 	1316.295756	546.490590	769.805166
 80+ 	563.770935	241.230424	322.540511
Total	222451.448384	88470.572146	133980.876238
2027			
 0-4	2377.939543	1229.325122	1148.614421
 5-9	2520.265010	1316.259633	1204.005377
 10-14 	2008.322491	1065.555268	942.767223
 15-19 	3905.321702	2034.101818	1871.219884
 20-24 	5724.757367	2741.512529	2983.244838
 25-29 	8934.279447	3824.381377	5109.898070
 30-34 	14857.763494	5861.640946	8996.122549
 35-39 	23428.281775	9003.396103	14424.885672
 40-44 	33125.884270	12350.749665	20775.134605
 45-49 	38464.385407	14195.765799	24268.619608
 50-54 	34355.867170	13015.048785	21340.818384
 55-59 	24128.119171	9509.520856	14618.598315
 60-64 	14328.092428	5737.773780	8590.318649
 65-69 	7140.954211	2850.574728	4290.379482
 70-74 	3352.932594	1294.764660	2058.167934
 75-79 	1428.338347	580.190165	848.148183
 80+ 	619.652730	263.492618	356.160112
Total	227607.684203	90485.193875	137122.490328
2028			
 0-4	2283.507538	1180.506418	1103.001120
 5-9	2612.410315	1365.686246	1246.724069
 10-14 	1962.313548	1039.916006	922.397542
 15-19 	3609.990225	1881.573887	1728.416338
 20-24 	5639.693341	2711.321712	2928.371629
 25-29 	8980.620320	3894.813292	5085.807028
 30-34 	14461.515241	5758.487462	8703.027779
 35-39 	22857.222295	8867.160340	13990.061955
 40-44 	32291.993691	12153.082728	20138.910963
 45-49 	38715.829286	14294.306262	24421.523024
 50-54 	35984.031123	13507.194770	22476.836352
 55-59 	26107.073968	10171.038604	15936.035363
 60-64 	15933.084979	6351.209458	9581.875521
 65-69 	8039.414123	3203.290417	4836.123706
 70-74 	3759.573408	1452.479311	2307.094097
 75-79 	1557.001253	617.649389	939.351864
 80+ 	679.324294	286.668349	392.655945
Total	232332.830347	92322.493320	140010.337027
2029			
 0-4	2197.488445	1136.043690	1061.444755
 5-9	2639.472860	1381.012959	1258.459901
 10-14 	1969.252705	1042.768053	926.484652
 15-19 	3218.710947	1677.466103	1541.244844
 20-24 	5741.094453	2771.562770	2969.531683
 25-29 	8920.539300	3893.037905	5027.501395
 30-34 	14064.857946	5662.790608	8402.067338
 35-39 	22325.301421	8738.909276	13586.392145
 40-44 	31388.541715	11935.583847	19452.957868
 45-49 	38654.798031	14308.194839	24346.603192
 50-54 	37388.160140	13924.836834	23463.323306
 55-59 	28092.081777	10820.241507	17271.840271
 60-64 	17574.926160	6965.663567	10609.262593
 65-69 	9064.202128	3597.377862	5466.824265
 70-74 	4199.493764	1627.145362	2572.348402
 75-79 	1714.416807	665.265863	1049.150944
 80+ 	740.433180	309.291234	431.141946
Total	236699.985789	94017.016980	142682.968809
2030			
 0-4	2119.887516	1095.938410	1023.949106
 5-9	2582.178854	1351.628221	1230.550633
 10-14 	2036.768342	1079.216482	957.551860
 15-19 	2814.071746	1465.105979	1348.965767
 20-24 	5767.884710	2791.427413	2976.457297
 25-29 	8864.300546	3889.582628	4974.717918
 30-34 	13758.652134	5599.995046	8158.657088
 35-39 	21827.894823	8619.650519	13208.244304
 40-44 	30487.460211	11718.312118	18769.148093
 45-49 	38304.613909	14242.896026	24061.717883
 50-54 	38526.584263	14264.051236	24262.533027
 55-59 	30213.960527	11519.258343	18694.702184
 60-64 	19103.881737	7510.609056	11593.272681
 65-69 	10193.528588	4024.186735	6169.341853
 70-74 	4677.551575	1818.225574	2859.326001
 75-79 	1906.426874	727.166095	1179.260780
 80+ 	803.188242	330.993766	472.194476
Total	240727.669308	95575.026759	145152.642550
2031			
 0-4	2050.237208	1059.946197	990.291012
 5-9	2474.007799	1294.960112	1179.047687
 10-14 	2229.332765	1183.610607	1045.722159
 15-19 	2585.945282	1344.113252	1241.832029
 20-24 	5401.951280	2604.804977	2797.146303
 25-29 	8893.966608	3921.629933	4972.336676
 30-34 	13550.771154	5581.486345	7969.284809
 35-39 	21296.654944	8472.567371	12824.087573
 40-44 	29645.075218	11515.455563	18129.619655
 45-49 	37705.625715	14110.551422	23595.074293
 50-54 	39371.667954	14522.707126	24848.960828
 55-59 	32064.831098	12099.442244	19965.388854
 60-64 	20879.543582	8135.019257	12744.524325
 65-69 	11414.445579	4482.491449	6931.954130
 70-74 	5214.879919	2031.404526	3183.475393
 75-79 	2127.889811	802.735766	1325.154045
 80+ 	871.330272	353.046171	518.284101
Total	244531.733959	97054.489232	147477.244727
2032			
 0-4	1988.056086	1027.814155	960.241931
 5-9	2373.350654	1242.227907	1131.122746
 10-14 	2362.062482	1256.082933	1105.979548
 15-19 	2419.181058	1256.807312	1162.373746
 20-24 	5048.792879	2421.122810	2627.670069
 25-29 	8849.527522	3909.588990	4939.938532
 30-34 	13481.086574	5616.915043	7864.171531
 35-39 	20732.334917	8308.560501	12423.774416
 40-44 	28884.320033	11330.779210	17553.540823
 45-49 	36927.081690	13933.499632	22993.582058
 50-54 	39904.399491	14698.010632	25206.388859
 55-59 	33780.160855	12623.883705	21156.277150
 60-64 	22700.314055	8754.029583	13946.284472
 65-69 	12730.804968	4976.589569	7754.215399
 70-74 	5830.390119	2271.337039	3559.053079
 75-79 	2378.514779	893.009337	1485.505442
 80+ 	946.660308	376.061313	570.598996
Total	248060.507690	98422.444669	149638.063021
2033			
 0-4	1933.135099	999.430789	933.704311
 5-9	2280.753042	1193.718375	1087.034667
 10-14 	2448.791002	1303.794960	1144.996041
 15-19 	2218.576108	1152.823823	1065.752285
 20-24 	4739.823440	2258.912427	2480.911013
 25-29 	8790.444371	3884.496777	4905.947594
 30-34 	13525.143193	5689.113621	7836.029573
 35-39 	20175.427420	8150.041442	12025.385978
 40-44 	28191.947560	11158.876839	17033.070721
 45-49 	36028.941661	13727.260767	22301.680894
 50-54 	40132.101617	14794.827488	25337.274129
 55-59 	35331.882415	13088.489350	22243.393065
 60-64 	24529.371273	9356.230264	15173.141009
 65-69 	14133.972760	5500.586973	8633.385786
 70-74 	6544.614478	2543.880538	4000.733941
 75-79 	2655.687740	997.041979	1658.645761
 80+ 	1033.285930	401.935136	631.350793
Total	251356.578251	99698.405673	151658.172578
2034			
 0-4	1885.231516	974.669837	910.561679
 5-9	2196.545891	1149.604900	1046.940991
 10-14 	2474.708872	1319.014628	1155.694243
 15-19 	2090.285994	1087.592126	1002.693869
 20-24 	4334.285368	2045.926394	2288.358974
 25-29 	8910.671938	3943.425228	4967.246710
 30-34 	13506.501965	5707.949813	7798.552152
 35-39 	19665.802478	8016.928760	11648.873718
 40-44 	27565.131325	11003.492627	16561.638698
 45-49 	35085.079217	13511.082782	21573.996435
 50-54 	40073.322936	14819.268957	25254.053979
 55-59 	36683.680893	13488.968797	23194.712095
 60-64 	26374.977588	9952.346299	16422.631290
 65-69 	15572.736609	6026.668905	9546.067705
 70-74 	7363.819125	2850.319383	4513.499742
 75-79 	2955.976867	1112.409013	1843.567855
 80+ 	1136.255271	433.262027	702.993244
Total	254431.500133	100886.219841	153545.280292
2035			
 0-4	1843.957759	953.331248	890.626511
 5-9	2120.616946	1109.828280	1010.788666
 10-14 	2421.324383	1291.252112	1130.072270
 15-19 	2066.742893	1078.831083	987.911809
 20-24 	3902.438435	1819.034910	2083.403525
 25-29 	8965.420043	3965.925974	4999.494069
 30-34 	13516.706512	5733.487639	7783.218873
 35-39 	19294.998374	7935.541574	11359.456800
 40-44 	26988.067453	10861.351047	16126.716406
 45-49 	34164.141812	13303.056295	20861.085517
 50-54 	39748.698433	14775.231308	24973.467124
 55-59 	37795.550952	13821.789275	23973.761676
 60-64 	28349.941065	10594.579540	17755.361525
 65-69 	16911.437276	6492.437802	10418.999473
 70-74 	8271.408783	3184.375556	5087.033227
 75-79 	3283.708358	1239.020709	2044.687650
 80+ 	1257.842857	471.638064	786.204793
Total	257288.901421	101985.124059	155303.777362
2036			
 0-4	1808.743857	935.122453	873.621404
 5-9	2052.536541	1074.161456	978.375084
 10-14 	2320.166591	1237.225664	1082.940927
 15-19 	2226.149991	1166.773296	1059.376695
 20-24 	3634.655876	1677.121205	1957.534671
 25-29 	8642.563851	3791.020306	4851.543546
 30-34 	13620.728671	5795.210584	7825.518087
 35-39 	19075.584482	7918.778070	11156.806411
 40-44 	26390.287582	10696.381773	15693.905809
 45-49 	33320.451542	13115.944573	20204.506969
 50-54 	39194.179737	14672.562375	24521.617363
 55-59 	38640.367224	14084.968456	24555.398768
 60-64 	30081.291128	11131.756987	18949.534142
 65-69 	18479.065142	7031.955225	11447.109917
 70-74 	9256.630497	3544.814678	5711.815819
 75-79 	3654.324980	1380.984744	2273.340236
 80+ 	1395.861145	516.766657	879.094488
Total	259975.035825	103018.058072	156956.977753
2037			
 0-4	1778.925647	919.701453	859.224194
 5-9	1991.973444	1042.428626	949.544818
 10-14 	2226.024425	1186.947408	1039.077016
 15-19 	2341.820515	1230.513257	1111.307258
 20-24 	3420.594663	1565.551430	1855.043233
 25-29 	8338.646493	3622.334514	4716.311980
 30-34 	13665.561906	5818.360393	7847.201513
 35-39 	19038.837740	7972.632983	11066.204757
 40-44 	25771.079542	10518.465482	15252.614061
 45-49 	32572.888374	12951.098985	19621.789389
 50-54 	38472.503176	14530.401562	23942.101614
 55-59 	39196.865671	14274.711211	24922.154459
 60-64 	31694.591339	11621.112101	20073.479238
 65-69 	20093.440399	7570.469629	12522.970770
 70-74 	10322.130038	3934.662395	6387.467643
 75-79 	4081.498443	1541.666400	2539.832043
 80+ 	1550.508747	569.131104	981.377643
Total	262554.814079	104019.266419	158535.547660
2038			
 0-4	1753.832169	906.721767	847.110401
 5-9	1938.698365	1014.505798	924.192567
 10-14 	2139.411317	1140.692377	998.718940
 15-19 	2420.947358	1273.957869	1146.989489
 20-24 	3171.860069	1437.661513	1734.198556
 25-29 	8078.611542	3475.631362	4602.980180
 30-34 	13710.491543	5833.788882	7876.702661
 35-39 	19148.408912	8075.621613	11072.787299
 40-44 	25177.262748	10352.397858	14824.864890
 45-49 	31905.270443	12801.726666	19103.543777
 50-54 	37640.704421	14362.917304	23277.787117
 55-59 	39469.415593	14394.531764	25074.883829
 60-64 	33164.090028	12059.075612	21105.014416
 65-69 	21723.771500	8098.794780	13624.976720
 70-74 	11461.655059	4349.409250	7112.245809
 75-79 	4579.627615	1725.095307	2854.532308
 80+ 	1722.289539	628.924579	1093.364961
Total	265038.290069	104993.374243	160044.915826
2039			
 0-4	1732.917646	895.900330	837.017316
 5-9	1892.365791	990.211298	902.154493
 10-14 	2060.640764	1098.627653	962.013112
 15-19 	2445.793582	1288.098391	1157.695190
 20-24 	3010.158200	1355.815976	1654.342224
 25-29 	7708.755837	3273.253234	4435.502603
 30-34 	13931.264608	5929.161725	8002.102883
 35-39 	19230.720071	8141.289706	11089.430365
 40-44 	24656.819423	10221.188873	14435.630550
 45-49 	31307.006447	12667.920626	18639.085821
 50-54 	36768.602043	14187.376789	22581.225254
 55-59 	39473.748969	14449.328504	25024.420465
 60-64 	34455.955972	12441.803236	22014.152736
 65-69 	23375.130974	8624.822665	14750.308309
 70-74 	12632.147305	4766.220769	7865.926536
 75-79 	5152.934085	1932.152175	3220.781910
 80+ 	1912.075446	696.044100	1216.031346
Total	267432.961364	105943.955331	161489.006032
2040			
 0-4	1715.728957	887.003759	828.725198
 5-9	1852.474700	969.284654	883.190046
 10-14 	1989.612824	1060.697882	928.914942
 15-19 	2394.988952	1261.316505	1133.672447
 20-24 	2971.394514	1338.997621	1632.396894
 25-29 	7290.305024	3047.537443	4242.767581
 30-34 	14097.003186	5992.560624	8104.442562
 35-39 	19359.485874	8219.896676	11139.589198
 40-44 	24303.942580	10153.009288	14150.933291
 45-49 	30755.198398	12543.581051	18211.617348
 50-54 	35922.217855	14020.413807	21901.804048
 55-59 	39228.478957	14442.084991	24786.393966
 60-64 	35533.046000	12766.254920	22766.791080
 65-69 	25137.712567	9189.291733	15948.420834
 70-74 	13719.130607	5133.793746	8585.336861
 75-79 	5790.006665	2158.742868	3631.263797
 80+ 	2123.904387	771.325691	1352.578697
Total	269742.448531	106872.779555	162869.668976
2041			
 0-4	1701.805516	879.796325	822.009191
 5-9	1818.489851	951.450607	867.039245
 10-14 	1925.930753	1026.689808	899.240945
 15-19 	2298.203512	1209.427365	1088.776148
 20-24 	3125.846237	1422.865593	1702.980644
 25-29 	7018.053644	2899.186194	4118.867450
 30-34 	13896.587800	5865.135748	8031.452051
 35-39 	19587.700791	8335.391304	11252.309487
 40-44 	24135.144514	10161.973912	13973.170603
 45-49 	30179.270193	12393.991295	17785.278898
 50-54 	35154.366930	13873.825698	21280.541232
 55-59 	38765.563270	14380.806013	24384.757257
 60-64 	36369.583142	13030.629425	23338.953716
 65-69 	26692.619500	9665.762260	17026.857240
 70-74 	15003.397828	5564.662041	9438.735786
 75-79 	6483.318509	2403.988498	4079.330011
 80+ 	2365.563365	856.963931	1508.599435
Total	271967.671476	107780.482757	164187.188720
2042			
 0-4	1690.580197	873.989124	816.591073
 5-9	1789.852402	936.418559	853.433843
 10-14 	1869.285237	996.434900	872.850337
 15-19 	2208.182626	1161.149851	1047.032775
 20-24 	3240.579260	1484.599978	1755.979282
 25-29 	6784.701771	2774.964627	4009.737144
 30-34 	13715.371180	5744.228479	7971.142701
 35-39 	19772.518122	8418.820177	11353.697944
 40-44 	24177.262160	10252.457830	13924.804330
 45-49 	29579.920265	12229.621382	17350.298883
 50-54 	34483.353978	13748.474793	20734.879186
 55-59 	38142.864070	14282.537479	23860.326591
 60-64 	36944.309952	13231.015108	23713.294844
 65-69 	28148.518615	10102.851891	18045.666725
 70-74 	16331.497772	5997.683892	10333.813880
 75-79 	7235.133367	2670.027588	4565.105779
 80+ 	2644.494221	955.000593	1689.493628
Total	274108.143031	108667.118834	165441.024197
2043			
 0-4	1681.304199	869.201198	812.103001
 5-9	1765.916880	923.849478	842.067402
 10-14 	1819.463574	969.816839	849.646735
 15-19 	2125.423768	1116.750456	1008.673312
 20-24 	3319.983911	1526.741024	1793.242887
 25-29 	6510.633735	2632.320303	3878.313432
 30-34 	13569.578210	5642.023259	7927.554951
 35-39 	19974.458857	8501.300528	11473.158329
 40-44 	24384.666909	10399.531417	13985.135492
 45-49 	29008.744512	12077.111223	16931.633289
 50-54 	33891.310547	13636.703404	20254.607143
 55-59 	37413.947345	14160.054376	23253.892968
 60-64 	37259.200466	13369.727859	23889.472608
 65-69 	29482.879174	10497.596936	18985.282239
 70-74 	17679.586259	6426.070898	11253.515360
 75-79 	8042.077523	2954.019065	5088.058458
 80+ 	2968.223778	1067.562512	1900.661266
Total	276164.084300	109533.248288	166630.836012
2044			
 0-4	1673.337391	865.106699	808.230692
 5-9	1746.091293	913.433618	832.657675
 10-14 	1776.143049	946.662587	829.480462
 15-19 	2050.238026	1076.393302	973.844725
 20-24 	3347.381499	1540.877106	1806.504393
 25-29 	6332.560681	2540.064296	3792.496385
 30-34 	13292.455349	5475.490831	7816.964517
 35-39 	20354.917066	8663.033190	11691.883876
 40-44 	24587.654621	10520.280416	14067.374205
 45-49 	28521.414000	11962.560907	16558.853093
 50-54 	33362.064531	13535.792461	19826.272070
 55-59 	36644.302917	14028.832486	22615.470430
 60-64 	37327.138791	13450.498493	23876.640297
 65-69 	30665.422887	10846.600796	19818.822091
 70-74 	19048.760599	6854.464743	12194.295856
 75-79 	8872.429311	3239.586776	5632.842535
 80+ 	3338.417613	1194.865999	2143.551615
Total	278136.301356	110379.747611	167756.553745
2045			
 0-4	1666.268826	861.493111	804.775715
 5-9	1729.862349	904.906128	824.956221
 10-14 	1738.857706	926.724936	812.132770
 15-19 	1982.534484	1040.025920	942.508565
 20-24 	3302.474726	1516.045206	1786.429521
 25-29 	6290.705342	2518.757529	3771.947813
 30-34 	12937.709306	5273.271210	7664.438096
 35-39 	20693.613392	8798.450373	11895.163019
 40-44 	24848.079071	10658.160742	14189.918329
 45-49 	28215.469094	11916.408056	16299.061039
 50-54 	32868.648165	13438.087924	19430.560241
 55-59 	35896.872913	13904.198940	21992.673973
 60-64 	37164.473702	13475.521111	23688.952590
 65-69 	31663.081904	11147.252560	20515.829344
 70-74 	20501.638309	7310.363208	13191.275101
 75-79 	9640.827641	3489.718761	6151.108879
 80+ 	3749.821730	1334.992646	2414.829084
Total	280025.927542	111207.502538	168818.425004
2046			
 0-4	1660.011125	858.311348	801.699776
 5-9	1716.783152	898.038634	818.744517
 10-14 	1707.111904	909.743388	797.368515
 15-19 	1921.949076	1007.450154	914.498922
 20-24 	3214.058031	1467.468871	1746.589160
 25-29 	6452.383507	2602.218487	3850.165020
 30-34 	12699.586926	5135.086826	7564.500100
 35-39 	20680.634839	8750.735360	11929.899480
 40-44 	25212.135500	10833.937751	14378.197749
 45-49 	28112.514874	11954.533605	16157.981269
 50-54 	32343.608457	13311.603361	19032.005096
 55-59 	35222.704244	13797.227096	21425.477148
 60-64 	36799.210598	13451.286746	23347.923851
 65-69 	32452.631932	11398.052686	21054.579246
 70-74 	21794.112716	7699.616467	14094.496249
 75-79 	10561.071327	3788.360814	6772.710513
 80+ 	4201.868532	1488.523384	2713.345148
Total	281836.282918	112018.288350	169817.994569
2047			
 0-4	1654.494107	855.516892	798.977215
 5-9	1706.294729	892.544619	813.750111
 10-14 	1680.383957	895.440452	784.943506
 15-19 	1868.184970	978.504544	889.680426
 20-24 	3132.939159	1422.586688	1710.352471
 25-29 	6579.256860	2665.936122	3913.320738
 30-34 	12482.070394	5013.342770	7468.727624
 35-39 	20682.612534	8707.267975	11975.344559
 40-44 	25549.389966	10985.193932	14564.196034
 45-49 	28237.235244	12080.686186	16156.549058
 50-54 	31790.796808	13168.107047	18622.689761
 55-59 	34639.859358	13708.735898	20931.123461
 60-64 	36283.811550	13392.806579	22891.004972
 65-69 	33014.363076	11595.416724	21418.946353
 70-74 	23010.336561	8059.223264	14951.113298
 75-79 	11517.369195	4090.895338	7426.473856
 80+ 	4699.935810	1657.664747	3042.271063
Total	283570.507072	112813.371736	170757.135336
2048			
 0-4	1649.384567	852.931019	796.453548
 5-9	1697.674494	888.047996	809.626499
 10-14 	1658.067577	883.492009	774.575568
 15-19 	1821.036304	953.078280	867.958024
 20-24 	3059.691695	1381.697753	1677.993942
 25-29 	6672.961793	2711.161707	3961.800086
 30-34 	12217.122211	4870.856001	7346.266210
 35-39 	20704.327249	8675.192473	12029.134776
 40-44 	25922.096140	11143.620183	14778.475957
 45-49 	28539.043494	12268.402769	16270.640725
 50-54 	31266.023782	13035.798751	18230.225031
 55-59 	34130.753885	13631.193872	20499.560013
 60-64 	35667.907064	13311.571586	22356.335478
 65-69 	33348.876053	11740.873606	21608.002447
 70-74 	24132.320749	8387.050559	15745.270190
 75-79 	12493.591073	4392.900729	8100.690344
 80+ 	5246.259940	1841.804405	3404.455534
Total	285232.264709	113594.144721	171638.119987
2049			
 0-4	1644.414609	850.410793	794.003816
 5-9	1690.307636	884.226492	806.081144
 10-14 	1639.606884	873.601224	766.005659
 15-19 	1780.194560	931.007651	849.186909
 20-24 	2994.714424	1345.008799	1649.705625
 25-29 	6717.864723	2729.993064	3987.871660
 30-34 	12052.406234	4780.792768	7271.613466
 35-39 	20569.584173	8567.930928	12001.653245
 40-44 	26478.372409	11382.460808	15095.911601
 45-49 	28853.855056	12439.085285	16414.769771
 50-54 	30830.406238	12942.759162	17887.647076
 55-59 	33676.537918	13560.442525	20116.095394
 60-64 	35011.805103	13221.313498	21790.491604
 65-69 	33466.326248	11837.182894	21629.143355
 70-74 	25134.884825	8680.267138	16454.617687
 75-79 	13487.291311	4695.909106	8791.382204
 80+ 	5822.748037	2031.591976	3791.156061
Total	286825.649516	114362.222622	172463.426893
2050			
 0-4	1641.183957	848.774358	792.409600
 5-9	1683.788574	880.868414	802.920160
 10-14 	1624.493824	865.502903	758.990921
 15-19 	1745.168944	912.035823	833.133121
 20-24 	2937.860978	1312.453879	1625.407099
 25-29 	6694.194026	2711.799942	3982.394084
 30-34 	12031.543327	4764.924369	7266.618958
 35-39 	20324.744049	8410.870772	11913.873277
 40-44 	27003.983163	11600.123337	15403.859825
 45-49 	29234.256785	12630.697230	16603.559554
 50-54 	30580.349158	12919.650868	17660.698290
 55-59 	33246.247432	13487.359978	19758.887454
 60-64 	34370.510455	13134.604648	21235.905807
 65-69 	33375.547285	11884.344606	21491.202679
 70-74 	25984.334412	8934.748232	17049.586181
 75-79 	14526.716167	5012.392521	9514.323646
 80+ 	6372.826327	2203.989367	4168.836959
Total	288327.215220	115110.286922	173216.928298
