Need for ART by age			
	Ghana		
 	Total	Male	Female
1970			
 0-4	0.000000	0.000000	0.000000
 5-9	0.000000	0.000000	0.000000
 10-14 	0.000000	0.000000	0.000000
 15-19 	0.000000	0.000000	0.000000
 20-24 	0.000000	0.000000	0.000000
 25-29 	0.000000	0.000000	0.000000
 30-34 	0.000000	0.000000	0.000000
 35-39 	0.000000	0.000000	0.000000
 40-44 	0.000000	0.000000	0.000000
 45-49 	0.000000	0.000000	0.000000
 50-54 	0.000000	0.000000	0.000000
 55-59 	0.000000	0.000000	0.000000
 60-64 	0.000000	0.000000	0.000000
 65-69 	0.000000	0.000000	0.000000
 70-74 	0.000000	0.000000	0.000000
 75-79 	0.000000	0.000000	0.000000
 80+ 	0.000000	0.000000	0.000000
Total	0.000000	0.000000	0.000000
1971			
 0-4	1.649635	0.846111	0.803524
 5-9	0.000000	0.000000	0.000000
 10-14 	0.000000	0.000000	0.000000
 15-19 	0.000000	0.000000	0.000000
 20-24 	0.000000	0.000000	0.000000
 25-29 	0.000000	0.000000	0.000000
 30-34 	0.000000	0.000000	0.000000
 35-39 	0.000000	0.000000	0.000000
 40-44 	0.000000	0.000000	0.000000
 45-49 	0.000000	0.000000	0.000000
 50-54 	0.000000	0.000000	0.000000
 55-59 	0.000000	0.000000	0.000000
 60-64 	0.000000	0.000000	0.000000
 65-69 	0.000000	0.000000	0.000000
 70-74 	0.000000	0.000000	0.000000
 75-79 	0.000000	0.000000	0.000000
 80+ 	0.000000	0.000000	0.000000
Total	1.649635	0.846111	0.803524
1972			
 0-4	4.576893	2.345791	2.231102
 5-9	0.000000	0.000000	0.000000
 10-14 	0.000000	0.000000	0.000000
 15-19 	0.000000	0.000000	0.000000
 20-24 	0.000000	0.000000	0.000000
 25-29 	0.000000	0.000000	0.000000
 30-34 	0.000000	0.000000	0.000000
 35-39 	0.000000	0.000000	0.000000
 40-44 	0.000000	0.000000	0.000000
 45-49 	0.000000	0.000000	0.000000
 50-54 	0.000000	0.000000	0.000000
 55-59 	0.000000	0.000000	0.000000
 60-64 	0.000000	0.000000	0.000000
 65-69 	0.000000	0.000000	0.000000
 70-74 	0.000000	0.000000	0.000000
 75-79 	0.000000	0.000000	0.000000
 80+ 	0.000000	0.000000	0.000000
Total	4.576893	2.345791	2.231102
1973			
 0-4	8.332259	4.267912	4.064347
 5-9	0.000000	0.000000	0.000000
 10-14 	0.000000	0.000000	0.000000
 15-19 	0.006352	0.004349	0.002003
 20-24 	0.033045	0.025394	0.007650
 25-29 	0.127968	0.103577	0.024391
 30-34 	0.126241	0.105103	0.021138
 35-39 	0.169962	0.143924	0.026037
 40-44 	0.131548	0.111392	0.020156
 45-49 	0.195540	0.163188	0.032353
 50-54 	0.140600	0.115487	0.025113
 55-59 	0.082682	0.067849	0.014833
 60-64 	0.051535	0.043559	0.007976
 65-69 	0.034185	0.029854	0.004331
 70-74 	0.021687	0.018431	0.003256
 75-79 	0.008517	0.007526	0.000991
 80+ 	0.000800	0.000800	0.000000
Total	9.462920	5.208345	4.254575
1974			
 0-4	19.454274	9.966363	9.487911
 5-9	0.000000	0.000000	0.000000
 10-14 	0.000000	0.000000	0.000000
 15-19 	0.032825	0.022141	0.010685
 20-24 	0.231614	0.175377	0.056238
 25-29 	0.897422	0.721632	0.175790
 30-34 	0.936227	0.776156	0.160071
 35-39 	1.101283	0.931149	0.170134
 40-44 	0.904620	0.766630	0.137990
 45-49 	1.111123	0.929476	0.181647
 50-54 	0.840228	0.691346	0.148883
 55-59 	0.490147	0.401168	0.088979
 60-64 	0.299534	0.251361	0.048173
 65-69 	0.195095	0.169631	0.025464
 70-74 	0.123221	0.105588	0.017633
 75-79 	0.053042	0.045777	0.007265
 80+ 	0.006636	0.006599	0.000037
Total	26.677291	15.960392	10.716899
1975			
 0-4	34.596478	17.716830	16.879648
 5-9	0.000000	0.000000	0.000000
 10-14 	0.000000	0.000000	0.000000
 15-19 	0.066450	0.044571	0.021879
 20-24 	0.668501	0.498311	0.170190
 25-29 	2.644811	2.113650	0.531161
 30-34 	2.908827	2.401928	0.506899
 35-39 	3.111343	2.625915	0.485428
 40-44 	2.630283	2.229787	0.400495
 45-49 	2.865701	2.402089	0.463612
 50-54 	2.191098	1.805991	0.385107
 55-59 	1.273340	1.040745	0.232595
 60-64 	0.766380	0.639508	0.126872
 65-69 	0.491066	0.425038	0.066028
 70-74 	0.308135	0.265689	0.042446
 75-79 	0.140633	0.119805	0.020827
 80+ 	0.021458	0.020834	0.000623
Total	54.684503	34.350691	20.333812
1976			
 0-4	54.144378	27.720685	26.423693
 5-9	0.000000	0.000000	0.000000
 10-14 	0.000000	0.000000	0.000000
 15-19 	0.099437	0.066996	0.032441
 20-24 	1.423298	1.047641	0.375657
 25-29 	5.781409	4.599285	1.182124
 30-34 	6.669414	5.490588	1.178826
 35-39 	6.801608	5.731160	1.070447
 40-44 	5.759618	4.882157	0.877461
 45-49 	6.028971	5.058940	0.970031
 50-54 	4.523546	3.732847	0.790699
 55-59 	2.630948	2.150265	0.480683
 60-64 	1.572640	1.309090	0.263550
 65-69 	0.999659	0.862873	0.136786
 70-74 	0.625582	0.540194	0.085388
 75-79 	0.289978	0.246617	0.043361
 80+ 	0.048891	0.046521	0.002370
Total	97.399376	63.485858	33.913518
1977			
 0-4	79.226064	40.554620	38.671444
 5-9	0.000000	0.000000	0.000000
 10-14 	0.000000	0.000000	0.000000
 15-19 	0.204042	0.137203	0.066839
 20-24 	2.826544	2.071389	0.755156
 25-29 	11.685427	9.268877	2.416550
 30-34 	14.139201	11.621446	2.517755
 35-39 	14.092427	11.861453	2.230974
 40-44 	11.862535	10.053707	1.808829
 45-49 	12.259966	10.293123	1.966842
 50-54 	9.057163	7.478671	1.578492
 55-59 	5.285963	4.320836	0.965126
 60-64 	3.148358	2.618381	0.529977
 65-69 	1.996403	1.721012	0.275392
 70-74 	1.251599	1.080636	0.170963
 75-79 	0.583135	0.495758	0.087377
 80+ 	0.102036	0.096696	0.005340
Total	167.720864	113.673808	54.047056
1978			
 0-4	111.049100	56.835635	54.213464
 5-9	0.000000	0.000000	0.000000
 10-14 	0.000000	0.000000	0.000000
 15-19 	0.337735	0.226404	0.111331
 20-24 	5.119576	3.735155	1.384422
 25-29 	20.972926	16.572696	4.400230
 30-34 	26.967643	22.128269	4.839374
 35-39 	26.082146	21.926337	4.155810
 40-44 	21.935089	18.588153	3.346937
 45-49 	21.998869	18.485725	3.513144
 50-54 	16.093335	13.300775	2.792560
 55-59 	9.402520	7.684966	1.717554
 60-64 	5.565322	4.620236	0.945086
 65-69 	3.509736	3.019186	0.490551
 70-74 	2.198843	1.901222	0.297621
 75-79 	1.042164	0.883663	0.158501
 80+ 	0.193767	0.182231	0.011536
Total	272.468773	190.090653	82.378120
1979			
 0-4	149.134652	76.320888	72.813763
 5-9	0.000000	0.000000	0.000000
 10-14 	0.000000	0.000000	0.000000
 15-19 	0.410587	0.275281	0.135306
 20-24 	8.374486	6.072988	2.301498
 25-29 	33.880662	26.651315	7.229347
 30-34 	46.097357	37.745641	8.351716
 35-39 	43.634337	36.631898	7.002439
 40-44 	36.573231	30.985764	5.587467
 45-49 	35.579967	29.926249	5.653719
 50-54 	25.657615	21.228964	4.428652
 55-59 	14.981547	12.245412	2.736134
 60-64 	8.815687	7.304643	1.511043
 65-69 	5.520244	4.737152	0.783092
 70-74 	3.450247	2.986865	0.463382
 75-79 	1.663962	1.408600	0.255362
 80+ 	0.331036	0.307971	0.023065
Total	414.105617	294.829631	119.275986
1980			
 0-4	196.481059	100.541587	95.939472
 5-9	0.000000	0.000000	0.000000
 10-14 	0.000000	0.000000	0.000000
 15-19 	0.528708	0.354416	0.174292
 20-24 	12.406432	8.949596	3.456835
 25-29 	51.064831	39.984488	11.080343
 30-34 	71.918657	58.746801	13.171856
 35-39 	68.087188	57.082982	11.004206
 40-44 	56.442581	47.802550	8.640031
 45-49 	53.735848	45.234958	8.500890
 50-54 	37.976235	31.456030	6.520205
 55-59 	22.155232	18.113861	4.041371
 60-64 	12.987712	10.744400	2.243313
 65-69 	8.074288	6.913152	1.161137
 70-74 	5.031776	4.357978	0.673798
 75-79 	2.462224	2.083159	0.379065
 80+ 	0.518071	0.478021	0.040050
Total	599.870841	432.843977	167.026865
1981			
 0-4	254.891678	130.420958	124.470720
 5-9	0.000000	0.000000	0.000000
 10-14 	0.000000	0.000000	0.000000
 15-19 	0.677327	0.454040	0.223287
 20-24 	17.204374	12.360967	4.843407
 25-29 	73.236710	57.094915	16.141795
 30-34 	104.682324	85.289731	19.392593
 35-39 	101.040122	84.604210	16.435912
 40-44 	82.395494	69.751331	12.644163
 45-49 	77.262248	65.084479	12.177769
 50-54 	53.569444	44.418951	9.150492
 55-59 	31.158480	25.486195	5.672285
 60-64 	18.235672	15.068168	3.167503
 65-69 	11.262048	9.623803	1.638245
 70-74 	6.999276	6.061722	0.937554
 75-79 	3.463040	2.931106	0.531934
 80+ 	0.763715	0.699441	0.064274
Total	836.841951	609.350018	227.491933
1982			
 0-4	326.695602	167.154632	159.540970
 5-9	0.000000	0.000000	0.000000
 10-14 	0.000000	0.000000	0.000000
 15-19 	0.863849	0.579146	0.284703
 20-24 	22.925941	16.428450	6.497491
 25-29 	101.446928	78.797025	22.649903
 30-34 	144.321651	117.270479	27.051172
 35-39 	144.586065	120.936161	23.649903
 40-44 	115.503146	97.726593	17.776553
 45-49 	107.156517	90.316118	16.840398
 50-54 	73.147506	60.712381	12.435126
 55-59 	42.333694	34.646341	7.687353
 60-64 	24.780717	20.459963	4.320754
 65-69 	15.212031	12.979291	2.232740
 70-74 	9.435130	8.168631	1.266499
 75-79 	4.707411	3.987621	0.719790
 80+ 	1.078382	0.981645	0.096737
Total	1134.194569	831.144476	303.050093
1983			
 0-4	513.109759	262.671373	250.438386
 5-9	0.000000	0.000000	0.000000
 10-14 	0.000000	0.000000	0.000000
 15-19 	1.095410	0.734617	0.360794
 20-24 	29.653506	21.226617	8.426889
 25-29 	136.826650	105.972223	30.854426
 30-34 	191.354851	155.085857	36.268994
 35-39 	200.149125	167.256573	32.892552
 40-44 	157.153592	132.904322	24.249270
 45-49 	144.454884	121.806817	22.648068
 50-54 	97.434991	80.947263	16.487729
 55-59 	56.054486	45.906208	10.148278
 60-64 	32.851212	27.111879	5.739333
 65-69 	20.063537	17.099299	2.964238
 70-74 	12.426952	10.754514	1.672438
 75-79 	6.239321	5.289660	0.949661
 80+ 	1.473410	1.335302	0.138108
Total	1600.341687	1156.102524	444.239163
1984			
 0-4	781.602222	400.183840	381.418382
 5-9	0.000000	0.000000	0.000000
 10-14 	0.000000	0.000000	0.000000
 15-19 	1.380990	0.926503	0.454487
 20-24 	37.608230	26.922546	10.685684
 25-29 	180.430180	139.451583	40.978597
 30-34 	248.198570	200.707049	47.491521
 35-39 	268.199849	223.938407	44.261442
 40-44 	209.530217	177.150720	32.379497
 45-49 	190.513633	160.705491	29.808143
 50-54 	127.345323	105.894128	21.451196
 55-59 	72.835968	59.696190	13.139778
 60-64 	42.735867	35.267740	7.468127
 65-69 	26.006983	22.147131	3.859852
 70-74 	16.088848	13.918681	2.170168
 75-79 	8.116682	6.885782	1.230900
 80+ 	1.964858	1.775377	0.189480
Total	2212.558421	1575.571167	636.987254
1985			
 0-4	1135.580680	581.599123	553.981558
 5-9	0.000000	0.000000	0.000000
 10-14 	0.000000	0.000000	0.000000
 15-19 	1.796340	1.090260	0.706079
 20-24 	47.628871	33.645118	13.983753
 25-29 	232.653309	178.224327	54.428981
 30-34 	317.929614	255.433736	62.495878
 35-39 	347.730777	288.423792	59.306985
 40-44 	274.558321	230.856996	43.701325
 45-49 	246.373185	205.943126	40.430058
 50-54 	163.592237	134.656020	28.936217
 55-59 	93.113794	75.484850	17.628944
 60-64 	54.556245	44.524667	10.031578
 65-69 	33.081310	27.866772	5.214538
 70-74 	20.474798	17.490267	2.984531
 75-79 	10.351898	8.713171	1.638726
 80+ 	2.557785	2.305571	0.252214
Total	2981.979163	2086.257797	895.721366
1986			
 0-4	1590.770226	814.739837	776.030389
 5-9	0.000000	0.000000	0.000000
 10-14 	0.000000	0.000000	0.000000
 15-19 	2.708288	1.170706	1.537582
 20-24 	60.782420	40.046078	20.736342
 25-29 	296.458602	218.525471	77.933132
 30-34 	404.145493	316.421747	87.723746
 35-39 	438.302345	354.214693	84.087652
 40-44 	354.180510	290.508413	63.672097
 45-49 	313.273037	253.082884	60.190153
 50-54 	207.256809	163.513260	43.743549
 55-59 	117.653706	91.104029	26.549676
 60-64 	68.534475	53.483775	15.050700
 65-69 	41.195588	33.310258	7.885330
 70-74 	25.520499	20.843390	4.677109
 75-79 	12.971320	10.483412	2.487908
 80+ 	3.213634	2.881375	0.332259
Total	3936.966952	2664.329327	1272.637625
1987			
 0-4	2158.443491	1105.608819	1052.834673
 5-9	0.000000	0.000000	0.000000
 10-14 	0.000000	0.000000	0.000000
 15-19 	3.969270	1.270962	2.698308
 20-24 	78.522835	45.219380	33.303455
 25-29 	375.169879	257.251290	117.918589
 30-34 	511.901031	381.579482	130.321549
 35-39 	538.694202	416.472857	122.221346
 40-44 	451.130202	354.230914	96.899288
 45-49 	392.565746	301.165983	91.399763
 50-54 	259.429607	191.653915	67.775692
 55-59 	147.263104	106.112709	41.150394
 60-64 	85.192308	61.940421	23.251887
 65-69 	50.657644	38.425673	12.231971
 70-74 	31.256660	23.932932	7.323729
 75-79 	16.115670	12.134481	3.981189
 80+ 	3.930807	3.461007	0.469800
Total	5104.242458	3300.460825	1803.781633
1988			
 0-4	2813.136685	1441.042183	1372.094502
 5-9	0.000000	0.000000	0.000000
 10-14 	0.000000	0.000000	0.000000
 15-19 	5.127711	1.674109	3.453602
 20-24 	102.193189	49.375026	52.818162
 25-29 	473.054341	294.227175	178.827167
 30-34 	646.715392	450.382852	196.332541
 35-39 	652.342655	476.691123	175.651532
 40-44 	566.734030	421.051852	145.682178
 45-49 	487.201433	352.291709	134.909724
 50-54 	321.727472	220.899861	100.827611
 55-59 	182.889953	121.521432	61.368521
 60-64 	105.219493	70.571064	34.648428
 65-69 	62.057130	43.800023	18.257107
 70-74 	38.018538	27.190989	10.827549
 75-79 	19.981048	13.876736	6.104312
 80+ 	4.791842	4.072824	0.719018
Total	6481.190913	3988.668959	2492.521954
1989			
 0-4	3568.672265	1827.996796	1740.675468
 5-9	0.000000	0.000000	0.000000
 10-14 	0.000000	0.000000	0.000000
 15-19 	7.237300	2.537138	4.700163
 20-24 	131.715671	53.919309	77.796362
 25-29 	594.943577	331.559217	263.384359
 30-34 	812.758215	523.352743	289.405472
 35-39 	787.709808	540.678318	247.031490
 40-44 	699.922916	490.016799	209.906117
 45-49 	601.352034	409.457942	191.894092
 50-54 	396.098996	253.816582	142.282414
 55-59 	225.488906	138.613457	86.875449
 60-64 	129.277909	80.171386	49.106523
 65-69 	75.914815	50.017280	25.897535
 70-74 	46.249601	31.098520	15.151081
 75-79 	24.771744	15.984416	8.787329
 80+ 	5.888932	4.794271	1.094662
Total	8108.002691	4754.014174	3353.988516
1990			
 0-4	4421.279070	2264.520848	2156.758222
 5-9	0.000000	0.000000	0.000000
 10-14 	0.000000	0.000000	0.000000
 15-19 	10.239356	3.763157	6.476199
 20-24 	166.476526	59.870640	106.605885
 25-29 	747.037378	373.482390	373.554988
 30-34 	1015.236046	602.472620	412.763426
 35-39 	956.363869	615.588964	340.774906
 40-44 	850.181942	561.523048	288.658894
 45-49 	739.946551	476.101336	263.845214
 50-54 	484.864815	292.571908	192.292907
 55-59 	276.192654	158.632154	117.560501
 60-64 	158.115957	91.507610	66.608347
 65-69 	92.708894	57.555508	35.153385
 70-74 	56.462338	36.137038	20.325299
 75-79 	30.769007	18.807063	11.961944
 80+ 	7.405964	5.776404	1.629560
Total	10013.280367	5618.310689	4394.969678
1991			
 0-4	5363.991192	2747.048656	2616.942536
 5-9	0.000000	0.000000	0.000000
 10-14 	0.000000	0.000000	0.000000
 15-19 	13.849150	5.297325	8.551825
 20-24 	205.840168	67.898933	137.941235
 25-29 	932.834731	423.628587	509.206144
 30-34 	1260.537067	691.171732	569.365335
 35-39 	1166.095801	705.202757	460.893044
 40-44 	1017.948944	636.625198	381.323746
 45-49 	907.390565	554.975757	352.414809
 50-54 	589.495831	338.131220	251.364612
 55-59 	335.803985	182.267984	153.536001
 60-64 	192.157583	104.933149	87.224434
 65-69 	112.637235	66.566145	46.071090
 70-74 	68.855012	42.448124	26.406889
 75-79 	38.010406	22.396443	15.613963
 80+ 	9.381268	7.042674	2.338594
Total	12214.828940	6595.634684	5619.194256
1992			
 0-4	6380.744602	3267.435630	3113.308972
 5-9	0.000000	0.000000	0.000000
 10-14 	0.000000	0.000000	0.000000
 15-19 	18.288078	7.235978	11.052101
 20-24 	248.277495	78.034118	170.243377
 25-29 	1154.314146	484.969787	669.344358
 30-34 	1553.580641	792.662212	760.918428
 35-39 	1427.376291	814.934900	612.441391
 40-44 	1201.099792	714.805971	486.293821
 45-49 	1108.474829	648.993210	459.481619
 50-54 	710.532920	390.849381	319.683538
 55-59 	404.906879	210.024038	194.882841
 60-64 	231.700391	120.701888	110.998503
 65-69 	135.661833	77.001601	58.660231
 70-74 	83.450416	50.027197	33.423218
 75-79 	46.471388	26.721619	19.749769
 80+ 	11.813767	8.592254	3.221513
Total	14716.693468	7692.989785	7023.703682
1993			
 0-4	7443.978342	3811.660023	3632.318319
 5-9	0.000000	0.000000	0.000000
 10-14 	0.000000	0.000000	0.000000
 15-19 	23.671849	9.656254	14.015595
 20-24 	292.385393	90.101569	202.283824
 25-29 	1409.789462	558.575037	851.214425
 30-34 	1897.227327	909.984749	987.242579
 35-39 	1744.963575	946.934090	798.029486
 40-44 	1403.481748	799.354254	604.127494
 45-49 	1341.365215	757.058321	584.306894
 50-54 	849.140379	451.618461	397.521918
 55-59 	483.526220	242.104672	241.421548
 60-64 	276.702452	138.892113	137.810339
 65-69 	161.489239	88.645963	72.843277
 70-74 	99.977381	58.666712	41.310669
 75-79 	55.992083	31.642814	24.349269
 80+ 	14.646353	10.379883	4.266470
Total	17498.337019	8905.274914	8593.062105
1994			
 0-4	8517.587311	4361.274666	4156.312645
 5-9	0.000000	0.000000	0.000000
 10-14 	0.000000	0.000000	0.000000
 15-19 	29.797950	12.472563	17.325387
 20-24 	340.382894	103.282792	237.100102
 25-29 	1689.799196	643.762209	1046.036986
 30-34 	2292.439013	1045.844152	1246.594860
 35-39 	2115.152174	1099.055294	1016.096880
 40-44 	1635.922583	897.192135	738.730448
 45-49 	1595.586439	873.438147	722.148293
 50-54 	1006.633293	521.474500	485.158793
 55-59 	571.009234	278.315995	292.693239
 60-64 	326.657978	159.329098	167.328879
 65-69 	189.671468	101.223853	88.447615
 70-74 	117.932053	68.022653	49.909400
 75-79 	66.348674	37.004927	29.343748
 80+ 	17.808979	12.353778	5.455202
Total	20512.729238	10214.046761	10298.682477
1995			
 0-4	9557.003633	4893.493263	4663.510370
 5-9	0.000000	0.000000	0.000000
 10-14 	0.000000	0.000000	0.000000
 15-19 	36.912156	15.824942	21.087213
 20-24 	396.978213	119.463563	277.514650
 25-29 	1976.650687	734.206397	1242.444290
 30-34 	2736.419819	1201.277985	1535.141834
 35-39 	2530.097675	1267.389008	1262.708668
 40-44 	1908.330166	1014.062651	894.267515
 45-49 	1856.762527	990.711012	866.051516
 50-54 	1182.335899	600.296297	582.039602
 55-59 	665.964001	318.103942	347.860059
 60-64 	380.576237	181.573390	199.002846
 65-69 	219.629715	114.437862	105.191854
 70-74 	136.611269	77.619130	58.992139
 75-79 	77.208692	42.594463	34.614229
 80+ 	21.190404	14.422797	6.767607
Total	23682.671093	11585.476701	12097.194392
1996			
 0-4	10523.397280	5388.431368	5134.965912
 5-9	0.000000	0.000000	0.000000
 10-14 	0.000000	0.000000	0.000000
 15-19 	45.229856	19.842672	25.387184
 20-24 	448.251949	134.236060	314.015889
 25-29 	2267.762093	827.855902	1439.906191
 30-34 	3221.170528	1374.584709	1846.585819
 35-39 	2986.346409	1451.168583	1535.177826
 40-44 	2221.602339	1150.448883	1071.153456
 45-49 	2114.043299	1104.091747	1009.951551
 50-54 	1373.656956	686.888638	686.768318
 55-59 	766.293123	360.682260	405.610864
 60-64 	437.330750	205.162731	232.168019
 65-69 	250.804242	128.098829	122.705413
 70-74 	155.408447	87.091253	68.317194
 75-79 	88.322928	48.309386	40.013542
 80+ 	24.732621	16.550902	8.181719
Total	26924.352819	12983.443922	13940.908898
1997			
 0-4	11393.420244	5834.023199	5559.397045
 5-9	0.000000	0.000000	0.000000
 10-14 	0.000000	0.000000	0.000000
 15-19 	54.991691	24.661767	30.329924
 20-24 	496.833509	148.481400	348.352109
 25-29 	2553.130542	920.120914	1633.009628
 30-34 	3735.205116	1561.164299	2174.040817
 35-39 	3476.323959	1647.163971	1829.159988
 40-44 	2578.165157	1307.359755	1270.805403
 45-49 	2354.587818	1207.617826	1146.969992
 50-54 	1578.434002	780.350945	798.083057
 55-59 	868.593798	404.571950	464.021848
 60-64 	495.378573	229.414959	265.963614
 65-69 	282.601380	142.024887	140.576493
 70-74 	173.725477	96.102015	77.623461
 75-79 	99.447126	54.043659	45.403467
 80+ 	28.385382	18.709510	9.675872
Total	30169.223776	14375.811056	15793.412720
1998			
 0-4	12153.143833	6222.943493	5930.200340
 5-9	0.000000	0.000000	0.000000
 10-14 	0.000000	0.000000	0.000000
 15-19 	79.289469	36.976538	42.312931
 20-24 	541.185490	161.449473	379.736017
 25-29 	2823.738939	1006.424832	1817.314107
 30-34 	4261.207275	1752.606102	2508.601173
 35-39 	3990.796200	1851.080139	2139.716061
 40-44 	2969.435123	1479.650318	1489.784805
 45-49 	2580.901960	1302.644722	1278.257238
 50-54 	1782.458508	873.469791	908.988716
 55-59 	970.099388	448.669313	521.430075
 60-64 	552.290729	253.258552	299.032177
 65-69 	314.349429	155.949056	158.400373
 70-74 	191.159181	104.447805	86.711376
 75-79 	110.414039	59.715175	50.698864
 80+ 	32.177649	20.921943	11.255706
Total	33352.647213	15730.207252	17622.439961
1999			
 0-4	12789.222910	6548.584579	6240.638330
 5-9	0.000000	0.000000	0.000000
 10-14 	0.000000	0.000000	0.000000
 15-19 	112.885726	54.133053	58.752673
 20-24 	578.417398	172.216563	406.200835
 25-29 	3081.317233	1085.926213	1995.391020
 30-34 	4765.611252	1934.067596	2831.543655
 35-39 	4519.580437	2058.413975	2461.166462
 40-44 	3374.563316	1655.865536	1718.697781
 45-49 	2806.312073	1397.374973	1408.937099
 50-54 	1963.458408	955.057056	1008.401352
 55-59 	1068.264500	492.020428	576.244072
 60-64 	605.082953	275.453265	329.629688
 65-69 	344.798175	169.343699	175.454476
 70-74 	207.351987	112.024616	95.327371
 75-79 	120.877894	65.145641	55.732253
 80+ 	36.127461	23.210021	12.917440
Total	36373.871723	16998.837214	19375.034509
2000			
 0-4	13300.533451	6809.665413	6490.868038
 5-9	0.000000	0.000000	0.000000
 10-14 	0.000000	0.000000	0.000000
 15-19 	157.754851	76.991672	80.763179
 20-24 	607.825200	180.167986	427.657214
 25-29 	3343.706784	1167.200905	2176.505878
 30-34 	5194.257591	2081.812874	3112.444717
 35-39 	5050.702690	2264.023758	2786.678932
 40-44 	3774.158596	1825.714451	1948.444145
 45-49 	3049.549740	1498.977764	1550.571976
 50-54 	2108.947037	1017.541874	1091.405163
 55-59 	1160.874584	533.250433	627.624151
 60-64 	652.613658	295.182790	357.430868
 65-69 	375.577728	181.547394	194.030334
 70-74 	224.080774	118.874893	105.205881
 75-79 	132.751038	70.156806	62.594232
 80+ 	40.970667	25.618290	15.352377
Total	39174.304387	18146.727302	21027.577085
2001			
 0-4	13682.044720	7004.430573	6677.614147
 5-9	0.000000	0.000000	0.000000
 10-14 	0.000000	0.000000	0.000000
 15-19 	215.559178	106.398485	109.160694
 20-24 	627.251907	184.982774	442.269133
 25-29 	3529.609891	1218.803412	2310.806479
 30-34 	5592.897903	2212.410645	3380.487259
 35-39 	5562.822929	2458.621056	3104.201874
 40-44 	4156.417000	1984.047066	2172.369934
 45-49 	3304.164059	1605.506401	1698.657658
 50-54 	2215.000687	1059.960381	1155.040306
 55-59 	1243.289291	570.309710	672.979582
 60-64 	692.192882	311.645015	380.547867
 65-69 	402.880489	191.702476	211.178013
 70-74 	240.102426	124.786438	115.315987
 75-79 	143.856204	74.277183	69.579021
 80+ 	46.374085	28.008542	18.365543
Total	41654.463650	19135.890155	22518.573496
2002			
 0-4	13924.319897	7128.069275	6796.250622
 5-9	0.000000	0.000000	0.000000
 10-14 	0.000000	0.000000	0.000000
 15-19 	288.324007	143.382270	144.941736
 20-24 	635.679661	186.757297	448.922364
 25-29 	3660.828333	1249.237906	2411.590426
 30-34 	5913.373932	2307.802490	3605.571442
 35-39 	6035.473984	2633.220528	3402.253456
 40-44 	4510.436169	2126.201283	2384.234886
 45-49 	3564.685844	1715.344063	1849.341782
 50-54 	2279.536613	1081.460880	1198.075733
 55-59 	1314.644611	602.764669	711.879942
 60-64 	722.613706	324.309524	398.304182
 65-69 	424.108204	199.084189	225.024015
 70-74 	254.646186	129.492855	125.153332
 75-79 	152.974756	77.103764	75.870993
 80+ 	52.003873	30.202020	21.801853
Total	43733.649776	19934.433012	23799.216764
2003			
 0-4	14019.287403	7176.470116	6842.817287
 5-9	0.000000	0.000000	0.000000
 10-14 	0.000000	0.000000	0.000000
 15-19 	371.882388	185.908747	185.973641
 20-24 	639.588790	189.011996	450.576794
 25-29 	3734.311102	1257.930879	2476.380223
 30-34 	6148.708862	2366.208099	3782.500763
 35-39 	6447.156914	2778.377022	3668.779892
 40-44 	4829.611542	2249.792049	2579.819492
 45-49 	3812.213497	1820.273354	1991.940144
 50-54 	2318.801311	1089.923836	1228.877476
 55-59 	1368.083149	627.094893	740.988256
 60-64 	745.073985	333.811271	411.262714
 65-69 	436.826993	203.149675	233.677318
 70-74 	266.889696	132.733532	134.156163
 75-79 	159.617969	78.531112	81.086857
 80+ 	57.504075	32.041488	25.462587
Total	45355.557676	20521.258068	24834.299609
2004			
 0-4	12658.591646	6478.606146	6179.985501
 5-9	0.000000	0.000000	0.000000
 10-14 	0.000000	0.000000	0.000000
 15-19 	469.074847	235.481066	233.593781
 20-24 	640.534346	192.161360	448.372986
 25-29 	3755.297506	1247.644839	2507.652667
 30-34 	6323.262231	2398.693007	3924.569225
 35-39 	6773.978258	2883.749321	3890.228937
 40-44 	5120.455940	2358.698289	2761.757651
 45-49 	4028.727018	1911.648815	2117.078203
 50-54 	2360.649527	1098.931619	1261.717908
 55-59 	1398.390151	640.278471	758.111680
 60-64 	762.862055	341.758040	421.104015
 65-69 	441.223026	204.303856	236.919169
 70-74 	276.505733	134.551865	141.953868
 75-79 	164.631983	78.969703	85.662280
 80+ 	62.731774	33.513486	29.218287
Total	45236.916041	20238.989883	24997.926158
2005			
 0-4	11728.800312	6002.713981	5726.086330
 5-9	2.573767	1.332542	1.241225
 10-14 	0.000000	0.000000	0.000000
 15-19 	582.567026	293.530506	289.036521
 20-24 	644.203459	198.246012	445.957447
 25-29 	3749.418064	1228.364965	2521.053099
 30-34 	6534.040669	2445.986618	4088.054051
 35-39 	7033.949785	2956.070382	4077.879403
 40-44 	5439.872137	2479.956674	2959.915463
 45-49 	4245.378039	2004.305463	2241.072577
 50-54 	2447.338921	1129.311719	1318.027202
 55-59 	1422.922686	649.852823	773.069863
 60-64 	786.440939	352.928576	433.512363
 65-69 	444.356070	205.808000	238.548070
 70-74 	285.765834	136.314216	149.451618
 75-79 	170.629562	79.610189	91.019374
 80+ 	68.260615	34.947988	33.312627
Total	45586.517887	20199.280655	25387.237232
2006			
 0-4	11051.069195	5656.615761	5394.453434
 5-9	18.904366	9.784772	9.119594
 10-14 	0.000000	0.000000	0.000000
 15-19 	712.677531	360.258892	352.418639
 20-24 	654.719793	208.959655	445.760138
 25-29 	3713.513453	1200.918837	2512.594616
 30-34 	6678.035370	2464.887294	4213.148076
 35-39 	7337.080549	3041.974745	4295.105805
 40-44 	5794.968507	2616.623549	3178.344958
 45-49 	4474.501506	2103.497844	2371.003662
 50-54 	2580.962016	1183.251750	1397.710266
 55-59 	1453.281453	660.996570	792.284884
 60-64 	818.310842	368.536925	449.773917
 65-69 	450.057500	209.016431	241.041070
 70-74 	294.425556	138.289196	156.136361
 75-79 	178.445745	80.979383	97.466362
 80+ 	74.239976	36.537539	37.702437
Total	46285.193359	20341.129143	25944.064216
2007			
 0-4	9849.144511	5042.002126	4807.142385
 5-9	60.905094	31.517195	29.387898
 10-14 	0.000000	0.000000	0.000000
 15-19 	859.208277	435.585342	423.622935
 20-24 	677.397093	226.537365	450.859728
 25-29 	3653.979513	1169.248517	2484.730996
 30-34 	6820.276062	2482.268881	4338.007181
 35-39 	7653.636066	3130.498514	4523.137551
 40-44 	6207.835220	2778.407061	3429.428159
 45-49 	4742.331644	2220.740090	2521.591554
 50-54 	2771.795477	1267.401284	1504.394193
 55-59 	1499.325601	677.964104	821.361497
 60-64 	864.092931	391.215038	472.877893
 65-69 	462.991690	215.685624	247.306067
 70-74 	303.187014	141.064718	162.122296
 75-79 	188.783903	83.482031	105.301871
 80+ 	80.913186	38.461602	42.451583
Total	46695.803280	20332.079491	26363.723789
2008			
 0-4	8427.986685	4315.553809	4112.432876
 5-9	150.139525	77.706231	72.433295
 10-14 	0.000000	0.000000	0.000000
 15-19 	1022.976766	520.040464	502.936301
 20-24 	714.123518	251.764186	462.359332
 25-29 	3596.122037	1144.790431	2451.331607
 30-34 	7006.510570	2518.069066	4488.441504
 35-39 	8064.881944	3257.715022	4807.166922
 40-44 	6741.902347	2994.490168	3747.412179
 45-49 	5113.513778	2386.908730	2726.605048
 50-54 	3048.646520	1397.193549	1651.452972
 55-59 	1590.932465	714.954365	875.978100
 60-64 	932.731243	424.934116	507.797128
 65-69 	491.837597	229.736857	262.100740
 70-74 	315.087900	146.432026	168.655874
 75-79 	202.683527	87.940275	114.743252
 80+ 	88.919269	41.135923	47.783346
Total	47508.995693	20509.365217	26999.630477
2009			
 0-4	7944.713002	4070.016867	3874.696134
 5-9	298.528855	154.659090	143.869765
 10-14 	0.000000	0.000000	0.000000
 15-19 	1178.903952	600.401567	578.502385
 20-24 	766.635352	286.171485	480.463868
 25-29 	3463.630467	1102.981764	2360.648703
 30-34 	7042.466341	2502.253215	4540.213126
 35-39 	8342.658849	3328.482300	5014.176549
 40-44 	7154.294619	3150.267803	4004.026816
 45-49 	5439.098877	2528.281694	2910.817183
 50-54 	3297.894981	1517.897404	1779.997577
 55-59 	1690.271178	754.807279	935.463898
 60-64 	990.006343	452.673027	537.333315
 65-69 	522.184921	244.081794	278.103127
 70-74 	320.005424	149.573392	170.432032
 75-79 	211.592087	90.887412	120.704675
 80+ 	94.755827	42.979576	51.776251
Total	48757.641076	20976.415671	27781.225405
2010			
 0-4	7848.302008	4023.654304	3824.647704
 5-9	556.757718	288.676381	268.081336
 10-14 	2.419021	1.265387	1.153634
 15-19 	2558.420737	1272.698823	1285.721914
 20-24 	3425.689708	1206.169622	2219.520086
 25-29 	9998.296370	3319.389921	6678.906449
 30-34 	17181.231456	6196.552680	10984.678776
 35-39 	19716.172732	7891.294811	11824.877921
 40-44 	15475.322921	6782.644912	8692.678009
 45-49 	10329.807887	4770.309183	5559.498704
 50-54 	5635.358867	2587.365842	3047.993025
 55-59 	2934.860805	1294.487579	1640.373226
 60-64 	1700.648971	777.740017	922.908954
 65-69 	919.170622	434.899839	484.270783
 70-74 	542.969237	259.443747	283.525490
 75-79 	363.373603	157.122869	206.250734
 80+ 	151.702280	70.234381	81.467899
Total	99340.504940	41333.950299	58006.554641
2011			
 0-4	6507.580823	3338.688960	3168.891863
 5-9	962.416337	499.315317	463.101020
 10-14 	17.749575	9.284065	8.465510
 15-19 	2892.431292	1447.596192	1444.835100
 20-24 	3510.165008	1289.304039	2220.860969
 25-29 	9753.149871	3275.176668	6477.973203
 30-34 	17288.663782	6212.509994	11076.153789
 35-39 	20622.355916	8188.449492	12433.906424
 40-44 	16650.611710	7236.357016	9414.254694
 45-49 	11448.066458	5270.543580	6177.522878
 50-54 	6319.820889	2920.474937	3399.345951
 55-59 	3316.421646	1463.906889	1852.514758
 60-64 	1870.686505	852.410874	1018.275631
 65-69 	1032.254003	488.317752	543.936251
 70-74 	574.048694	278.812141	295.236553
 75-79 	381.156129	167.055764	214.100364
 80+ 	164.859335	75.971922	88.887413
Total	103312.437972	43014.175602	60298.262371
2012			
 0-4	5691.605695	2921.754143	2769.851551
 5-9	1427.114717	741.120518	685.994199
 10-14 	57.168602	29.905688	27.262913
 15-19 	3241.705401	1619.266882	1622.438518
 20-24 	3668.820891	1401.534199	2267.286692
 25-29 	9643.054238	3257.665589	6385.388649
 30-34 	17668.239645	6274.579779	11393.659866
 35-39 	22041.907663	8573.045326	13468.862337
 40-44 	18420.199823	7828.142400	10592.057423
 45-49 	13053.062274	5905.728729	7147.333546
 50-54 	7358.401378	3367.863928	3990.537450
 55-59 	3895.407878	1703.182583	2192.225295
 60-64 	2126.824874	947.777063	1179.047811
 65-69 	1201.140373	559.857027	641.283347
 70-74 	634.785247	307.215828	327.569418
 75-79 	408.074965	179.491495	228.583470
 80+ 	185.822887	83.788586	102.034302
Total	110723.336549	45701.919763	65021.416787
2013			
 0-4	5244.234347	2693.407823	2550.826524
 5-9	1931.356087	1004.098166	927.257921
 10-14 	140.930154	73.768679	67.161476
 15-19 	3545.153851	1758.650053	1786.503799
 20-24 	3868.688690	1526.861066	2341.827624
 25-29 	9490.254780	3218.333743	6271.921037
 30-34 	17930.704834	6262.517422	11668.187411
 35-39 	23373.926272	8833.977564	14539.948708
 40-44 	20293.367258	8355.174338	11938.192920
 45-49 	14746.062830	6498.088167	8247.974664
 50-54 	8558.110799	3837.688922	4720.421878
 55-59 	4552.143425	1963.158557	2588.984868
 60-64 	2415.297785	1041.810882	1373.486903
 65-69 	1384.677339	630.842830	753.834508
 70-74 	708.994072	337.054610	371.939461
 75-79 	430.782636	189.477884	241.304752
 80+ 	208.465562	91.250857	117.214705
Total	118823.150722	48316.161564	70506.989158
2014			
 0-4	4786.180522	2459.043084	2327.137438
 5-9	2503.148496	1302.685080	1200.463416
 10-14 	280.162679	147.002172	133.160507
 15-19 	3728.581176	1833.817525	1894.763651
 20-24 	4122.342706	1674.793113	2447.549593
 25-29 	9249.503676	3159.070889	6090.432786
 30-34 	17896.772333	6151.253005	11745.519328
 35-39 	24299.544760	8916.518903	15383.025856
 40-44 	22014.781753	8761.203013	13253.578740
 45-49 	16294.566554	6974.119578	9320.446976
 50-54 	9807.256236	4290.136994	5517.119241
 55-59 	5219.416506	2221.388618	2998.027888
 60-64 	2727.624864	1137.850872	1589.773992
 65-69 	1558.067530	691.669788	866.397743
 70-74 	790.605412	366.723552	423.881860
 75-79 	446.226187	196.473189	249.752998
 80+ 	229.147330	97.410423	131.736907
Total	125953.928721	50381.159800	75572.768922
2015			
 0-4	3890.463144	1999.161132	1891.302012
 5-9	2984.012047	1554.608699	1429.403348
 10-14 	522.463569	274.599504	247.864065
 15-19 	3762.953082	1846.913938	1916.039144
 20-24 	4422.665753	1842.781716	2579.884036
 25-29 	8933.534361	3100.680930	5832.853430
 30-34 	17481.883304	5960.945039	11520.938266
 35-39 	24621.604184	8843.827030	15777.777154
 40-44 	23492.043822	9100.648608	14391.395213
 45-49 	17489.816143	7306.602288	10183.213855
 50-54 	10974.184295	4701.699416	6272.484879
 55-59 	5858.146306	2476.281396	3381.864910
 60-64 	3056.040058	1245.908805	1810.131253
 65-69 	1708.010939	741.428018	966.582921
 70-74 	874.009204	396.895950	477.113255
 75-79 	455.991417	202.203064	253.788352
 80+ 	245.102932	102.198639	142.904293
Total	130772.924559	51697.384172	79075.540387
2016			
 0-4	3147.931497	1617.102457	1530.829040
 5-9	3042.098249	1587.193753	1454.904495
 10-14 	903.213541	475.246702	427.966839
 15-19 	3879.949783	1921.947501	1958.002282
 20-24 	4707.783758	1988.879117	2718.904641
 25-29 	8814.606872	3130.577073	5684.029799
 30-34 	17204.583339	5882.350427	11322.232912
 35-39 	25167.281651	8942.842432	16224.439219
 40-44 	25142.173727	9557.901040	15584.272687
 45-49 	19280.390633	7915.329111	11365.061522
 50-54 	12424.723183	5255.576252	7169.146932
 55-59 	6687.494843	2823.313797	3864.181046
 60-64 	3501.044333	1413.161770	2087.882563
 65-69 	1901.865396	811.251483	1090.613913
 70-74 	989.259089	443.315787	545.943302
 75-79 	482.297224	216.112848	266.184376
 80+ 	263.955313	109.531114	154.424199
Total	137540.652432	54091.632664	83449.019768
2017			
 0-4	2911.978494	1495.116504	1416.861990
 5-9	2963.555221	1548.045091	1415.510131
 10-14 	1339.441072	706.004293	633.436779
 15-19 	4054.581394	2029.295415	2025.285980
 20-24 	4952.577412	2112.244765	2840.332647
 25-29 	8823.059114	3207.854112	5615.205002
 30-34 	16981.766717	5857.551051	11124.215666
 35-39 	25715.093970	9089.105149	16625.988822
 40-44 	26896.438329	10077.435683	16819.002646
 45-49 	21306.107793	8605.987779	12700.120014
 50-54 	14097.272927	5910.362121	8186.910806
 55-59 	7684.785156	3238.962471	4445.822685
 60-64 	4040.291074	1627.003997	2413.287078
 65-69 	2125.177943	889.876727	1235.301216
 70-74 	1127.894155	500.391553	627.502602
 75-79 	522.005167	235.103540	286.901627
 80+ 	283.102573	117.858251	165.244322
Total	145825.128511	57248.198501	88576.930011
2018			
 0-4	2775.384218	1425.332521	1350.051697
 5-9	2840.312252	1484.654674	1355.657578
 10-14 	1812.873349	957.408580	855.464768
 15-19 	4261.003677	2147.918505	2113.085171
 20-24 	5143.300965	2216.799357	2926.501608
 25-29 	8884.524323	3301.643299	5582.881024
 30-34 	16733.262797	5847.009693	10886.253104
 35-39 	26105.228153	9215.943024	16889.285129
 40-44 	28584.572887	10588.314852	17996.258035
 45-49 	23394.886685	9302.448954	14092.437731
 50-54 	15913.471491	6623.919575	9289.551916
 55-59 	8844.798199	3715.114161	5129.684038
 60-64 	4651.792836	1878.183422	2773.609414
 65-69 	2379.886423	977.391696	1402.494728
 70-74 	1279.333208	562.551932	716.781277
 75-79 	574.283527	258.309420	315.974107
 80+ 	301.518063	126.576473	174.941590
Total	154480.433053	60629.520137	93850.912916
2019			
 0-4	2729.585566	1403.325016	1326.260550
 5-9	2583.855213	1350.960430	1232.894783
 10-14 	2348.820893	1242.177992	1106.642900
 15-19 	4301.955236	2168.264635	2133.690601
 20-24 	5275.168509	2309.217240	2965.951269
 25-29 	9016.802371	3422.761693	5594.040677
 30-34 	16509.637280	5860.681792	10648.955487
 35-39 	26367.620626	9332.080160	17035.540467
 40-44 	30187.528157	11088.708888	19098.819269
 45-49 	25573.810574	10025.900578	15547.909996
 50-54 	17835.233986	7369.796350	10465.437636
 55-59 	10178.949533	4253.529125	5925.420408
 60-64 	5330.194590	2162.987701	3167.206888
 65-69 	2687.662512	1084.620389	1603.042124
 70-74 	1437.519339	626.094637	811.424702
 75-79 	640.814361	286.612492	354.201870
 80+ 	320.576115	136.057268	184.518847
Total	163325.734859	64123.776385	99201.958474
2020			
 0-4	2634.693683	1357.065871	1277.627812
 5-9	2309.004321	1206.530536	1102.473785
 10-14 	2799.931926	1482.749333	1317.182592
 15-19 	4319.960852	2185.132304	2134.828548
 20-24 	5425.393330	2408.444456	3016.948874
 25-29 	9214.317871	3569.155474	5645.162397
 30-34 	16339.709684	5901.673755	10438.035929
 35-39 	26502.189532	9434.032589	17068.156943
 40-44 	31652.807441	11566.165640	20086.641801
 45-49 	27990.591251	10848.808286	17141.782965
 50-54 	19712.312917	8073.598806	11638.714110
 55-59 	11655.057977	4839.673304	6815.384673
 60-64 	6079.951548	2480.096676	3599.854872
 65-69 	3061.492542	1219.579532	1841.913010
 70-74 	1600.639282	688.865667	911.773616
 75-79 	720.900976	320.031094	400.869882
 80+ 	341.989086	146.731111	195.257975
Total	172360.944219	67728.334434	104632.609785
2021			
 0-4	2778.514895	1433.272265	1345.242630
 5-9	2177.000134	1137.466764	1039.533369
 10-14 	2855.430575	1514.783025	1340.647550
 15-19 	4424.870188	2250.811231	2174.058957
 20-24 	5551.236802	2508.010318	3043.226484
 25-29 	9352.445363	3674.206482	5678.238881
 30-34 	16209.237681	5954.225783	10255.011898
 35-39 	26478.395256	9503.731957	16974.663299
 40-44 	32898.494968	11990.348774	20908.146194
 45-49 	30206.518464	11582.758364	18623.760100
 50-54 	21868.560675	8869.509896	12999.050778
 55-59 	13249.298019	5469.010731	7780.287288
 60-64 	6920.140370	2833.284904	4086.855466
 65-69 	3492.954636	1381.013867	2111.940769
 70-74 	1772.296407	751.097502	1021.198905
 75-79 	811.427593	357.361874	454.065719
 80+ 	367.123718	158.822161	208.301557
Total	181413.945744	71369.715899	110044.229846
2022			
 0-4	2897.364035	1495.717164	1401.646871
 5-9	2136.723014	1115.944393	1020.778620
 10-14 	2782.373502	1478.055712	1304.317790
 15-19 	4423.980696	2263.462882	2160.517814
 20-24 	5687.448489	2615.724334	3071.724155
 25-29 	9375.076199	3726.239321	5648.836878
 30-34 	16066.587062	5991.035424	10075.551638
 35-39 	26228.079151	9506.539229	16721.539921
 40-44 	33792.418200	12307.524177	21484.894023
 45-49 	32258.038137	12247.561469	20010.476668
 50-54 	24057.434417	9647.704566	14409.729851
 55-59 	14950.694001	6140.061807	8810.632194
 60-64 	7863.825877	3223.220832	4640.605045
 65-69 	3978.126912	1569.461120	2408.665791
 70-74 	1951.690244	811.334047	1140.356197
 75-79 	910.552663	397.911483	512.641180
 80+ 	396.317272	172.101782	224.215490
Total	189756.729871	74709.599745	115047.130126
2023			
 0-4	2986.445519	1542.166671	1444.278848
 5-9	2087.815886	1089.336932	998.478955
 10-14 	2666.094110	1417.428016	1248.666094
 15-19 	4385.164740	2257.191047	2127.973694
 20-24 	5838.176595	2724.822762	3113.353833
 25-29 	9296.604968	3740.035112	5556.569856
 30-34 	15881.303713	5999.454390	9881.849323
 35-39 	25763.850305	9439.880116	16323.970189
 40-44 	34300.626716	12505.863952	21794.762764
 45-49 	34083.621623	12824.041557	21259.580066
 50-54 	26214.770715	10384.862598	15829.908116
 55-59 	16741.448842	6841.868285	9899.580557
 60-64 	8936.004613	3656.709767	5279.294846
 65-69 	4511.139290	1783.307904	2727.831387
 70-74 	2150.504670	874.973381	1275.531289
 75-79 	1013.641752	439.303566	574.338186
 80+ 	430.438110	186.850519	243.587591
Total	197287.652167	77708.096574	119579.555594
2024			
 0-4	3007.026297	1552.967607	1454.058689
 5-9	2096.404858	1092.818200	1003.586658
 10-14 	2424.979113	1289.808530	1135.170583
 15-19 	4543.762667	2350.681666	2193.081001
 20-24 	5823.708606	2736.470267	3087.238339
 25-29 	9144.368652	3733.068059	5411.300593
 30-34 	15676.971246	5994.418405	9682.552841
 35-39 	25172.203367	9329.855354	15842.348013
 40-44 	34447.819892	12595.234313	21852.585579
 45-49 	35647.565150	13308.250025	22339.315125
 50-54 	28353.669817	11096.975792	17256.694026
 55-59 	18565.595676	7541.696710	11023.898966
 60-64 	10144.673887	4134.869090	6009.804797
 65-69 	5084.780297	2018.220932	3066.559365
 70-74 	2387.054066	951.635590	1435.418477
 75-79 	1115.651871	478.517067	637.134804
 80+ 	470.353981	203.543382	266.810599
Total	204106.589444	80409.030989	123697.558454
2025			
 0-4	2937.678278	1517.242924	1420.435355
 5-9	2171.047433	1131.473967	1039.573466
 10-14 	2167.004239	1151.804381	1015.199858
 15-19 	4618.628057	2399.538032	2219.090025
 20-24 	5776.839196	2734.850727	3041.988469
 25-29 	9013.652791	3732.321042	5281.331749
 30-34 	15462.760020	5981.866138	9480.893882
 35-39 	24529.467537	9199.121093	15330.346444
 40-44 	34259.638818	12583.084202	21676.554616
 45-49 	36907.972473	13696.000111	23211.972362
 50-54 	30619.933234	11855.263509	18764.669724
 55-59 	20266.887217	8164.080110	12102.807108
 60-64 	11462.476508	4646.257042	6816.219466
 65-69 	5704.111420	2273.365449	3430.745970
 70-74 	2671.425789	1048.075754	1623.350035
 75-79 	1216.140917	514.418167	701.722750
 80+ 	515.988480	222.250039	293.738441
Total	210301.652406	82851.012687	127450.639719
2026			
 0-4	2813.686226	1453.196476	1360.489749
 5-9	2378.113261	1240.700146	1137.413114
 10-14 	2045.017389	1086.078699	958.938690
 15-19 	4277.808527	2228.306363	2049.502164
 20-24 	5805.512521	2768.953402	3036.559119
 25-29 	8912.109533	3750.378280	5161.731253
 30-34 	15174.559869	5924.277633	9250.282236
 35-39 	23895.557194	9064.072937	14831.484257
 40-44 	33782.773934	12485.354565	21297.419369
 45-49 	37837.751297	13985.238706	23852.512591
 50-54 	32592.505067	12482.691710	20109.813357
 55-59 	22215.949526	8864.654994	13351.294532
 60-64 	12876.052963	5190.454661	7685.598302
 65-69 	6394.326001	2555.624456	3838.701545
 70-74 	2998.126098	1164.288691	1833.837407
 75-79 	1321.377672	548.988315	772.389357
 80+ 	566.609331	242.694724	323.914608
Total	215887.836408	85035.954758	130851.881650
2027			
 0-4	2698.278976	1393.583891	1304.695085
 5-9	2520.265010	1316.259633	1204.005377
 10-14 	2008.322491	1065.555268	942.767223
 15-19 	3944.252889	2057.412170	1886.840719
 20-24 	5742.130077	2752.712086	2989.417991
 25-29 	8888.819775	3800.538378	5088.281397
 30-34 	14814.318190	5833.315265	8981.002924
 35-39 	23296.676234	8930.071052	14366.605183
 40-44 	33092.101197	12327.445270	20764.655927
 45-49 	38420.006708	14174.117396	24245.889312
 50-54 	34406.954605	13043.992493	21362.962111
 55-59 	24201.130928	9552.103703	14649.027225
 60-64 	14391.839499	5773.596379	8618.243120
 65-69 	7178.110593	2870.542653	4307.567940
 70-74 	3367.800079	1302.422165	2065.377914
 75-79 	1434.081285	582.977706	851.103579
 80+ 	622.784184	265.095451	357.688733
Total	221027.872721	87041.740961	133986.131760
2028			
 0-4	2592.162256	1338.774042	1253.388214
 5-9	2612.410315	1365.686246	1246.724069
 10-14 	1962.313548	1039.916006	922.397542
 15-19 	3646.328507	1903.513101	1742.815406
 20-24 	5651.083658	2719.440731	2931.642926
 25-29 	8936.633038	3872.082010	5064.551028
 30-34 	14420.641147	5731.770600	8688.870547
 35-39 	22728.034534	8795.288888	13932.745646
 40-44 	32253.585752	12128.048658	20125.537094
 45-49 	38667.187298	14270.202078	24396.985220
 50-54 	36034.352188	13535.063567	22499.288621
 55-59 	26180.476394	10213.161195	15967.315198
 60-64 	16000.156310	6388.915292	9611.241017
 65-69 	8081.045365	3225.577486	4855.467879
 70-74 	3776.813584	1461.379502	2315.434082
 75-79 	1563.463271	620.748250	942.715021
 80+ 	682.767445	288.416658	394.350787
Total	225789.454609	88897.984311	136891.470298
2029			
 0-4	2495.729998	1288.972274	1206.757724
 5-9	2639.472860	1381.012959	1258.459901
 10-14 	1969.252705	1042.768053	926.484652
 15-19 	3248.734002	1696.088691	1552.645312
 20-24 	5749.681996	2778.413331	2971.268665
 25-29 	8876.857495	3870.443200	5006.414295
 30-34 	14026.874095	5637.967311	8388.906784
 35-39 	22200.214504	8669.421284	13530.793220
 40-44 	31347.100509	11909.605073	19437.495436
 45-49 	38601.677116	14281.596573	24320.080544
 50-54 	37436.865010	13951.347134	23485.517876
 55-59 	28165.162196	10861.504315	17303.657881
 60-64 	17644.883355	7004.949054	10639.934300
 65-69 	9110.310274	3621.946909	5488.363365
 70-74 	4219.277637	1637.396536	2581.881101
 75-79 	1721.737931	668.744754	1052.993176
 80+ 	744.197810	311.186928	433.010882
Total	230198.029494	90613.364380	139584.665115
2030			
 0-4	2408.877187	1244.123436	1164.753751
 5-9	2582.178854	1351.628221	1230.550633
 10-14 	2036.768342	1079.216482	957.551860
 15-19 	2835.316717	1479.175824	1356.140893
 20-24 	5773.853640	2797.032302	2976.821338
 25-29 	8820.391122	3866.839897	4953.551225
 30-34 	13724.610647	5577.527100	8147.083547
 35-39 	21708.914719	8553.616749	13155.297969
 40-44 	30444.592194	11692.164284	18752.427910
 45-49 	38246.815417	14213.797395	24033.018021
 50-54 	38572.439338	14288.749333	24283.690005
 55-59 	30287.492183	11560.105143	18727.387040
 60-64 	19175.793834	7550.811377	11624.982457
 65-69 	10243.523402	4050.725364	6192.798038
 70-74 	4700.026763	1829.910527	2870.116236
 75-79 	1914.788125	731.121536	1183.666589
 80+ 	807.281009	333.035231	474.245778
Total	234283.663494	92199.580202	142084.083292
2031			
 0-4	2330.888686	1203.856113	1127.032574
 5-9	2474.007799	1294.960112	1179.047687
 10-14 	2229.332765	1183.610607	1045.722159
 15-19 	2597.104355	1353.091341	1244.013014
 20-24 	5403.449937	2607.919988	2795.529949
 25-29 	8850.602404	3899.170845	4951.431558
 30-34 	13521.290269	5561.764067	7959.526202
 35-39 	21185.185965	8410.628708	12774.557257
 40-44 	29602.393984	11489.927659	18112.466325
 45-49 	37643.526316	14079.259718	23564.266598
 50-54 	39413.391313	14545.104284	24868.287030
 55-59 	32138.423165	12139.619629	19998.803536
 60-64 	20953.610345	8176.111097	12777.499249
 65-69 	11467.794621	4510.790753	6957.003869
 70-74 	5240.236397	2044.614317	3195.622080
 75-79 	2137.465213	807.268067	1330.197146
 80+ 	875.774036	355.238291	520.535745
Total	238064.477571	93662.935595	144401.541976
2032			
 0-4	2261.255825	1167.903406	1093.352419
 5-9	2373.350654	1242.227907	1131.122746
 10-14 	2362.062482	1256.082933	1105.979548
 15-19 	2426.074283	1263.648689	1162.425594
 20-24 	5047.039989	2422.374992	2624.664997
 25-29 	8805.273905	3886.608877	4918.665028
 30-34 	13455.618071	5599.713810	7855.904261
 35-39 	20627.313517	8250.128720	12377.184797
 40-44 	28841.731977	11305.775137	17535.956840
 45-49 	36860.178724	13899.840833	22960.337891
 50-54 	39940.280947	14717.377392	25222.903554
 55-59 	33853.116681	12663.076793	21190.039888
 60-64 	22775.624563	8795.363626	13980.260937
 65-69 	12787.132873	5006.524210	7780.608663
 70-74 	5858.749690	2286.108917	3572.640774
 75-79 	2389.446194	898.206263	1491.239931
 80+ 	951.477014	378.406742	573.070272
Total	241615.727389	95039.369249	146576.358140
2033			
 0-4	2199.992140	1136.267983	1063.724157
 5-9	2280.753042	1193.718375	1087.034667
 10-14 	2448.791002	1303.794960	1144.996041
 15-19 	2222.120478	1157.942905	1064.177574
 20-24 	4736.038897	2258.932847	2477.106050
 25-29 	8744.948721	3860.779237	4884.169484
 30-34 	13503.821544	5674.446648	7829.374896
 35-39 	20076.460274	8094.951421	11981.508853
 40-44 	28149.917187	11134.613373	17015.303814
 45-49 	35957.703693	13691.522680	22266.181013
 50-54 	40161.317679	14810.846115	25350.471563
 55-59 	35403.520674	13126.433831	22277.086843
 60-64 	24604.901045	9397.160388	15207.740657
 65-69 	14192.980802	5532.032497	8660.948305
 70-74 	6576.174137	2560.283953	4015.890184
 75-79 	2668.110951	1002.990887	1665.120064
 80+ 	1038.523210	404.451179	634.072031
Total	244966.075475	96341.169281	148624.906194
2034			
 0-4	2146.796105	1108.793450	1038.002655
 5-9	2196.545891	1149.604900	1046.940991
 10-14 	2474.708872	1319.014628	1155.694243
 15-19 	2091.507545	1091.501508	1000.006038
 20-24 	4328.326029	2044.574835	2283.751194
 25-29 	8865.493937	3919.893002	4945.600935
 30-34 	13488.050128	5694.834501	7793.215627
 35-39 	19572.272574	7965.006492	11607.266082
 40-44 	27524.595152	10980.469212	16544.125940
 45-49 	35010.342135	13473.708290	21536.633846
 50-54 	40095.436041	14831.790633	25263.645408
 55-59 	36753.057970	13525.317626	23227.740344
 60-64 	26450.050231	9992.494098	16457.556133
 65-69 	15634.013973	6059.354497	9574.659476
 70-74 	7398.580905	2868.329279	4530.251626
 75-79 	2969.981596	1119.169491	1850.812104
 80+ 	1141.988855	435.983161	706.005693
Total	248141.747940	97579.839604	150561.908336
2035			
 0-4	2101.059462	1085.166593	1015.892869
 5-9	2120.616946	1109.828280	1010.788666
 10-14 	2421.324383	1291.252112	1130.072270
 15-19 	2067.028821	1082.259032	984.769788
 20-24 	3894.233694	1816.260358	2077.973335
 25-29 	8920.637559	3942.562398	4978.075161
 30-34 	13500.232898	5721.450262	7778.782635
 35-39 	19206.694883	7886.654785	11320.040099
 40-44 	26950.156727	10840.132378	16110.024349
 45-49 	34086.739600	13264.460193	20822.279407
 50-54 	39763.303057	14784.130198	24979.172859
 55-59 	37861.404602	13856.067193	24005.337409
 60-64 	28425.109799	10634.239951	17790.869848
 65-69 	16974.103504	6525.771881	10448.331623
 70-74 	8308.937832	3203.771930	5105.165902
 75-79 	3299.372043	1246.636183	2052.735860
 80+ 	1264.163152	474.610226	789.552927
Total	251165.118961	98765.253954	152399.865007
2036			
 0-4	2061.933841	1064.952093	996.981748
 5-9	2052.536541	1074.161456	978.375084
 10-14 	2320.166591	1237.225664	1082.940927
 15-19 	2227.073430	1170.627194	1056.446236
 20-24 	3625.356482	1673.612856	1951.743626
 25-29 	8597.385360	3767.222552	4830.162808
 30-34 	13606.103728	5784.171542	7821.932186
 35-39 	18991.776177	7872.596985	11119.179192
 40-44 	26355.391445	10677.020093	15678.371353
 45-49 	33241.022948	13076.430044	20164.592904
 50-54 	39201.243787	14677.898204	24523.345584
 55-59 	38701.298104	14116.626343	24584.671762
 60-64 	30155.974764	11170.584600	18985.390164
 65-69 	18543.282405	7065.911001	11477.371404
 70-74 	9296.514383	3565.438390	5731.075993
 75-79 	3671.752463	1389.500878	2282.251585
 80+ 	1402.849222	520.034697	882.814525
Total	254051.661672	99904.014591	154147.647081
2037			
 0-4	2028.731911	1047.796116	980.935794
 5-9	1991.973444	1042.428626	949.544818
 10-14 	2226.024425	1186.947408	1039.077016
 15-19 	2343.341105	1234.737462	1108.603642
 20-24 	3410.363498	1561.422339	1848.941159
 25-29 	8294.194913	3598.681726	4695.513187
 30-34 	13652.019616	5807.815017	7844.204599
 35-39 	18959.393404	7929.138614	11030.254791
 40-44 	25739.529642	10501.049326	15238.480315
 45-49 	32492.156461	12911.047868	19581.108594
 50-54 	38472.585639	14532.512866	23940.072773
 55-59 	39251.821346	14303.350530	24948.470816
 60-64 	31768.425318	11658.950271	20109.475047
 65-69 	20158.623067	7604.617579	12554.005488
 70-74 	10364.183911	3956.475422	6407.708489
 75-79 	4100.811858	1551.128594	2549.683264
 80+ 	1558.246979	572.743080	985.503899
Total	256812.426536	101000.842845	155811.583691
2038			
 0-4	2000.899324	1033.411976	967.487348
 5-9	1938.698365	1014.505798	924.192567
 10-14 	2139.411317	1140.692377	998.718940
 15-19 	2422.950988	1278.467897	1144.483091
 20-24 	3160.356142	1432.700691	1727.655451
 25-29 	8035.816791	3452.615520	4583.201271
 30-34 	13697.810599	5823.562612	7874.247988
 35-39 	19073.400070	8034.816366	11038.583704
 40-44 	25149.234283	10337.012639	14812.221644
 45-49 	31823.843164	12761.474504	19062.368660
 50-54 	37634.585475	14362.218354	23272.367121
 55-59 	39517.771148	14419.940911	25097.830236
 60-64 	33236.545573	12095.726178	21140.819394
 65-69 	21789.148632	8132.655779	13656.492853
 70-74 	11505.708819	4372.347204	7133.361614
 75-79 	4600.977375	1735.557282	2865.420093
 80+ 	1730.855448	632.926065	1097.929383
Total	259458.013512	102060.632153	157397.381359
2039			
 0-4	1977.843676	1021.492653	956.351023
 5-9	1892.365791	990.211298	902.154493
 10-14 	2060.640764	1098.627653	962.013112
 15-19 	2448.041946	1292.735479	1155.306467
 20-24 	2998.000799	1350.363036	1647.637763
 25-29 	7667.676867	3250.869394	4416.807473
 30-34 	13920.608870	5919.922842	8000.686028
 35-39 	19158.975221	8102.333895	11056.641325
 40-44 	24632.001283	10207.764132	14424.237152
 45-49 	31225.770375	12627.962086	18597.808288
 50-54 	36757.198606	14184.309713	22572.888893
 55-59 	39515.131405	14471.391471	25043.739934
 60-64 	34526.228584	12476.979756	22049.248828
 65-69 	23440.168935	8658.097268	14782.071668
 70-74 	12677.911140	4790.091001	7887.820140
 75-79 	5176.337268	1943.604987	3232.732281
 80+ 	1921.534098	700.471830	1221.062268
Total	261996.435629	103087.228494	158909.207135
2040			
 0-4	1958.937599	1011.715467	947.222131
 5-9	1852.474700	969.284654	883.190046
 10-14 	1989.612824	1060.697882	928.914942
 15-19 	2397.128994	1265.847316	1131.281677
 20-24 	2959.645383	1333.654245	1625.991138
 25-29 	7250.889323	3025.757012	4225.132310
 30-34 	14088.277048	5984.204037	8104.073011
 35-39 	19290.116932	8182.309630	11107.807302
 40-44 	24282.429417	10141.560671	14140.868746
 45-49 	30675.298218	12504.516213	18170.782005
 50-54 	35906.462473	14015.408210	21891.054262
 55-59 	39262.564321	14460.720958	24801.843363
 60-64 	35600.087794	12799.581780	22800.506014
 65-69 	25202.819808	9222.181629	15980.638179
 70-74 	13765.916738	5158.146709	8607.770029
 75-79 	5815.199622	2171.059202	3644.140420
 80+ 	2134.326132	776.214659	1358.111473
Total	264432.187325	104082.860275	160349.327050
2041			
 0-4	1943.528349	1003.746233	939.782117
 5-9	1818.489851	951.450607	867.039245
 10-14 	1925.930753	1026.689808	899.240945
 15-19 	2300.003280	1213.700810	1086.302470
 20-24 	3115.983516	1418.507549	1697.475967
 25-29 	6980.712178	2878.301748	4102.410430
 30-34 	13888.969572	5857.052572	8031.917001
 35-39 	19520.368140	8298.971999	11221.396141
 40-44 	24116.674094	10152.417686	13964.256408
 45-49 	30101.206210	12355.971008	17745.235203
 50-54 	35135.104310	13867.257060	21267.847249
 55-59 	38792.392876	14396.111826	24396.281050
 60-64 	36432.249455	13061.683574	23370.565881
 65-69 	26757.316720	9697.986013	17059.330708
 70-74 	15051.376244	5589.504143	9461.872101
 75-79 	6510.059765	2417.084190	4092.975576
 80+ 	2377.035966	862.353063	1514.682903
Total	266767.401280	105048.789887	161718.611393
2042			
 0-4	1931.000825	997.271539	933.729287
 5-9	1789.852402	936.418559	853.433843
 10-14 	1869.285237	996.434900	872.850337
 15-19 	2209.664132	1165.183653	1044.480479
 20-24 	3232.494687	1481.138992	1751.355694
 25-29 	6749.428187	2754.986756	3994.441431
 30-34 	13709.817179	5736.928685	7972.888495
 35-39 	19706.399351	8383.064668	11323.334682
 40-44 	24161.886148	10244.858937	13917.027211
 45-49 	29503.938555	12192.712221	17311.226334
 50-54 	34461.368547	13740.706581	20720.661966
 55-59 	38162.931732	14294.806430	23868.125302
 60-64 	37001.697990	13259.469742	23742.228248
 65-69 	28212.499408	10134.276448	18078.222961
 70-74 	16380.250118	6022.715329	10357.534789
 75-79 	7263.331562	2683.892889	4579.438673
 80+ 	2657.115189	960.930610	1696.184579
Total	269002.961248	105985.796939	163017.164309
2043			
 0-4	1920.560956	991.887319	928.673637
 5-9	1765.916880	923.849478	842.067402
 10-14 	1819.463574	969.816839	849.646735
 15-19 	2126.612666	1120.564232	1006.048435
 20-24 	3313.521912	1524.068062	1789.453850
 25-29 	6477.232361	2613.115253	3864.117108
 30-34 	13566.875478	5635.941472	7930.934006
 35-39 	19909.208012	8465.977512	11443.230500
 40-44 	24372.459054	10393.890371	13978.568684
 45-49 	28934.858599	12041.337198	16893.521401
 50-54 	33867.213364	13628.025061	20239.188303
 55-59 	37427.952757	14169.644680	23258.308076
 60-64 	37310.774103	13395.409198	23915.364906
 65-69 	29545.704861	10528.059031	19017.645830
 70-74 	17728.558019	6450.957035	11277.600984
 75-79 	8071.659509	2968.629598	5103.029911
 80+ 	2982.104101	1074.078766	1908.025335
Total	271140.676207	106895.251104	164245.425103
2044			
 0-4	1911.536642	987.251336	924.285306
 5-9	1746.091293	913.433618	832.657675
 10-14 	1776.143049	946.662587	829.480462
 15-19 	2051.160867	1080.007381	971.153486
 20-24 	3342.287353	1538.821604	1803.465749
 25-29 	6301.271517	2521.773816	3779.497700
 30-34 	13292.607356	5470.595861	7822.011494
 35-39 	20291.343573	8628.589799	11662.753775
 40-44 	24577.815855	10515.983353	14061.832502
 45-49 	28449.252577	11927.865090	16521.387487
 50-54 	33336.735860	13526.654171	19810.081689
 55-59 	36653.130636	14036.159720	22616.970916
 60-64 	37372.606394	13473.328873	23899.277521
 65-69 	30726.457162	10875.883433	19850.573730
 70-74 	19097.563146	6878.993765	12218.569381
 75-79 	8903.229812	3254.828615	5648.401197
 80+ 	3353.592927	1201.981005	2151.611923
Total	273182.826020	107778.814026	165404.011994
2045			
 0-4	1903.481299	983.132674	920.348624
 5-9	1729.862349	904.906128	824.956221
 10-14 	1738.857706	926.724936	812.132770
 15-19 	1983.217043	1043.459952	939.757091
 20-24 	3298.388491	1514.367091	1784.021399
 25-29 	6261.982292	2501.652238	3760.330054
 30-34 	12940.578285	5269.480161	7671.098124
 35-39 	20631.836873	8764.917396	11866.919477
 40-44 	24839.940031	10654.841699	14185.098332
 45-49 	28145.033511	11882.792094	16262.241417
 50-54 	32843.151843	13429.010082	19414.141761
 55-59 	35901.421725	13909.663371	21991.758354
 60-64 	37203.599369	13495.456901	23708.142468
 65-69 	31721.503690	11175.076446	20546.427244
 70-74 	20550.544448	7334.659265	13215.885183
 75-79 	9672.375381	3505.293489	6167.081892
 80+ 	3766.185979	1342.661756	2423.524223
Total	275131.960313	108638.095679	166493.864634
2046			
 0-4	1896.365864	979.512027	916.853837
 5-9	1716.783152	898.038634	818.744517
 10-14 	1707.111904	909.743388	797.368515
 15-19 	1922.412499	1010.721116	911.691384
 20-24 	3210.714048	1465.992423	1744.721625
 25-29 	6426.768514	2586.640977	3840.127537
 30-34 	12705.433430	5132.594284	7572.839146
 35-39 	20620.458030	8717.940370	11902.517660
 40-44 	25205.533658	10831.466935	14374.066723
 45-49 	28043.370706	11921.838920	16121.531786
 50-54 	32318.467722	13302.737763	19015.729959
 55-59 	35223.788338	13801.174667	21422.613671
 60-64 	36832.053627	13468.421701	23363.631926
 65-69 	32507.537404	11424.096651	21083.440753
 70-74 	21842.775007	7723.474725	14119.300282
 75-79 	10593.507213	3804.291840	6789.215373
 80+ 	4219.350077	1496.731858	2722.618219
Total	276992.431193	109475.418280	167517.012913
2047			
 0-4	1890.108543	976.338778	913.769765
 5-9	1706.294729	892.544619	813.750111
 10-14 	1680.383957	895.440452	784.943506
 15-19 	1868.451504	981.629742	886.821762
 20-24 	3130.323569	1421.304305	1709.019264
 25-29 	6556.683228	2651.821284	3904.861944
 30-34 	12490.769776	5012.097905	7478.671871
 35-39 	20624.709038	8675.581175	11949.127863
 40-44 	25543.798591	10983.219296	14560.579295
 45-49 	28169.211694	12048.877999	16120.333695
 50-54 	31766.310091	13159.538195	18606.771896
 55-59 	34638.193133	13711.477890	20926.715243
 60-64 	36310.788968	13407.383254	22903.405713
 65-69 	33065.021166	11619.425229	21445.595937
 70-74 	23058.517276	8082.541288	14975.975988
 75-79 	11550.433889	4107.004445	7443.429444
 80+ 	4718.556289	1666.438043	3052.118246
Total	278768.555441	110292.663899	168475.891542
2048			
 0-4	1884.193218	973.340383	910.852835
 5-9	1697.674494	888.047996	809.626499
 10-14 	1658.067577	883.492009	774.575568
 15-19 	1821.126070	956.074510	865.051561
 20-24 	3057.780540	1380.601111	1677.179429
 25-29 	6653.281928	2698.414822	3954.867106
 30-34 	12228.374891	4870.685977	7357.688914
 35-39 	20649.343725	8644.967719	12004.376005
 40-44 	25917.277364	11141.981066	14775.296297
 45-49 	28472.041705	12237.409366	16234.632339
 50-54 	31242.322559	13027.603753	18214.718805
 55-59 	34126.866904	13632.964516	20493.902388
 60-64 	35689.601722	13323.882755	22365.718968
 65-69 	33394.833124	11762.702143	21632.130980
 70-74 	24179.667519	8409.698956	15769.968563
 75-79 	12526.943469	4408.987788	8117.955681
 80+ 	5266.056302	1851.159340	3414.896961
Total	280465.453111	111092.014211	169373.438899
2049			
 0-4	1878.347435	970.371614	907.975820
 5-9	1690.307636	884.226492	806.081144
 10-14 	1639.606884	873.601224	766.005659
 15-19 	1780.124925	933.889761	846.235164
 20-24 	2993.471459	1344.082825	1649.388633
 25-29 	6700.855371	2718.469535	3982.385836
 30-34 	12066.340856	4781.795881	7284.544975
 35-39 	20517.817068	8539.296658	11978.520410
 40-44 	26474.927730	11381.493646	15093.434084
 45-49 	28786.908099	12408.222862	16378.685237
 50-54 	30807.310524	12934.955694	17872.354831
 55-59 	33671.147939	13561.585277	20109.562662
 60-64 	35028.943098	13231.686978	21797.256120
 65-69 	33507.320444	11856.758868	21650.561576
 70-74 	25180.898138	8702.078448	16478.819690
 75-79 	13520.691164	4711.840471	8808.850693
 80+ 	5843.658621	2041.476442	3802.182178
Total	282088.677388	111875.832677	170212.844712
2050			
 0-4	1875.826929	969.099667	906.727262
 5-9	1683.788574	880.868414	802.920160
 10-14 	1624.493824	865.502903	758.990921
 15-19 	1744.956600	914.817772	830.138827
 20-24 	2937.252699	1311.685034	1625.567665
 25-29 	6679.601281	2701.331142	3978.270139
 30-34 	12048.497395	4767.325584	7281.171811
 35-39 	20276.194952	8383.802915	11892.392037
 40-44 	27001.891112	11599.799229	15402.091882
 45-49 	29166.587295	12599.557725	16567.029570
 50-54 	30558.032693	12912.329689	17645.703004
 55-59 	33240.209057	13488.268943	19751.940115
 60-64 	34383.829177	13143.354733	21240.474444
 65-69 	33411.361783	11901.623593	21509.738190
 70-74 	26028.381373	8955.511987	17072.869386
 75-79 	14560.308763	5028.221848	9532.086915
 80+ 	6394.523265	2214.216676	4180.306590
Total	283615.736770	112637.317852	170978.418919
