Year Total	Male	Female
1970			
 0-4	7064728.000000	3596653.000000	3468075.000000
 5-9	6390534.000000	3248071.000000	3142463.000000
 10-14 	5548043.000000	2815068.000000	2732975.000000
 15-19 	4270720.000000	2162292.000000	2108428.000000
 20-24 	2796913.000000	1383931.000000	1412982.000000
 25-29 	2310396.000000	1138560.000000	1171836.000000
 30-34 	2261558.000000	1109729.000000	1151829.000000
 35-39 	2391378.000000	1170589.000000	1220789.000000
 40-44 	2032514.000000	987232.000000	1045282.000000
 45-49 	1852676.000000	890813.000000	961863.000000
 50-54 	1557168.000000	751513.000000	805655.000000
 55-59 	1430097.000000	682601.000000	747496.000000
 60-64 	1162477.000000	543432.000000	619045.000000
 65-69 	1008875.000000	447747.000000	561128.000000
 70-74 	652802.000000	261680.000000	391122.000000
 75-79 	388426.000000	133367.000000	255059.000000
 80+ 	287986.000000	72998.000000	214988.000000
Total	43407292.000000	21396276.000000	22011016.000000
1971			
 0-4	7137772.000000	3633238.500000	3504533.500000
 5-9	6498632.000000	3301433.500000	3197198.750000
 10-14 	5724280.000000	2902041.000000	2822239.000000
 15-19 	4546908.500000	2302846.250000	2244062.250000
 20-24 	3022115.500000	1501432.750000	1520682.750000
 25-29 	2347514.000000	1154610.625000	1192903.375000
 30-34 	2234124.500000	1094355.375000	1139769.000000
 35-39 	2384862.500000	1164850.375000	1220012.000000
 40-44 	2085668.250000	1011636.375000	1074031.875000
 45-49 	1875202.750000	898320.000000	976882.750000
 50-54 	1586536.625000	762336.687500	824199.875000
 55-59 	1437309.625000	684214.437500	753095.187500
 60-64 	1177885.375000	547696.625000	630188.750000
 65-69 	1005722.187500	444129.375000	561592.812500
 70-74 	674521.187500	270737.437500	403783.781250
 75-79 	393200.000000	134841.765625	258358.234375
 80+ 	291407.562500	73680.070313	217727.484375
Total	44423664.000000	21882400.000000	22541262.000000
1972			
 0-4	7214849.500000	3671749.250000	3543100.500000
 5-9	6600252.000000	3351647.000000	3248605.500000
 10-14 	5876214.500000	2976717.750000	2899496.500000
 15-19 	4801710.500000	2430109.750000	2371600.750000
 20-24 	3299146.750000	1647103.250000	1652043.625000
 25-29 	2394911.750000	1175166.000000	1219745.750000
 30-34 	2221914.750000	1086754.625000	1135160.125000
 35-39 	2347921.000000	1143934.750000	1203986.250000
 40-44 	2156642.000000	1044351.125000	1112290.875000
 45-49 	1884242.375000	899975.062500	984267.250000
 50-54 	1628459.750000	777944.687500	850515.000000
 55-59 	1433092.000000	680614.312500	752477.750000
 60-64 	1204008.000000	556397.750000	647610.187500
 65-69 	990230.375000	434798.031250	555432.375000
 70-74 	699117.250000	280808.812500	418308.437500
 75-79 	395658.250000	135540.343750	260117.875000
 80+ 	293710.687500	74147.789063	219562.890625
Total	45442080.000000	22367760.000000	23074322.000000
1973			
 0-4	7293067.500000	3710605.500000	3582462.250000
 5-9	6699671.000000	3401461.500000	3298209.250000
 10-14 	6010130.000000	3042652.250000	2967477.750000
 15-19 	5035367.500000	2545296.750000	2490070.750000
 20-24 	3608621.000000	1809902.000000	1798719.000000
 25-29 	2466978.750000	1208689.250000	1258289.375000
 30-34 	2224949.250000	1086949.500000	1137999.750000
 35-39 	2293931.500000	1114998.125000	1178933.250000
 40-44 	2231936.000000	1079093.125000	1152842.750000
 45-49 	1890790.125000	901459.687500	989330.437500
 50-54 	1677378.750000	796484.812500	880893.937500
 55-59 	1427317.500000	676717.250000	750600.375000
 60-64 	1236593.000000	568489.687500	668103.375000
 65-69 	974414.937500	425814.312500	548600.625000
 70-74 	724902.500000	291283.187500	433619.281250
 75-79 	401084.843750	137647.375000	263437.468750
 80+ 	297959.531250	75308.507813	222651.015625
Total	46495092.000000	22872852.000000	23622240.000000
1974			
 0-4	7371854.500000	3749741.750000	3622112.500000
 5-9	6793850.000000	3449298.250000	3344552.000000
 10-14 	6134356.500000	3104171.500000	3030184.750000
 15-19 	5250858.000000	2651363.250000	2599495.000000
 20-24 	3920214.750000	1972621.750000	1947593.000000
 25-29 	2584431.500000	1267139.750000	1317291.875000
 30-34 	2240230.500000	1093228.375000	1147002.125000
 35-39 	2242807.500000	1088157.625000	1154649.750000
 40-44 	2289609.750000	1105504.125000	1184105.750000
 45-49 	1910418.500000	910147.437500	1000271.125000
 50-54 	1723260.250000	814150.187500	909110.062500
 55-59 	1432469.500000	678113.625000	754355.937500
 60-64 	1267214.750000	580885.812500	686328.875000
 65-69 	971147.562500	423240.312500	547907.250000
 70-74 	747953.437500	300883.625000	447069.812500
 75-79 	414088.937500	143192.781250	270896.156250
 80+ 	306307.750000	78020.515625	228287.234375
Total	47601072.000000	23409860.000000	24191214.000000
1975			
 0-4	7448904.000000	3789374.500000	3659529.500000
 5-9	6868235.500000	3486114.000000	3382121.250000
 10-14 	6251228.000000	3162487.250000	3088740.750000
 15-19 	5437569.000000	2743825.500000	2693743.500000
 20-24 	4191676.500000	2112725.000000	2078951.625000
 25-29 	2735711.750000	1345062.625000	1390649.250000
 30-34 	2249641.500000	1095985.625000	1153655.750000
 35-39 	2194880.250000	1063024.625000	1131855.750000
 40-44 	2308568.250000	1113012.125000	1195556.000000
 45-49 	1945545.875000	926465.750000	1019080.125000
 50-54 	1756656.750000	826738.250000	929918.500000
 55-59 	1452261.875000	685897.937500	766363.937500
 60-64 	1289211.250000	590549.250000	698662.062500
 65-69 	984357.812500	428546.000000	555811.875000
 70-74 	765455.500000	308495.562500	456959.937500
 75-79 	435348.312500	152332.562500	283015.718750
 80+ 	319178.187500	82381.562500	236796.625000
Total	48634432.000000	23913018.000000	24721412.000000
1976			
 0-4	7503555.500000	3817037.500000	3686518.250000
 5-9	6946444.000000	3525783.750000	3420660.000000
 10-14 	6364012.000000	3219332.500000	3144679.750000
 15-19 	5602993.000000	2826231.500000	2776761.750000
 20-24 	4439331.500000	2238832.000000	2200499.500000
 25-29 	2929879.000000	1446761.375000	1483117.500000
 30-34 	2264565.000000	1101217.375000	1163347.625000
 35-39 	2155301.750000	1042313.062500	1112988.625000
 40-44 	2296632.250000	1105611.375000	1191020.875000
 45-49 	1995960.000000	950355.750000	1045604.187500
 50-54 	1780239.625000	835643.250000	944596.437500
 55-59 	1484999.125000	699158.375000	785840.750000
 60-64 	1304434.125000	598034.500000	706399.562500
 65-69 	1010561.750000	440084.656250	570477.062500
 70-74 	778596.750000	314655.625000	463941.125000
 75-79 	463509.718750	164460.906250	299048.812500
 80+ 	336098.312500	88207.601563	247890.718750
Total	49657112.000000	24413720.000000	25243392.000000
1977			
 0-4	7544088.000000	3837845.000000	3706243.000000
 5-9	7027130.500000	3566522.000000	3460608.250000
 10-14 	6473673.500000	3275169.500000	3198504.000000
 15-19 	5748522.000000	2899114.000000	2849407.750000
 20-24 	4666651.000000	2352665.000000	2313985.750000
 25-29 	3172136.500000	1574739.250000	1597397.250000
 30-34 	2286225.250000	1109370.625000	1176854.500000
 35-39 	2128029.500000	1028000.000000	1100029.625000
 40-44 	2254104.000000	1083363.000000	1170741.000000
 45-49 	2063698.500000	982541.750000	1081156.750000
 50-54 	1791729.000000	839829.125000	951899.812500
 55-59 	1530511.750000	717481.000000	813030.812500
 60-64 	1310862.500000	601981.750000	708880.750000
 65-69 	1047913.062500	456666.187500	591246.875000
 70-74 	784835.500000	318083.687500	466751.843750
 75-79 	497218.031250	178849.187500	318368.843750
 80+ 	355245.312500	94800.007813	260445.312500
Total	50682572.000000	24917022.000000	25765552.000000
1978			
 0-4	7583083.000000	3858292.500000	3724790.500000
 5-9	7106769.500000	3606347.000000	3500422.250000
 10-14 	6580772.000000	3330237.750000	3250534.000000
 15-19 	5880766.000000	2965621.000000	2915144.750000
 20-24 	4878769.000000	2457446.250000	2421323.000000
 25-29 	3448751.500000	1720639.250000	1728112.250000
 30-34 	2332157.000000	1130134.750000	1202022.125000
 35-39 	2114556.000000	1020585.250000	1093970.875000
 40-44 	2193584.750000	1052493.750000	1141091.000000
 45-49 	2134826.000000	1016165.312500	1118660.625000
 50-54 	1799812.000000	843241.437500	956570.625000
 55-59 	1581565.875000	737792.375000	843773.500000
 60-64 	1314245.500000	604474.875000	709770.687500
 65-69 	1089048.750000	474974.187500	614074.625000
 70-74 	788384.250000	320327.812500	468056.437500
 75-79 	531108.625000	193159.312500	337949.343750
 80+ 	376474.812500	102167.007813	274307.812500
Total	51734676.000000	25434100.000000	26300574.000000
1979			
 0-4	7633883.500000	3885163.250000	3748720.250000
 5-9	7185013.000000	3645351.500000	3539661.750000
 10-14 	6679334.000000	3381218.250000	3298115.500000
 15-19 	6006736.000000	3029120.500000	2977615.500000
 20-24 	5080943.500000	2556939.000000	2524004.750000
 25-29 	3733180.250000	1869067.625000	1864112.625000
 30-34 	2425026.500000	1176187.750000	1248838.625000
 35-39 	2112871.000000	1018760.250000	1094110.875000
 40-44 	2134319.500000	1022522.000000	1111797.375000
 45-49 	2187375.750000	1040720.875000	1146654.875000
 50-54 	1818506.000000	852161.375000	966344.625000
 55-59 	1627566.250000	755898.500000	871667.750000
 60-64 	1324724.875000	609672.125000	715052.750000
 65-69 	1124734.250000	491194.218750	633540.000000
 70-74 	797428.125000	324724.718750	472703.468750
 75-79 	559532.562500	205124.078125	354408.500000
 80+ 	400991.875000	110812.203125	290179.656250
Total	52832168.000000	25974638.000000	26857528.000000
1980			
 0-4	7709455.000000	3924974.000000	3784481.000000
 5-9	7269174.500000	3688854.000000	3580320.250000
 10-14 	6759699.000000	3421648.000000	3338051.000000
 15-19 	6133406.500000	3093004.500000	3040402.250000
 20-24 	5279835.000000	2655427.250000	2624408.000000
 25-29 	4011805.500000	2012159.625000	1999645.750000
 30-34 	2580691.750000	1256241.625000	1324450.250000
 35-39 	2126036.750000	1024035.312500	1102001.500000
 40-44 	2090881.250000	1000649.500000	1090231.750000
 45-49 	2209805.250000	1050817.375000	1158987.875000
 50-54 	1856228.875000	870289.625000	985939.187500
 55-59 	1663199.500000	769916.937500	893282.500000
 60-64 	1348326.125000	620038.625000	728287.500000
 65-69 	1150362.250000	503423.656250	646938.500000
 70-74 	816322.250000	333057.531250	483264.718750
 75-79 	580034.437500	213826.203125	366208.218750
 80+ 	429170.593750	120870.179688	308300.406250
Total	54014436.000000	26559234.000000	27455200.000000
1981			
 0-4	7814166.000000	3979782.500000	3834383.500000
 5-9	7334177.500000	3722170.000000	3612007.750000
 10-14 	6842316.000000	3463825.750000	3378490.500000
 15-19 	6255777.000000	3154976.750000	3100800.500000
 20-24 	5465189.500000	2747582.250000	2717607.000000
 25-29 	4279682.000000	2147641.250000	2132041.000000
 30-34 	2790261.000000	1365284.125000	1424976.875000
 35-39 	2152548.000000	1035622.062500	1116926.000000
 40-44 	2060006.625000	985179.500000	1074827.125000
 45-49 	2204307.500000	1047446.375000	1156861.250000
 50-54 	1909521.875000	895858.312500	1013663.500000
 55-59 	1689077.375000	780147.750000	908929.562500
 60-64 	1382723.000000	634440.687500	748282.250000
 65-69 	1167553.375000	512199.312500	655354.062500
 70-74 	842878.812500	344480.093750	498398.687500
 75-79 	593965.562500	219865.968750	374099.593750
 80+ 	460238.500000	131968.687500	328269.812500
Total	55244392.000000	27168472.000000	28075920.000000
1982			
 0-4	7943340.000000	4047055.000000	3896285.250000
 5-9	7387076.500000	3749769.500000	3637307.000000
 10-14 	6926998.000000	3506750.500000	3420247.500000
 15-19 	6373171.000000	3214822.500000	3158348.250000
 20-24 	5632373.000000	2831225.000000	2801148.000000
 25-29 	4533024.000000	2273742.750000	2259281.250000
 30-34 	3053057.500000	1502902.875000	1550154.500000
 35-39 	2189954.000000	1052115.750000	1137838.375000
 40-44 	2043528.500000	977054.375000	1066474.125000
 45-49 	2170159.750000	1030263.937500	1139895.875000
 50-54 	1980148.250000	929559.125000	1050589.000000
 55-59 	1703295.125000	785854.812500	917440.250000
 60-64 	1428574.750000	653070.875000	775503.812500
 65-69 	1175930.375000	517302.562500	658627.812500
 70-74 	877335.250000	359085.687500	518249.562500
 75-79 	601309.937500	223344.093750	377965.812500
 80+ 	494248.250000	144068.156250	350180.093750
Total	56513524.000000	27797988.000000	28715536.000000
1983			
 0-4	8090025.500000	4123189.000000	3966836.500000
 5-9	7438285.000000	3776973.750000	3661311.250000
 10-14 	7010735.500000	3548816.750000	3461918.750000
 15-19 	6485452.000000	3272472.250000	3212979.500000
 20-24 	5782684.000000	2906956.000000	2875728.250000
 25-29 	4769103.000000	2389966.750000	2379136.000000
 30-34 	3348683.000000	1657555.125000	1691128.000000
 35-39 	2250911.000000	1080690.750000	1170220.000000
 40-44 	2040260.500000	975397.750000	1064862.750000
 45-49 	2118143.000000	1004533.937500	1113609.000000
 50-54 	2053911.625000	964510.375000	1089401.250000
 55-59 	1714131.000000	790766.500000	923364.625000
 60-64 	1479423.500000	673358.500000	806064.937500
 65-69 	1181550.000000	521097.375000	660452.625000
 70-74 	914628.875000	374891.656250	539737.250000
 75-79 	606625.062500	226022.875000	380602.187500
 80+ 	529083.500000	156359.218750	372724.281250
Total	57813636.000000	28443558.000000	29370078.000000
1984			
 0-4	8248544.000000	4205305.500000	4043238.250000
 5-9	7499397.000000	3809596.000000	3689801.250000
 10-14 	7093008.000000	3590035.750000	3502972.250000
 15-19 	6587287.500000	3324894.000000	3262393.500000
 20-24 	5921456.500000	2977126.750000	2944329.500000
 25-29 	4989444.500000	2498351.000000	2491093.250000
 30-34 	3647390.500000	1812434.500000	1834955.875000
 35-39 	2355258.500000	1132557.000000	1222701.500000
 40-44 	2046896.125000	978222.750000	1068673.500000
 45-49 	2066196.750000	978978.250000	1087218.500000
 50-54 	2108942.000000	990327.187500	1118614.750000
 55-59 	1734843.750000	800682.875000	934161.000000
 60-64 	1525189.000000	691388.000000	833801.062500
 65-69 	1193604.125000	527182.375000	666421.625000
 70-74 	947093.625000	388924.031250	558169.562500
 75-79 	616324.125000	230292.843750	386031.250000
 80+ 	561918.812500	167817.937500	394100.875000
Total	59142796.000000	29104116.000000	30038678.000000
1985			
 0-4	8410153.000000	4288922.500000	4121230.250000
 5-9	7581037.000000	3852892.250000	3728144.250000
 10-14 	7179224.500000	3634702.500000	3544522.000000
 15-19 	6667445.000000	3364844.000000	3302601.250000
 20-24 	6051853.500000	3043125.500000	3008728.000000
 25-29 	5193852.000000	2599572.000000	2594280.250000
 30-34 	3928701.500000	1956143.500000	1972558.000000
 35-39 	2512919.000000	1213296.750000	1299622.250000
 40-44 	2062325.000000	984877.500000	1077447.500000
 45-49 	2025828.125000	959142.125000	1066686.000000
 50-54 	2132199.000000	1000883.125000	1131315.750000
 55-59 	1772277.625000	818446.375000	953831.312500
 60-64 	1560104.250000	705049.812500	855054.437500
 65-69 	1217019.500000	537429.750000	679589.687500
 70-74 	970652.625000	399588.250000	571064.312500
 75-79 	633595.625000	237328.234375	396267.406250
 80+ 	591531.562500	178021.546875	413510.000000
Total	60490720.000000	29774266.000000	30716452.000000
1986			
 0-4	8565818.000000	4369346.000000	4196472.000000
 5-9	7689968.500000	3910166.000000	3779802.500000
 10-14 	7246343.000000	3669246.500000	3577096.500000
 15-19 	6749387.000000	3406193.250000	3343193.750000
 20-24 	6174770.000000	3105421.000000	3069349.000000
 25-29 	5380512.000000	2692640.250000	2687871.500000
 30-34 	4195428.500000	2090474.625000	2104953.750000
 35-39 	2721007.500000	1321095.250000	1399912.250000
 40-44 	2089226.750000	996782.875000	1092443.750000
 45-49 	1996615.000000	944851.750000	1051763.250000
 50-54 	2127641.500000	998105.500000	1129535.875000
 55-59 	1824302.750000	843013.812500	981288.937500
 60-64 	1585561.875000	715059.937500	870501.875000
 65-69 	1250151.125000	551095.812500	699055.312500
 70-74 	987100.312500	407524.375000	579575.937500
 75-79 	656902.187500	246608.140625	410294.062500
 80+ 	618972.000000	187372.125000	431599.843750
Total	61859708.000000	30454998.000000	31404710.000000
1987			
 0-4	8707474.000000	4442316.000000	4265158.000000
 5-9	7822574.000000	3979468.000000	3843106.000000
 10-14 	7301442.000000	3698139.750000	3603302.500000
 15-19 	6833464.000000	3448373.000000	3385090.750000
 20-24 	6291045.000000	3164468.500000	3126576.250000
 25-29 	5547247.000000	2776416.250000	2770830.500000
 30-34 	4446110.500000	2214787.500000	2231323.000000
 35-39 	2980455.750000	1456360.250000	1524095.500000
 40-44 	2126095.000000	1013065.500000	1113029.375000
 45-49 	1980926.000000	937351.625000	1043574.375000
 50-54 	2094936.500000	981877.875000	1113058.625000
 55-59 	1892729.750000	875112.500000	1017617.187500
 60-64 	1599874.875000	720820.250000	879054.625000
 65-69 	1293561.125000	568336.750000	725224.437500
 70-74 	996168.750000	412590.375000	583578.375000
 75-79 	686353.187500	258169.953125	428183.218750
 80+ 	644426.375000	195971.500000	448454.843750
Total	63244884.000000	31143626.000000	32101258.000000
1988			
 0-4	8831886.000000	4506417.500000	4325468.500000
 5-9	7972534.500000	4057525.000000	3915009.500000
 10-14 	7355191.500000	3726822.500000	3628369.000000
 15-19 	6917143.500000	3490161.500000	3426982.000000
 20-24 	6399920.500000	3219904.750000	3180015.750000
 25-29 	5695913.500000	2851619.000000	2844294.500000
 30-34 	4679766.000000	2329307.000000	2350459.250000
 35-39 	3272877.750000	1608584.875000	1664293.000000
 40-44 	2186457.250000	1041294.562500	1145162.750000
 45-49 	1978247.500000	936140.312500	1042107.187500
 50-54 	2044996.000000	957483.875000	1087512.250000
 55-59 	1964111.500000	908322.562500	1055789.000000
 60-64 	1611038.875000	725883.750000	885155.187500
 65-69 	1341384.500000	586924.750000	754459.750000
 70-74 	1003067.437500	416695.843750	586371.625000
 75-79 	717903.687500	270558.625000	447345.062500
 80+ 	669756.750000	204478.531250	465278.218750
Total	64642196.000000	31838124.000000	32804072.000000
1989			
 0-4	8938156.000000	4561711.500000	4376444.000000
 5-9	8133844.000000	4141239.250000	3992604.750000
 10-14 	7419390.000000	3761204.000000	3658186.000000
 15-19 	7000347.000000	3531838.500000	3468508.750000
 20-24 	6494277.000000	3267917.500000	3226359.750000
 25-29 	5829893.500000	2919573.750000	2910320.000000
 30-34 	4897743.000000	2435833.500000	2461909.250000
 35-39 	3569592.000000	1761519.625000	1808072.375000
 40-44 	2290445.750000	1092717.500000	1197728.250000
 45-49 	1985678.000000	939449.250000	1046228.750000
 50-54 	1995478.625000	933400.625000	1062078.000000
 55-59 	2017590.125000	932873.812500	1084716.375000
 60-64 	1631715.500000	735671.625000	896043.875000
 65-69 	1384505.500000	603482.937500	781022.562500
 70-74 	1015677.437500	422725.562500	592951.875000
 75-79 	745518.500000	281626.843750	463891.625000
 80+ 	697527.062500	213775.296875	483751.781250
Total	66047380.000000	32536562.000000	33510818.000000
1990			
 0-4	9021529.000000	4606082.000000	4415447.500000
 5-9	8297362.500000	4225884.500000	4071478.000000
 10-14 	7504575.000000	3806484.500000	3698090.250000
 15-19 	7088802.500000	3577787.500000	3511014.750000
 20-24 	6562739.500000	3301341.500000	3261398.000000
 25-29 	5950616.000000	2980688.000000	2969928.000000
 30-34 	5099700.500000	2534912.750000	2564787.500000
 35-39 	3851040.000000	1904236.750000	1946803.375000
 40-44 	2448719.500000	1173226.000000	1275493.500000
 45-49 	2002718.500000	946924.187500	1055794.250000
 50-54 	1957860.750000	915089.937500	1042770.750000
 55-59 	2040952.250000	943117.250000	1097835.000000
 60-64 	1668530.500000	752865.187500	915665.312500
 65-69 	1417830.000000	616258.562500	801571.500000
 70-74 	1038232.000000	432173.937500	606058.000000
 75-79 	766043.062500	290244.125000	475798.937500
 80+ 	728893.750000	224265.093750	504628.656250
Total	67446144.000000	33231582.000000	34214564.000000
1991			
 0-4	9073800.000000	4635389.500000	4438411.000000
 5-9	8454056.000000	4306770.500000	4147285.250000
 10-14 	7617438.000000	3865965.000000	3751473.000000
 15-19 	7159771.500000	3614611.500000	3545160.250000
 20-24 	6631289.000000	3335416.000000	3295872.750000
 25-29 	6058945.000000	3035445.250000	3023499.750000
 30-34 	5282827.000000	2625236.500000	2657590.500000
 35-39 	4119182.000000	2038050.250000	2081131.750000
 40-44 	2658039.250000	1280863.125000	1377176.125000
 45-49 	2031736.125000	959823.437500	1071912.750000
 50-54 	1931555.750000	902322.562500	1029233.187500
 55-59 	2037929.625000	940866.000000	1097063.625000
 60-64 	1719333.000000	776403.250000	942929.687500
 65-69 	1442643.500000	625896.000000	816747.437500
 70-74 	1069243.000000	444399.375000	624843.687500
 75-79 	780977.500000	296905.562500	484071.937500
 80+ 	763109.750000	235730.968750	527378.812500
Total	68831880.000000	33920096.000000	34911780.000000
1992			
 0-4	9082496.000000	4643049.500000	4439446.000000
 5-9	8596044.000000	4379771.500000	4216272.500000
 10-14 	7754020.500000	3937545.000000	3816475.250000
 15-19 	7219991.500000	3646498.500000	3573492.750000
 20-24 	6704255.000000	3371662.750000	3332592.500000
 25-29 	6157142.000000	3085014.500000	3072127.750000
 30-34 	5444331.000000	2705606.250000	2738724.500000
 35-39 	4371612.500000	2161910.000000	2209702.500000
 40-44 	2918956.750000	1415867.000000	1503089.750000
 45-49 	2071139.125000	977239.750000	1093899.375000
 50-54 	1918687.375000	896229.750000	1022457.625000
 55-59 	2008204.750000	926046.937500	1082157.875000
 60-64 	1785698.125000	806851.437500	978846.625000
 65-69 	1457438.625000	631888.500000	825550.062500
 70-74 	1109141.375000	459498.562500	649642.812500
 75-79 	790192.875000	301534.906250	488657.968750
 80+ 	800199.750000	248182.875000	552016.875000
Total	70189552.000000	34594400.000000	35595152.000000
1993			
 0-4	9018205.000000	4613531.500000	4404673.000000
 5-9	8720839.000000	4443872.500000	4276966.500000
 10-14 	7907783.000000	4017842.500000	3889940.750000
 15-19 	7279642.000000	3678571.000000	3601070.750000
 20-24 	6782621.500000	3410538.750000	3372082.750000
 25-29 	6249051.000000	3131417.750000	3117633.000000
 30-34 	5586905.500000	2777397.000000	2809508.250000
 35-39 	4606416.500000	2275759.250000	2330657.250000
 40-44 	3212462.000000	1567534.625000	1644927.500000
 45-49 	2133743.000000	1006335.625000	1127407.375000
 50-54 	1918420.750000	896171.375000	1022249.437500
 55-59 	1962045.750000	903592.750000	1058453.125000
 60-64 	1854705.000000	838151.125000	1016553.875000
 65-69 	1469517.500000	637351.000000	832166.437500
 70-74 	1152812.125000	475646.375000	677165.750000
 75-79 	797942.437500	305557.625000	492384.812500
 80+ 	838450.250000	261018.656250	577431.625000
Total	71491560.000000	35240288.000000	36251272.000000
1994			
 0-4	8852526.000000	4531845.500000	4320681.000000
 5-9	8828436.000000	4499583.000000	4328853.000000
 10-14 	8072729.000000	4103737.500000	3968991.250000
 15-19 	7350049.500000	3716492.750000	3633556.750000
 20-24 	6867073.000000	3452528.750000	3414544.000000
 25-29 	6332623.000000	3173485.250000	3159138.000000
 30-34 	5715828.000000	2842966.000000	2872861.750000
 35-39 	4824584.000000	2381437.000000	2443147.000000
 40-44 	3509417.750000	1719539.500000	1789878.250000
 45-49 	2238789.250000	1057835.500000	1180953.750000
 50-54 	1927653.375000	900297.750000	1027355.625000
 55-59 	1916135.750000	881404.625000	1034731.125000
 60-64 	1906477.500000	861211.875000	1045265.625000
 65-69 	1490392.500000	647002.937500	843389.562500
 70-74 	1192353.375000	490101.312500	702252.062500
 75-79 	810581.125000	311101.218750	499479.937500
 80+ 	875380.125000	273387.531250	601992.562500
Total	72711032.000000	35843960.000000	36867072.000000
1995			
 0-4	8582528.000000	4396201.500000	4186326.750000
 5-9	8915375.000000	4545454.000000	4369920.500000
 10-14 	8240324.000000	4190778.000000	4049546.500000
 15-19 	7442565.500000	3765936.500000	3676629.000000
 20-24 	6967463.000000	3504156.000000	3463306.750000
 25-29 	6404169.000000	3208000.750000	3196168.250000
 30-34 	5836911.500000	2905062.500000	2931848.750000
 35-39 	5026912.500000	2480397.250000	2546515.250000
 40-44 	3790663.250000	1861320.500000	1929342.750000
 45-49 	2396909.500000	1137600.500000	1259309.000000
 50-54 	1946100.250000	908367.937500	1037732.312500
 55-59 	1881528.875000	864674.625000	1016854.250000
 60-64 	1929580.000000	870910.312500	1058669.625000
 65-69 	1526128.625000	663175.625000	862952.937500
 70-74 	1223508.875000	501501.875000	722007.000000
 75-79 	831618.812500	319292.000000	512326.843750
 80+ 	909987.812500	284936.562500	625051.250000
Total	73852272.000000	36407768.000000	37444508.000000
1996			
 0-4	8229257.500000	4217390.000000	4011867.500000
 5-9	8973016.000000	4577245.500000	4395771.000000
 10-14 	8400880.000000	4273888.000000	4126991.250000
 15-19 	7561479.000000	3828916.500000	3732562.500000
 20-24 	7051889.000000	3547390.500000	3504498.500000
 25-29 	6483721.000000	3247120.250000	3236601.000000
 30-34 	5949021.000000	2962676.500000	2986344.500000
 35-39 	5210071.000000	2571008.250000	2639062.500000
 40-44 	4057553.500000	1993820.375000	2063733.125000
 45-49 	2604408.000000	1243436.375000	1360971.625000
 50-54 	1975752.625000	921413.250000	1054339.375000
 55-59 	1857360.000000	853006.312500	1004353.750000
 60-64 	1927432.625000	868919.750000	1058512.875000
 65-69 	1574438.625000	684783.125000	889655.562500
 70-74 	1247228.125000	510314.968750	736913.125000
 75-79 	859577.812500	329554.187500	530023.625000
 80+ 	942908.500000	295907.968750	647000.500000
Total	74905992.000000	36926792.000000	37979204.000000
1997			
 0-4	7841445.000000	4020584.750000	3820860.000000
 5-9	8988577.000000	4588322.500000	4400254.500000
 10-14 	8546545.000000	4348948.500000	4197596.500000
 15-19 	7702843.500000	3903317.250000	3799526.500000
 20-24 	7124231.000000	3585076.500000	3539154.250000
 25-29 	6571697.000000	3290317.500000	3281379.750000
 30-34 	6053473.000000	3016295.500000	3037177.500000
 35-39 	5371796.500000	2652246.500000	2719550.000000
 40-44 	4308364.000000	2116311.500000	2192052.750000
 45-49 	2862141.250000	1375702.250000	1486439.000000
 50-54 	2015284.500000	938659.250000	1076625.125000
 55-59 	1845781.875000	847493.437500	998288.437500
 60-64 	1899898.500000	855291.875000	1044606.625000
 65-69 	1636684.500000	712295.625000	924388.875000
 70-74 	1262230.750000	516139.125000	746091.562500
 75-79 	894715.812500	341922.093750	552793.750000
 80+ 	974164.500000	306328.781250	667835.687500
Total	75899872.000000	37415252.000000	38484620.000000
1998			
 0-4	7473169.500000	3833631.500000	3639538.250000
 5-9	8930807.000000	4562266.000000	4368541.000000
 10-14 	8673228.000000	4414149.500000	4259078.500000
 15-19 	7859287.000000	3985290.750000	3873996.000000
 20-24 	7191625.000000	3620668.250000	3570957.000000
 25-29 	6663448.500000	3335066.250000	3328382.250000
 30-34 	6151764.000000	3066628.000000	3085136.000000
 35-39 	5514673.500000	2725557.000000	2789116.500000
 40-44 	4541911.500000	2229572.250000	2312339.250000
 45-49 	3152701.750000	1524828.875000	1627873.000000
 50-54 	2077916.250000	967220.125000	1110696.125000
 55-59 	1845339.125000	846928.187500	998411.000000
 60-64 	1856078.500000	834194.000000	1021884.500000
 65-69 	1700427.625000	739920.437500	960507.250000
 70-74 	1274738.125000	521267.343750	753470.812500
 75-79 	932775.125000	354937.781250	577837.312500
 80+ 	1005743.062500	316834.812500	688908.250000
Total	76845632.000000	37878960.000000	38966672.000000
1999			
 0-4	7156648.000000	3672992.500000	3483655.250000
 5-9	8769134.000000	4482954.000000	4286180.500000
 10-14 	8778687.000000	4468916.000000	4309771.000000
 15-19 	8023626.000000	4071110.000000	3952515.750000
 20-24 	7263555.500000	3658636.500000	3604919.000000
 25-29 	6755623.000000	3379700.000000	3375922.750000
 30-34 	6239631.000000	3111356.750000	3128274.000000
 35-39 	5643513.000000	2793346.500000	2850166.000000
 40-44 	4759478.500000	2336340.250000	2423138.000000
 45-49 	3449013.750000	1676137.750000	1772876.000000
 50-54 	2183555.000000	1017831.375000	1165723.500000
 55-59 	1852241.125000	848796.750000	1003444.375000
 60-64 	1810667.250000	812221.562500	998445.812500
 65-69 	1746668.750000	759065.000000	987603.750000
 70-74 	1294537.250000	529151.312500	765385.875000
 75-79 	967283.500000	366403.281250	600880.187500
 80+ 	1040498.500000	328325.531250	712173.000000
Total	77734360.000000	38313284.000000	39421076.000000
2000			
 0-4	6910116.000000	3548114.000000	3362001.500000
 5-9	8496155.000000	4346397.500000	4149757.000000
 10-14 	8854903.000000	4509667.000000	4345236.000000
 15-19 	8184027.000000	4154704.500000	4029322.500000
 20-24 	7344467.000000	3700567.000000	3643900.250000
 25-29 	6846229.500000	3424207.500000	3422021.750000
 30-34 	6305150.500000	3143331.500000	3161819.000000
 35-39 	5759978.000000	2856463.500000	2903515.000000
 40-44 	4959463.000000	2437017.000000	2522446.250000
 45-49 	3730762.500000	1818552.500000	1912210.000000
 50-54 	2342141.250000	1096110.250000	1246031.000000
 55-59 	1864623.500000	851550.375000	1013073.187500
 60-64 	1772060.375000	792859.187500	979201.250000
 65-69 	1763625.875000	764293.000000	999332.812500
 70-74 	1325760.250000	540877.375000	784882.875000
 75-79 	994497.875000	375020.937500	619477.000000
 80+ 	1079843.375000	341238.906250	738604.437500
Total	78533808.000000	38700972.000000	39832832.000000
2001			
 0-4	6739727.000000	3462270.250000	3277456.500000
 5-9	8136740.000000	4165215.000000	3971525.000000
 10-14 	8896384.000000	4533779.000000	4362605.000000
 15-19 	8333281.500000	4232442.000000	4100840.000000
 20-24 	7447336.500000	3753714.000000	3693622.500000
 25-29 	6913903.000000	3456348.250000	3457554.750000
 30-34 	6373744.500000	3177085.000000	3196659.500000
 35-39 	5865300.500000	2914619.000000	2950681.500000
 40-44 	5139408.000000	2530301.500000	2609107.000000
 45-49 	3999294.000000	1953211.750000	2046082.250000
 50-54 	2550868.750000	1200501.875000	1350367.000000
 55-59 	1887006.750000	857960.750000	1029046.000000
 60-64 	1740390.625000	776239.625000	964151.000000
 65-69 	1755573.125000	758041.312500	997531.750000
 70-74 	1366740.750000	555941.937500	810798.750000
 75-79 	1015314.875000	381114.250000	634200.625000
 80+ 	1123020.250000	355281.062500	767739.250000
Total	79284032.000000	39064068.000000	40219968.000000
2002			
 0-4	6635223.500000	3410384.750000	3224838.500000
 5-9	7742246.500000	3965918.250000	3776328.000000
 10-14 	8893242.000000	4536182.000000	4357060.000000
 15-19 	8464681.000000	4300879.000000	4163802.000000
 20-24 	7571234.000000	3818116.750000	3753117.250000
 25-29 	6965533.000000	3480941.000000	3484592.000000
 30-34 	6446572.000000	3212464.500000	3234107.500000
 35-39 	5961020.500000	2967654.500000	2993366.000000
 40-44 	5296696.000000	2614275.750000	2682420.500000
 45-49 	4251239.000000	2078367.500000	2172871.250000
 50-54 	2809897.000000	1331300.375000	1478596.500000
 55-59 	1920413.750000	869005.625000	1051408.125000
 60-64 	1718812.000000	764007.500000	954804.437500
 65-69 	1723496.500000	741284.937500	982211.625000
 70-74 	1418848.000000	575216.250000	843631.750000
 75-79 	1028708.562500	384454.625000	644253.937500
 80+ 	1169958.000000	370304.687500	799653.250000
Total	80017824.000000	39420760.000000	40597064.000000
2003			
 0-4	6586612.500000	3388220.000000	3198392.500000
 5-9	7369009.500000	3777499.000000	3591510.250000
 10-14 	8818130.000000	4502504.000000	4315625.500000
 15-19 	8576649.000000	4359522.000000	4217127.000000
 20-24 	7711527.500000	3891736.750000	3819790.500000
 25-29 	7011959.000000	3503950.500000	3508008.500000
 30-34 	6520709.500000	3248197.250000	3272512.000000
 35-39 	6049104.500000	3016007.750000	3033096.750000
 40-44 	5434004.500000	2689413.250000	2744591.250000
 45-49 	4484041.500000	2193390.000000	2290651.500000
 50-54 	3100485.000000	1478342.625000	1622142.500000
 55-59 	1978599.875000	892546.437500	1086053.375000
 60-64 	1707935.125000	756360.500000	951574.625000
 65-69 	1677018.750000	718605.375000	958413.437500
 70-74 	1471871.625000	594668.875000	877202.812500
 75-79 	1039993.000000	387171.062500	652822.000000
 80+ 	1218655.375000	385574.906250	833080.500000
Total	80756304.000000	39783712.000000	40972596.000000
2004			
 0-4	6590758.000000	3395315.500000	3195442.750000
 5-9	7049684.000000	3616609.750000	3433074.000000
 10-14 	8642966.000000	4417883.000000	4225083.500000
 15-19 	8669333.000000	4408970.000000	4260363.000000
 20-24 	7862098.000000	3971309.000000	3890789.000000
 25-29 	7064822.000000	3531365.000000	3533457.250000
 30-34 	6594477.000000	3283951.250000	3310525.750000
 35-39 	6125646.500000	3057593.000000	3068053.750000
 40-44 	5556449.000000	2757507.000000	2798942.000000
 45-49 	4698531.000000	2299919.750000	2398611.250000
 50-54 	3394179.000000	1626039.750000	1768139.250000
 55-59 	2079637.500000	938491.312500	1141146.250000
 60-64 	1705828.250000	752189.937500	953638.250000
 65-69 	1630356.750000	696205.062500	934151.750000
 70-74 	1509942.500000	607777.625000	902164.750000
 75-79 	1057402.625000	392326.687500	665076.000000
 80+ 	1266262.000000	400167.531250	866094.500000
Total	81498376.000000	40153620.000000	41344752.000000
2005			
 0-4	6639879.000000	3428279.500000	3211599.500000
 5-9	6802879.500000	3493060.000000	3309819.500000
 10-14 	8363824.500000	4280238.000000	4083586.500000
 15-19 	8738945.000000	4447866.000000	4291079.000000
 20-24 	8013179.500000	4051944.500000	3961235.250000
 25-29 	7135178.000000	3569097.000000	3566080.750000
 30-34 	6671757.500000	3323601.500000	3348156.000000
 35-39 	6181601.000000	3086977.250000	3094623.500000
 40-44 	5667698.000000	2819832.250000	2847866.250000
 45-49 	4894953.500000	2399045.250000	2495908.250000
 50-54 	3671695.000000	1764120.375000	1907574.500000
 55-59 	2232761.750000	1011932.875000	1220828.875000
 60-64 	1713023.625000	751917.875000	961105.750000
 65-69 	1592654.000000	677969.625000	914684.312500
 70-74 	1524096.500000	611044.625000	913051.937500
 75-79 	1085078.875000	401392.000000	683686.875000
 80+ 	1311351.250000	413678.750000	897672.437500
Total	82240560.000000	40531996.000000	41708560.000000
2006			
 0-4	6720724.500000	3480076.500000	3240648.000000
 5-9	6633611.000000	3409196.750000	3224414.250000
 10-14 	8003351.000000	4100707.500000	3902643.250000
 15-19 	8778399.000000	4472548.000000	4305851.000000
 20-24 	8156293.500000	4128503.000000	4027790.750000
 25-29 	7231100.500000	3620825.500000	3610274.750000
 30-34 	6729417.000000	3353310.000000	3376106.750000
 35-39 	6240767.500000	3117998.000000	3122769.500000
 40-44 	5768505.000000	2876230.250000	2892274.500000
 45-49 	5070817.000000	2489462.500000	2581354.250000
 50-54 	3934212.500000	1893367.750000	2040844.750000
 55-59 	2434144.000000	1110584.250000	1323559.625000
 60-64 	1732697.250000	757208.250000	975489.062500
 65-69 	1563233.750000	663430.875000	899802.812500
 70-74 	1517747.625000	606071.500000	911676.125000
 75-79 	1121210.500000	413675.812500	707534.750000
 80+ 	1354356.000000	426269.031250	928087.000000
Total	82990584.000000	40919464.000000	42071120.000000
2007			
 0-4	6812992.000000	3539475.000000	3273517.000000
 5-9	6530764.000000	3359434.500000	3171329.000000
 10-14 	7610314.000000	3904319.000000	3705995.500000
 15-19 	8775682.000000	4476765.500000	4298916.500000
 20-24 	8283910.000000	4196689.000000	4087221.500000
 25-29 	7350130.500000	3685126.250000	3665004.250000
 30-34 	6774277.500000	3377135.750000	3397141.750000
 35-39 	6304539.500000	3150746.500000	3153792.500000
 40-44 	5860316.500000	2927195.000000	2933121.250000
 45-49 	5224118.500000	2570215.250000	2653903.500000
 50-54 	4179679.000000	2012939.125000	2166740.000000
 55-59 	2683763.250000	1234340.375000	1449422.875000
 60-64 	1764433.875000	767929.375000	996504.562500
 65-69 	1544087.250000	653442.000000	890645.375000
 70-74 	1491294.500000	593203.562500	898091.000000
 75-79 	1166602.750000	429484.000000	737118.812500
 80+ 	1394658.625000	437752.937500	956905.687500
Total	83751568.000000	41316192.000000	42435372.000000
2008			
 0-4	6906840.000000	3600010.000000	3306830.000000
 5-9	6485377.000000	3339733.500000	3145643.500000
 10-14 	7240788.500000	3719487.250000	3521301.250000
 15-19 	8702922.000000	4445632.500000	4257290.000000
 20-24 	8396481.000000	4256768.000000	4139713.250000
 25-29 	7488715.000000	3759834.750000	3728880.250000
 30-34 	6818856.000000	3400891.250000	3417964.750000
 35-39 	6371801.500000	3184190.750000	3187610.750000
 40-44 	5945372.500000	2973420.750000	2971951.500000
 45-49 	5357335.000000	2642149.500000	2715185.750000
 50-54 	4406158.000000	2122960.000000	2283198.250000
 55-59 	2964594.000000	1374079.125000	1590514.750000
 60-64 	1821017.125000	790970.000000	1030047.125000
 65-69 	1535605.000000	648052.812500	887552.125000
 70-74 	1452772.250000	576046.937500	876725.375000
 75-79 	1212563.625000	445504.718750	767058.875000
 80+ 	1435047.625000	449159.968750	985887.687500
Total	84542248.000000	41728892.000000	42813356.000000
2009			
 0-4	7005739.500000	3662250.750000	3343488.500000
 5-9	6496211.500000	3350248.250000	3145963.500000
 10-14 	6929615.500000	3563482.500000	3366133.000000
 15-19 	8533624.000000	4364803.000000	4168820.500000
 20-24 	8497536.000000	4311046.500000	4186489.500000
 25-29 	7643986.000000	3843042.000000	3800944.000000
 30-34 	6877277.000000	3431210.000000	3446067.500000
 35-39 	6443410.000000	3218234.250000	3225175.750000
 40-44 	6020450.000000	3012578.000000	3007871.750000
 45-49 	5474972.000000	2706606.000000	2768365.750000
 50-54 	4613815.000000	2224992.500000	2388822.750000
 55-59 	3250290.750000	1515835.000000	1734455.750000
 60-64 	1920622.625000	836026.875000	1084595.750000
 65-69 	1536776.625000	646709.125000	890067.562500
 70-74 	1414706.750000	559972.500000	854734.250000
 75-79 	1245971.000000	456858.937500	789112.000000
 80+ 	1479703.875000	461967.156250	1017736.687500
Total	85384704.000000	42165864.000000	43218844.000000
2010			
 0-4	7110444.000000	3725718.750000	3384725.000000
 5-9	6558008.500000	3388256.500000	3169752.000000
 10-14 	6699118.500000	3446967.500000	3252151.250000
 15-19 	8266850.000000	4232887.500000	4033963.000000
 20-24 	8588688.000000	4360330.000000	4228358.500000
 25-29 	7812299.500000	3932106.500000	3880193.000000
 30-34 	6964768.500000	3474897.750000	3489870.750000
 35-39 	6527275.500000	3257266.250000	3270009.500000
 40-44 	6078804.500000	3039635.500000	3039169.000000
 45-49 	5581984.000000	2765128.500000	2816855.750000
 50-54 	4803337.500000	2320019.250000	2483318.500000
 55-59 	3523517.000000	1650612.375000	1872904.500000
 60-64 	2073478.750000	908409.375000	1165069.375000
 65-69 	1549205.000000	650256.812500	898948.187500
 70-74 	1385710.875000	548475.187500	837235.687500
 75-79 	1259666.500000	461061.000000	798605.500000
 80+ 	1530437.000000	476787.750000	1053649.250000
Total	86313592.000000	42638816.000000	43674780.000000
2011			
 0-4	7216049.500000	3787992.000000	3428057.500000
 5-9	6652144.500000	3445215.250000	3206929.000000
 10-14 	6549105.500000	3370899.250000	3178206.250000
 15-19 	7921431.500000	4059882.250000	3861549.000000
 20-24 	8652634.000000	4396809.500000	4255825.000000
 25-29 	7979145.500000	4020080.000000	3959065.750000
 30-34 	7081935.500000	3534148.500000	3547786.750000
 35-39 	6597121.000000	3287633.500000	3309487.750000
 40-44 	6141649.000000	3067656.500000	3073993.000000
 45-49 	5678200.000000	2817008.750000	2861191.500000
 50-54 	4970925.000000	2406304.500000	2564620.500000
 55-59 	3782416.500000	1777642.750000	2004774.000000
 60-64 	2274027.250000	1005339.625000	1268687.625000
 65-69 	1574546.375000	659376.187500	915170.187500
 70-74 	1364464.875000	540625.937500	823838.875000
 75-79 	1256478.625000	459399.156250	797079.437500
 80+ 	1585730.000000	493118.906250	1092611.125000
Total	87278008.000000	43129132.000000	44148872.000000
2012			
 0-4	7315708.000000	3845729.500000	3469978.250000
 5-9	6756345.000000	3509174.500000	3247170.500000
 10-14 	6466293.000000	3328895.500000	3137397.000000
 15-19 	7545173.000000	3870406.000000	3674767.000000
 20-24 	8673142.000000	4412085.500000	4261056.000000
 25-29 	8134730.500000	4101771.500000	4032959.000000
 30-34 	7223311.000000	3606745.250000	3616566.000000
 35-39 	6658308.000000	3313635.000000	3344673.000000
 40-44 	6210392.000000	3097292.750000	3113099.000000
 45-49 	5766527.500000	2863341.000000	2903186.250000
 50-54 	5115467.000000	2482803.750000	2632663.500000
 55-59 	4023516.250000	1895156.125000	2128360.000000
 60-64 	2521160.000000	1126203.250000	1394956.750000
 65-69 	1611814.250000	673494.062500	938320.125000
 70-74 	1352728.875000	536760.562500	815968.375000
 75-79 	1236915.250000	452104.437500	784810.750000
 80+ 	1645530.000000	511053.937500	1134476.125000
Total	88257064.000000	43626652.000000	44630408.000000
2013			
 0-4	7400514.000000	3893949.500000	3506564.500000
 5-9	6859149.000000	3573120.500000	3286028.500000
 10-14 	6438444.000000	3315808.000000	3122636.000000
 15-19 	7191576.000000	3691964.750000	3499611.500000
 20-24 	8618750.000000	4389610.000000	4229140.000000
 25-29 	8274253.500000	4175022.250000	4099231.500000
 30-34 	7381446.000000	3689121.500000	3692324.500000
 35-39 	6719498.500000	3340433.750000	3379065.000000
 40-44 	6282866.000000	3128060.250000	3154805.750000
 45-49 	5849709.500000	2905512.500000	2944197.000000
 50-54 	5240692.500000	2550587.000000	2690105.250000
 55-59 	4244311.000000	2002540.000000	2241771.250000
 60-64 	2797010.500000	1261570.250000	1535440.375000
 65-69 	1671722.750000	698246.500000	973476.312500
 70-74 	1350387.250000	536343.750000	814043.375000
 75-79 	1207555.625000	441612.906250	765942.750000
 80+ 	1704986.500000	528919.187500	1176067.375000
Total	89232872.000000	44122424.000000	45110452.000000
2014			
 0-4	7463058.000000	3927882.750000	3535175.500000
 5-9	6963784.500000	3637591.500000	3326193.000000
 10-14 	6461931.000000	3331057.250000	3130873.500000
 15-19 	6892875.000000	3540972.500000	3351902.750000
 20-24 	8462100.000000	4314857.500000	4147242.250000
 25-29 	8396269.000000	4239684.500000	4156584.500000
 30-34 	7551005.500000	3778196.750000	3772809.000000
 35-39 	6791138.000000	3373604.750000	3417533.250000
 40-44 	6358696.500000	3160196.250000	3198500.500000
 45-49 	5924077.500000	2941742.500000	2982335.000000
 50-54 	5352185.500000	2611570.500000	2740615.000000
 55-59 	4445732.000000	2101345.250000	2344386.750000
 60-64 	3075320.500000	1397662.750000	1677657.750000
 65-69 	1770143.125000	742034.625000	1028108.500000
 70-74 	1355925.625000	538501.500000	817424.062500
 75-79 	1178548.750000	431649.593750	746899.187500
 80+ 	1757205.500000	544291.625000	1212913.875000
Total	90200000.000000	44612844.000000	45587156.000000
2015			
 0-4	7497634.500000	3944179.500000	3553454.750000
 5-9	7069962.000000	3701844.000000	3368118.250000
 10-14 	6527686.500000	3370839.000000	3156847.500000
 15-19 	6666961.500000	3426721.500000	3240240.000000
 20-24 	8199137.500000	4185470.500000	4013667.000000
 25-29 	8493722.000000	4292769.500000	4200952.000000
 30-34 	7722725.000000	3868980.250000	3853744.750000
 35-39 	6882318.000000	3418117.500000	3464200.250000
 40-44 	6442489.000000	3197503.250000	3244986.000000
 45-49 	5980747.000000	2966591.250000	3014155.750000
 50-54 	5453992.000000	2666985.750000	2787006.000000
 55-59 	4628133.000000	2192420.500000	2435712.500000
 60-64 	3337900.750000	1525098.000000	1812802.750000
 65-69 	1915027.250000	809062.187500	1105965.125000
 70-74 	1369765.625000	543435.375000	826330.250000
 75-79 	1156392.375000	424458.281250	731934.000000
 80+ 	1798499.750000	555935.187500	1242564.625000
Total	91143096.000000	45090412.000000	46052680.000000
2016			
 0-4	7503041.000000	3942280.250000	3560761.000000
 5-9	7175734.500000	3764407.500000	3411327.000000
 10-14 	6622460.500000	3428242.750000	3194217.750000
 15-19 	6518377.000000	3351597.000000	3166780.250000
 20-24 	7855157.500000	4014000.750000	3841156.750000
 25-29 	8558540.000000	4330240.000000	4228300.000000
 30-34 	7889020.000000	3956869.750000	3932150.500000
 35-39 	6999076.500000	3476955.000000	3522121.250000
 40-44 	6511222.000000	3226822.250000	3284399.500000
 45-49 	6042079.500000	2993298.000000	3048782.000000
 50-54 	5547125.500000	2716814.250000	2830311.500000
 55-59 	4789898.000000	2274930.500000	2514967.250000
 60-64 	3585253.000000	1644322.000000	1940931.250000
 65-69 	2102759.500000	897487.937500	1205271.500000
 70-74 	1394346.125000	552437.000000	841909.125000
 75-79 	1140618.625000	419665.125000	720953.562500
 80+ 	1830848.500000	564683.875000	1266164.625000
Total	92065560.000000	45555052.000000	46510504.000000
2017			
 0-4	7482821.000000	3924783.000000	3558037.750000
 5-9	7275137.000000	3822276.000000	3452860.750000
 10-14 	6725919.000000	3492085.500000	3233833.500000
 15-19 	6435486.500000	3309879.500000	3125607.250000
 20-24 	7479618.000000	3825749.750000	3653868.000000
 25-29 	8577614.000000	4345326.500000	4232288.000000
 30-34 	8042393.000000	4037707.000000	4004685.500000
 35-39 	7138047.500000	3548479.000000	3589568.500000
 40-44 	6570785.500000	3252100.750000	3318684.750000
 45-49 	6109240.500000	3022010.500000	3087230.250000
 50-54 	5633356.000000	2761697.500000	2871659.000000
 55-59 	4929840.000000	2348193.250000	2581646.500000
 60-64 	3815211.500000	1754390.000000	2060821.500000
 65-69 	2332837.500000	1007036.625000	1325800.875000
 70-74 	1429223.875000	565413.812500	863810.125000
 75-79 	1132693.375000	417749.750000	714943.625000
 80+ 	1855148.750000	570919.812500	1284229.000000
Total	92965376.000000	46005796.000000	46959576.000000
2018			
 0-4	7441716.500000	3895277.250000	3546439.250000
 5-9	7359812.000000	3870676.250000	3489136.250000
 10-14 	6827970.500000	3555885.000000	3272085.500000
 15-19 	6407335.000000	3296926.750000	3110408.000000
 20-24 	7126913.500000	3648526.250000	3478387.250000
 25-29 	8522008.000000	4322819.500000	4199188.000000
 30-34 	8179749.000000	4110093.750000	4069655.000000
 35-39 	7293567.500000	3629643.750000	3663923.750000
 40-44 	6630392.000000	3278243.250000	3352149.000000
 45-49 	6180165.000000	3051927.000000	3128238.250000
 50-54 	5714672.500000	2802624.000000	2912048.500000
 55-59 	5051348.000000	2413357.250000	2637990.750000
 60-64 	4026169.750000	1855231.625000	2170938.250000
 65-69 	2589360.250000	1129560.750000	1459799.500000
 70-74 	1484384.000000	587523.750000	896860.250000
 75-79 	1132570.500000	418466.062500	714104.375000
 80+ 	1873173.250000	575309.312500	1297863.875000
Total	93841304.000000	46442092.000000	47399216.000000
2019			
 0-4	7382856.500000	3856270.000000	3526586.750000
 5-9	7422399.500000	3904867.500000	3517531.750000
 10-14 	6931866.000000	3620187.750000	3311678.250000
 15-19 	6430312.000000	3312161.500000	3118151.000000
 20-24 	6829084.000000	3498610.000000	3330474.500000
 25-29 	8364697.000000	4248401.000000	4116296.000000
 30-34 	8299719.500000	4173910.750000	4125808.500000
 35-39 	7460468.000000	3717442.500000	3743025.500000
 40-44 	6700376.000000	3310715.500000	3389660.750000
 45-49 	6254465.500000	3083255.000000	3171210.500000
 50-54 	5787469.000000	2837860.500000	2949608.500000
 55-59 	5159819.000000	2472226.500000	2687592.500000
 60-64 	4218938.000000	1948268.000000	2270670.250000
 65-69 	2848277.500000	1252815.000000	1595462.500000
 70-74 	1574052.000000	626024.062500	948027.875000
 75-79 	1139072.500000	421165.250000	717907.250000
 80+ 	1887619.000000	578809.937500	1308809.125000
Total	94691488.000000	46862992.000000	47828500.000000
2020			
 0-4	7308635.500000	3809553.000000	3499082.500000
 5-9	7457517.000000	3921608.000000	3535909.250000
 10-14 	7038043.000000	3684479.500000	3353563.500000
 15-19 	6496130.500000	3352026.750000	3144103.500000
 20-24 	6604458.500000	3385401.500000	3219057.000000
 25-29 	8103656.000000	4120602.000000	3983053.750000
 30-34 	8396883.000000	4226876.500000	4170006.000000
 35-39 	7630863.500000	3807383.500000	3823480.250000
 40-44 	6790538.000000	3354672.750000	3435865.000000
 45-49 	6337151.000000	3119930.000000	3217221.250000
 50-54 	5843506.000000	2862423.500000	2981082.750000
 55-59 	5259449.500000	2526078.500000	2733371.250000
 60-64 	4394161.000000	2034489.875000	2359671.000000
 65-69 	3093265.000000	1368626.125000	1724638.750000
 70-74 	1705504.000000	684643.187500	1020860.875000
 75-79 	1152767.500000	426129.187500	726638.312500
 80+ 	1900504.750000	582073.375000	1318431.375000
Total	95513032.000000	47266996.000000	48246036.000000
2021			
 0-4	7221046.500000	3756364.750000	3464681.750000
 5-9	7463590.500000	3920217.750000	3543372.750000
 10-14 	7143839.500000	3747073.000000	3396766.500000
 15-19 	6590901.000000	3409433.000000	3181468.000000
 20-24 	6456819.000000	3311022.750000	3145796.000000
 25-29 	7762121.500000	3951058.750000	3811063.000000
 30-34 	8461896.000000	4264505.000000	4197391.500000
 35-39 	7796374.500000	3894747.750000	3901626.750000
 40-44 	6906625.000000	3413151.250000	3493474.000000
 45-49 	6405592.500000	3149232.500000	3256360.000000
 50-54 	5904687.500000	2889223.250000	3015464.250000
 55-59 	5351182.000000	2574951.500000	2776230.250000
 60-64 	4550113.500000	2113024.500000	2437089.000000
 65-69 	3324691.500000	1477400.500000	1847291.000000
 70-74 	1875262.000000	761663.750000	1113598.250000
 75-79 	1175634.250000	434357.562500	741276.750000
 80+ 	1912566.250000	585281.937500	1327284.375000
Total	96302944.000000	47652708.000000	48650236.000000
2022			
 0-4	7121787.000000	3697423.000000	3424364.250000
 5-9	7444119.500000	3903273.250000	3540846.250000
 10-14 	7243287.500000	3804976.500000	3438311.000000
 15-19 	6694331.500000	3473246.000000	3221085.750000
 20-24 	6374605.000000	3269833.250000	3104771.750000
 25-29 	7389255.500000	3764883.500000	3624372.000000
 30-34 	8481629.000000	4280062.000000	4201567.000000
 35-39 	7949414.500000	3975347.500000	3974066.750000
 40-44 	7045113.000000	3484410.000000	3560703.000000
 45-49 	6465438.500000	3174916.750000	3290521.750000
 50-54 	5972008.000000	2918287.500000	3053720.500000
 55-59 	5436629.500000	2619381.250000	2817248.000000
 60-64 	4685610.500000	2183201.000000	2502409.500000
 65-69 	3540629.250000	1578355.000000	1962274.375000
 70-74 	2082731.000000	856784.187500	1225946.875000
 75-79 	1207317.250000	445800.562500	761516.687500
 80+ 	1925351.250000	588972.562500	1336378.750000
Total	97059256.000000	48019152.000000	49040104.000000
2023			
 0-4	7013184.000000	3633558.000000	3379625.750000
 5-9	7403739.000000	3874299.000000	3529440.250000
 10-14 	7328027.000000	3853424.250000	3474602.500000
 15-19 	6796361.000000	3537018.500000	3259342.750000
 20-24 	6346909.000000	3257240.000000	3089668.500000
 25-29 	7039101.000000	3589639.750000	3449461.250000
 30-34 	8427243.000000	4258459.500000	4168783.250000
 35-39 	8086742.000000	4047711.500000	4039030.500000
 40-44 	7200198.000000	3565336.000000	3634862.250000
 45-49 	6525579.000000	3201662.000000	3323917.000000
 50-54 	6043254.500000	2948715.750000	3094539.000000
 55-59 	5517585.000000	2660223.000000	2857361.500000
 60-64 	4803753.500000	2246003.500000	2557750.000000
 65-69 	3739426.500000	1671358.500000	2068068.000000
 70-74 	2313826.500000	963096.875000	1350729.625000
 75-79 	1256392.000000	464683.500000	791708.375000
 80+ 	1939918.250000	593361.187500	1346557.000000
Total	97781240.000000	48365792.000000	49415448.000000
2024			
 0-4	6898852.000000	3566511.500000	3332340.750000
 5-9	7345452.500000	3835723.500000	3509729.000000
 10-14 	7390698.500000	3887680.000000	3503018.500000
 15-19 	6900234.000000	3601292.750000	3298940.750000
 20-24 	6370128.000000	3272665.500000	3097462.500000
 25-29 	6743476.500000	3441438.250000	3302038.500000
 30-34 	8271843.500000	4185494.750000	4086348.750000
 35-39 	8206873.000000	4111646.250000	4095227.000000
 40-44 	7366616.000000	3652859.500000	3713756.750000
 45-49 	6596032.000000	3234692.500000	3361339.750000
 50-54 	6117846.000000	2980569.000000	3137277.500000
 55-59 	5590429.000000	2695735.250000	2894694.000000
 60-64 	4909584.500000	2303031.000000	2606553.750000
 65-69 	3921549.750000	1757546.000000	2164003.750000
 70-74 	2547338.000000	1070254.250000	1477083.750000
 75-79 	1335028.375000	496924.187500	838104.187500
 80+ 	1957184.125000	598594.125000	1358590.000000
Total	98469168.000000	48692656.000000	49776508.000000
2025			
 0-4	6783831.000000	3499065.750000	3284765.500000
 5-9	7271532.500000	3789275.000000	3482257.500000
 10-14 	7425918.000000	3904507.750000	3521410.250000
 15-19 	7006372.500000	3665556.750000	3340815.500000
 20-24 	6435997.500000	3312576.000000	3123421.500000
 25-29 	6520583.000000	3329601.000000	3190982.250000
 30-34 	8013380.000000	4059694.250000	3953685.250000
 35-39 	8304337.500000	4164846.500000	4139491.000000
 40-44 	7536475.000000	3742485.750000	3793989.000000
 45-49 	6686341.000000	3278965.000000	3407375.750000
 50-54 	6200487.000000	3017520.750000	3182966.250000
 55-59 	5647112.500000	2721085.250000	2926027.250000
 60-64 	5007066.500000	2355430.750000	2651635.750000
 65-69 	4087400.000000	1837704.500000	2249695.250000
 70-74 	2768904.250000	1171371.875000	1597532.500000
 75-79 	1449411.250000	545553.250000	903858.062500
 80+ 	1978969.000000	605310.437500	1373658.500000
Total	99124120.000000	49000552.000000	50123568.000000
2026			
 0-4	6673164.000000	3434278.500000	3238885.250000
 5-9	7183860.500000	3736140.250000	3447720.250000
 10-14 	7432121.000000	3903228.250000	3528892.750000
 15-19 	7112128.000000	3728122.250000	3384005.500000
 20-24 	6530691.500000	3369921.750000	3160770.000000
 25-29 	6374201.000000	3256224.250000	3117976.500000
 30-34 	7674933.000000	3892552.750000	3782380.000000
 35-39 	8369851.500000	4202858.000000	4166993.250000
 40-44 	7701483.000000	3829554.000000	3871929.000000
 45-49 	6802146.000000	3337423.000000	3464723.500000
 50-54 	6269188.000000	3047345.000000	3221843.500000
 55-59 	5708867.000000	2748638.000000	2960228.750000
 60-64 	5097135.000000	2403245.500000	2693889.250000
 65-69 	4235419.000000	1911059.750000	2324359.500000
 70-74 	2978922.750000	1266846.000000	1712076.750000
 75-79 	1596422.625000	609113.187500	987309.437500
 80+ 	2007154.000000	614320.687500	1392833.250000
Total	99747688.000000	49290872.000000	50456816.000000
2027			
 0-4	6570912.500000	3374954.500000	3195957.500000
 5-9	7084085.000000	3677036.000000	3407048.750000
 10-14 	7412808.000000	3886418.750000	3526389.500000
 15-19 	7211543.500000	3786005.000000	3425538.500000
 20-24 	6634003.000000	3433637.250000	3200365.750000
 25-29 	6292873.000000	3215748.000000	3077125.500000
 30-34 	7305336.000000	3708922.000000	3596414.000000
 35-39 	8390392.000000	4219030.500000	4171361.750000
 40-44 	7854156.500000	3909949.750000	3944206.750000
 45-49 	6940015.500000	3408389.500000	3531626.250000
 50-54 	6329520.000000	3073706.500000	3255813.750000
 55-59 	5776671.000000	2778415.250000	2998256.000000
 60-64 	5181391.000000	2447005.750000	2734385.000000
 65-69 	4364573.000000	1977028.000000	2387545.000000
 70-74 	3175768.750000	1356058.500000	1819710.375000
 75-79 	1775366.375000	687275.125000	1088091.250000
 80+ 	2042319.250000	625872.437500	1416446.750000
Total	100341736.000000	49565452.000000	50776280.000000
2028			
 0-4	6479672.000000	3323078.000000	3156594.000000
 5-9	6974764.000000	3612929.500000	3361834.500000
 10-14 	7372622.000000	3857609.250000	3515012.750000
 15-19 	7296281.500000	3834457.000000	3461824.500000
 20-24 	6735927.000000	3497321.500000	3238605.000000
 25-29 	6265761.000000	3203629.500000	3062131.250000
 30-34 	6958249.500000	3536066.750000	3422182.500000
 35-39 	8337367.500000	4198464.000000	4138903.500000
 40-44 	7991289.000000	3982227.500000	4009061.250000
 45-49 	7094267.000000	3488841.000000	3605426.000000
 50-54 	6390219.500000	3101158.500000	3289061.000000
 55-59 	5848365.000000	2809546.000000	3038819.000000
 60-64 	5261581.500000	2487532.000000	2774049.250000
 65-69 	4477777.500000	2036490.500000	2441287.000000
 70-74 	3357827.750000	1438825.875000	1919002.000000
 75-79 	1974371.000000	774519.250000	1199851.750000
 80+ 	2091910.000000	643219.625000	1448690.375000
Total	100908256.000000	49825916.000000	51082336.000000
2029			
 0-4	6401153.000000	3279699.000000	3121454.000000
 5-9	6859899.000000	3545751.500000	3314147.000000
 10-14 	7314575.000000	3819233.000000	3495341.750000
 15-19 	7359013.000000	3868765.250000	3490247.750000
 20-24 	6839696.000000	3561512.500000	3278183.500000
 25-29 	6289264.500000	3219290.500000	3069974.250000
 30-34 	6665251.000000	3389911.750000	3275339.250000
 35-39 	8184110.000000	4127129.000000	4056981.000000
 40-44 	8111402.500000	4046196.500000	4065206.000000
 45-49 	7259732.000000	3575779.000000	3683953.250000
 50-54 	6461086.500000	3134758.000000	3326328.500000
 55-59 	5923305.000000	2842038.000000	3081267.000000
 60-64 	5334217.000000	2523166.250000	2811050.500000
 65-69 	4579743.000000	2090875.625000	2488867.500000
 70-74 	3525250.000000	1515990.125000	2009259.750000
 75-79 	2175682.250000	862628.750000	1313053.500000
 80+ 	2165843.000000	670703.625000	1495139.375000
Total	101449224.000000	50073428.000000	51375792.000000
2030			
 0-4	6336666.500000	3245319.000000	3091347.500000
 5-9	6744823.000000	3478421.500000	3266401.250000
 10-14 	7240946.500000	3773019.000000	3467927.750000
 15-19 	7394370.500000	3885709.750000	3508661.000000
 20-24 	6945735.500000	3625701.250000	3320034.250000
 25-29 	6355160.500000	3259227.250000	3095933.250000
 30-34 	6444418.500000	3279685.750000	3164733.000000
 35-39 	7928591.500000	4003571.250000	3925020.500000
 40-44 	8209070.500000	4099585.000000	4109485.750000
 45-49 	7428641.500000	3664807.000000	3763834.750000
 50-54 	6551454.000000	3179304.500000	3372149.750000
 55-59 	6005924.000000	2879337.500000	3126586.500000
 60-64 	5391555.500000	2549312.750000	2842242.750000
 65-69 	4674182.500000	2141214.500000	2532968.000000
 70-74 	3678220.250000	1588142.000000	2090078.375000
 75-79 	2367334.000000	946167.375000	1421166.500000
 80+ 	2269488.000000	710654.312500	1558833.625000
Total	101966584.000000	50309180.000000	51657404.000000
2031			
 0-4	6286876.500000	3219771.500000	3067105.000000
 5-9	6634665.500000	3414031.750000	3220633.750000
 10-14 	7153621.000000	3720151.000000	3433470.250000
 15-19 	7400797.500000	3884616.250000	3516181.250000
 20-24 	7051408.000000	3688209.750000	3363198.500000
 25-29 	6449705.500000	3316454.500000	3133250.750000
 30-34 	6299527.500000	3207483.500000	3092044.250000
 35-39 	7593716.000000	3839148.000000	3754568.000000
 40-44 	8275093.500000	4138003.250000	4137090.000000
 45-49 	7592828.500000	3751362.000000	3841466.750000
 50-54 	6666833.500000	3237648.000000	3429185.500000
 55-59 	6075097.000000	2909863.750000	3165233.500000
 60-64 	5453945.000000	2577657.500000	2876287.500000
 65-69 	4762009.000000	2187558.750000	2574450.250000
 70-74 	3815408.750000	1654644.125000	2160764.750000
 75-79 	2549762.500000	1025518.500000	1524243.875000
 80+ 	2400608.750000	762067.687500	1638541.125000
Total	102461904.000000	50534188.000000	51927716.000000
2032			
 0-4	6251503.000000	3202077.500000	3049425.750000
 5-9	6533268.000000	3355289.250000	3177978.750000
 10-14 	7054236.000000	3661338.500000	3392897.500000
 15-19 	7381785.000000	3868054.750000	3513730.500000
 20-24 	7150778.000000	3746069.000000	3404709.250000
 25-29 	6552816.000000	3380008.000000	3172808.000000
 30-34 	6219240.000000	3167836.000000	3051403.750000
 35-39 	7227933.500000	3658419.750000	3569513.750000
 40-44 	8296575.000000	4154900.000000	4141675.000000
 45-49 	7744906.000000	3831411.500000	3913495.000000
 50-54 	6803882.000000	3308184.000000	3495697.500000
 55-59 	6136253.500000	2937152.000000	3199101.500000
 60-64 	5522305.500000	2608197.500000	2914108.250000
 65-69 	4844715.500000	2230385.000000	2614330.750000
 70-74 	3935946.500000	1715018.125000	2220928.500000
 75-79 	2721724.000000	1100269.750000	1621454.125000
 80+ 	2558224.250000	824529.562500	1733694.750000
Total	102936096.000000	50749140.000000	52186952.000000
2033			
 0-4	6229362.500000	3191096.250000	3038266.250000
 5-9	6442944.000000	3304033.000000	3138911.000000
 10-14 	6945326.000000	3597533.500000	3347792.500000
 15-19 	7341953.000000	3839535.250000	3502417.750000
 20-24 	7235539.000000	3794557.000000	3440982.250000
 25-29 	6654571.000000	3443557.500000	3211013.750000
 30-34 	6192813.500000	3156275.250000	3036538.000000
 35-39 	6884464.000000	3488320.500000	3396143.500000
 40-44 	8245215.000000	4135602.000000	4109613.500000
 45-49 	7881712.500000	3903547.750000	3978165.000000
 50-54 	6957050.500000	3387995.000000	3569055.250000
 55-59 	6197891.000000	2965583.000000	3232307.750000
 60-64 	5594525.000000	2640094.250000	2954431.000000
 65-69 	4923887.000000	2270413.250000	2653473.500000
 70-74 	4042443.750000	1770001.750000	2272442.000000
 75-79 	2881706.500000	1170229.250000	1711477.125000
 80+ 	2738047.000000	896038.750000	1842008.375000
Total	103389448.000000	50954412.000000	52435040.000000
2034			
 0-4	6218855.500000	3185999.500000	3032856.000000
 5-9	6365294.000000	3261235.750000	3104058.000000
 10-14 	6830870.000000	3530652.500000	3300217.250000
 15-19 	7284295.000000	3801474.000000	3482820.500000
 20-24 	7298395.500000	3828988.000000	3469407.250000
 25-29 	6758201.000000	3507644.500000	3250556.750000
 30-34 	6216676.000000	3172240.250000	3044435.500000
 35-39 	6594609.500000	3344572.500000	3250037.000000
 40-44 	8094621.000000	4066290.000000	4028331.250000
 45-49 	8001787.500000	3967594.750000	4034192.750000
 50-54 	7121280.000000	3474176.000000	3647104.000000
 55-59 	6269496.500000	2999995.750000	3269500.500000
 60-64 	5669898.000000	2673310.750000	2996587.500000
 65-69 	4996143.500000	2306056.750000	2690086.750000
 70-74 	4139106.500000	1820787.250000	2318319.250000
 75-79 	3029544.000000	1235955.375000	1793588.625000
 80+ 	2933617.000000	973620.812500	1959996.125000
Total	103822688.000000	51150596.000000	52672096.000000
2035			
 0-4	6218238.500000	3185901.000000	3032337.500000
 5-9	6301555.000000	3227348.250000	3074206.500000
 10-14 	6716185.500000	3463604.500000	3252580.750000
 15-19 	7211079.500000	3755589.000000	3455490.500000
 20-24 	7333998.500000	3846158.500000	3487839.750000
 25-29 	6864137.000000	3571766.250000	3292370.500000
 30-34 	6282661.500000	3212271.750000	3070389.750000
 35-39 	6376296.000000	3236293.500000	3140002.500000
 40-44 	7842787.000000	3945527.250000	3897259.500000
 45-49 	8099761.000000	4021320.000000	4078441.000000
 50-54 	7288966.500000	3562461.500000	3726505.000000
 55-59 	6360108.500000	3044984.000000	3315124.500000
 60-64 	5752520.000000	2711019.500000	3041500.500000
 65-69 	5054131.000000	2333008.750000	2721122.250000
 70-74 	4229259.000000	1868233.625000	2361025.500000
 75-79 	3165202.500000	1297843.125000	1867359.375000
 80+ 	3140237.250000	1055219.750000	2085017.500000
Total	104237120.000000	51338552.000000	52898572.000000
2036			
 0-4	6225724.000000	3189902.000000	3035822.250000
 5-9	6252369.000000	3202191.000000	3050178.000000
 10-14 	6606391.000000	3399474.500000	3206916.500000
 15-19 	7124181.000000	3703056.750000	3421124.500000
 20-24 	7340792.000000	3845392.750000	3495399.250000
 25-29 	6969749.000000	3634253.750000	3335495.500000
 30-34 	6377121.500000	3269456.750000	3107664.750000
 35-39 	6233280.500000	3165562.750000	3067717.750000
 40-44 	7512382.000000	3784491.750000	3727890.250000
 45-49 	8166525.500000	4060399.000000	4106126.500000
 50-54 	7452103.500000	3648413.250000	3803690.000000
 55-59 	6475066.500000	3103281.000000	3371785.500000
 60-64 	5822337.000000	2742407.500000	3079929.500000
 65-69 	5117118.000000	2362154.750000	2754963.250000
 70-74 	4313741.500000	1912377.750000	2401364.000000
 75-79 	3287636.000000	1355414.875000	1932221.250000
 80+ 	3357541.250000	1140868.500000	2216672.750000
Total	104634056.000000	51519100.000000	53114960.000000
2037			
 0-4	6239605.500000	3197150.000000	3042455.000000
 5-9	6217494.000000	3184813.500000	3032680.500000
 10-14 	6505326.500000	3340968.500000	3164358.000000
 15-19 	7025233.500000	3644584.750000	3380649.000000
 20-24 	7322243.500000	3829240.250000	3493003.500000
 25-29 	7069118.000000	3692145.750000	3376972.000000
 30-34 	6480107.000000	3332935.500000	3147171.500000
 35-39 	6154352.000000	3127002.750000	3027349.500000
 40-44 	7151375.000000	3607378.750000	3543996.500000
 45-49 	8189313.000000	4078370.000000	4110943.250000
 50-54 	7603442.500000	3728101.500000	3875341.000000
 55-59 	6611142.500000	3173360.250000	3437782.500000
 60-64 	5884584.000000	2770835.500000	3113748.500000
 65-69 	5185982.500000	2393481.000000	2792501.250000
 70-74 	4393901.500000	1953622.875000	2440278.750000
 75-79 	3396174.250000	1408301.375000	1987872.875000
 80+ 	3584644.500000	1230350.625000	2354293.750000
Total	105014040.000000	51692644.000000	53321396.000000
2038			
 0-4	6258122.000000	3206761.250000	3051360.500000
 5-9	6195794.500000	3174111.250000	3021683.500000
 10-14 	6415308.500000	3289927.000000	3125381.500000
 15-19 	6916772.000000	3581126.250000	3335646.000000
 20-24 	7282947.000000	3801185.750000	3481761.500000
 25-29 	7153965.500000	3740741.500000	3413223.750000
 30-34 	6581770.000000	3396433.750000	3185336.500000
 35-39 	6128861.000000	3116207.000000	3012653.750000
 40-44 	6812422.500000	3440698.250000	3371724.500000
 45-49 	8140138.000000	4060786.500000	4079351.250000
 50-54 	7739863.000000	3800141.000000	3939722.000000
 55-59 	6762955.500000	3252424.000000	3510531.750000
 60-64 	5947431.000000	2800451.000000	3146980.000000
 65-69 	5258688.500000	2426186.250000	2832502.250000
 70-74 	4471138.500000	1992572.500000	2478566.000000
 75-79 	3493034.750000	1457063.625000	2035971.000000
 80+ 	3817623.750000	1322336.250000	2495287.500000
Total	105376840.000000	51859152.000000	53517684.000000
2039			
 0-4	6279206.000000	3217684.250000	3061522.250000
 5-9	6185684.000000	3169266.250000	3016418.250000
 10-14 	6337937.000000	3247323.500000	3090613.500000
 15-19 	6802767.000000	3514592.750000	3288174.000000
 20-24 	7225874.500000	3763627.500000	3462246.750000
 25-29 	7217033.000000	3775385.000000	3441647.750000
 30-34 	6685317.500000	3460480.500000	3224837.000000
 35-39 	6153244.000000	3132616.500000	3020627.750000
 40-44 	6526467.000000	3299907.500000	3226559.500000
 45-49 	7992908.500000	3994048.250000	3998860.250000
 50-54 	7859903.500000	3864342.750000	3995560.750000
 55-59 	6925591.000000	3337676.500000	3587914.500000
 60-64 	6019957.500000	2835812.250000	3184145.250000
 65-69 	5334394.500000	2460130.750000	2874264.000000
 70-74 	4542279.000000	2027761.625000	2514517.500000
 75-79 	3581778.500000	1502616.125000	2079162.500000
 80+ 	4051831.500000	1415279.875000	2636551.750000
Total	105722176.000000	52018552.000000	53703624.000000
2040			
 0-4	6300549.000000	3228739.750000	3071809.250000
 5-9	6185430.000000	3169400.000000	3016030.000000
 10-14 	6274449.500000	3213610.250000	3060839.500000
 15-19 	6688526.000000	3447885.750000	3240640.500000
 20-24 	7153284.500000	3718273.250000	3435011.250000
 25-29 	7252991.000000	3792887.750000	3460103.750000
 30-34 	6791178.500000	3524574.000000	3266604.500000
 35-39 	6219394.500000	3172811.250000	3046583.250000
 40-44 	6311248.000000	3193988.500000	3117259.500000
 45-49 	7745630.500000	3876722.000000	3868908.500000
 50-54 	7958251.000000	3918507.500000	4039744.000000
 55-59 	7091663.000000	3425017.000000	3666646.250000
 60-64 	6110825.500000	2881261.750000	3229563.750000
 65-69 	5416692.000000	2498090.250000	2918601.500000
 70-74 	4600542.000000	2055295.500000	2545246.500000
 75-79 	3665231.250000	1545620.500000	2119611.000000
 80+ 	4284125.000000	1508170.000000	2775955.000000
Total	106050008.000000	52170856.000000	53879156.000000
2041			
 0-4	6319919.000000	3238786.750000	3081132.250000
 5-9	6193252.500000	3173620.250000	3019632.500000
 10-14 	6225489.500000	3188609.000000	3036881.000000
 15-19 	6579160.000000	3384084.500000	3195075.500000
 20-24 	7067039.000000	3666289.750000	3400749.250000
 25-29 	7260285.500000	3792575.000000	3467710.500000
 30-34 	6896739.500000	3587056.500000	3309683.000000
 35-39 	6313776.000000	3229965.500000	3083810.750000
 40-44 	6170510.500000	3125014.750000	3045495.500000
 45-49 	7420703.000000	3719786.000000	3700917.250000
 50-54 	8025916.500000	3958392.500000	4067524.250000
 55-59 	7253391.000000	3510175.500000	3743215.500000
 60-64 	6225158.000000	2939392.750000	3285765.000000
 65-69 	5487016.000000	2530289.250000	2956726.750000
 70-74 	4663705.000000	2084996.000000	2578709.000000
 75-79 	3744138.500000	1586106.750000	2158031.750000
 80+ 	4514052.000000	1600904.750000	2913147.000000
Total	106360256.000000	52316044.000000	54044208.000000
2042			
 0-4	6335571.000000	3246930.750000	3088640.250000
 5-9	6207451.000000	3181076.500000	3026374.500000
 10-14 	6190817.500000	3171372.000000	3019445.500000
 15-19 	6478499.000000	3325887.500000	3152611.500000
 20-24 	6968770.000000	3608383.500000	3360386.500000
 25-29 	7242363.000000	3776977.750000	3465385.500000
 30-34 	6996112.000000	3644992.750000	3351119.250000
 35-39 	6416614.000000	3293351.750000	3123262.250000
 40-44 	6093213.500000	3087735.500000	3005478.000000
 45-49 	7065533.500000	3547023.000000	3518510.750000
 50-54 	8050318.000000	3977669.500000	4072648.750000
 55-59 	7403725.000000	3589371.250000	3814353.750000
 60-64 	6359889.000000	3008794.250000	3351094.750000
 65-69 	5550383.000000	2559895.500000	2990487.250000
 70-74 	4732575.500000	2116836.750000	2615738.500000
 75-79 	3819668.000000	1624410.375000	2195257.500000
 80+ 	4740986.000000	1693253.500000	3047732.750000
Total	106652488.000000	52453964.000000	54198528.000000
2043			
 0-4	6346295.000000	3252554.500000	3093740.750000
 5-9	6226272.500000	3190888.750000	3035383.750000
 10-14 	6169299.000000	3160797.250000	3008501.500000
 15-19 	6388856.000000	3275133.500000	3113722.750000
 20-24 	6861006.000000	3545504.000000	3315501.750000
 25-29 	7203785.500000	3749554.000000	3454231.500000
 30-34 	7081070.500000	3693724.250000	3387346.500000
 35-39 	6518157.000000	3356778.000000	3161378.750000
 40-44 	6068844.000000	3077842.500000	2991001.250000
 45-49 	6732118.000000	3384466.750000	3347651.000000
 50-54 	8003903.000000	3962210.750000	4041692.000000
 55-59 	7539624.000000	3661276.750000	3878347.250000
 60-64 	6509875.000000	3086841.000000	3423033.500000
 65-69 	5614550.500000	2590789.500000	3023761.000000
 70-74 	4805229.000000	2150091.250000	2655138.000000
 75-79 	3893003.000000	1661031.875000	2231971.250000
 80+ 	4964114.000000	1784837.000000	3179277.000000
Total	106926000.000000	52584320.000000	54341680.000000
2044			
 0-4	6351118.500000	3255162.000000	3095956.500000
 5-9	6247658.000000	3202011.000000	3045647.000000
 10-14 	6159351.000000	3156069.000000	3003282.000000
 15-19 	6311828.000000	3232792.250000	3079036.000000
 20-24 	6747706.000000	3479556.000000	3268150.000000
 25-29 	7147502.000000	3712682.500000	3434820.000000
 30-34 	7144402.000000	3728632.500000	3415769.500000
 35-39 	6621600.500000	3420771.250000	3200829.500000
 40-44 	6093862.000000	3094788.500000	2999073.000000
 45-49 	6450964.500000	3247266.000000	3203698.250000
 50-54 	7860997.000000	3898716.750000	3962279.750000
 55-59 	7659649.000000	3725710.250000	3933938.750000
 60-64 	6670398.500000	3170892.250000	3499506.500000
 65-69 	5688050.500000	2627182.000000	3060868.500000
 70-74 	4880694.000000	2184538.250000	2696156.000000
 75-79 	3961257.500000	1694688.375000	2266569.250000
 80+ 	5182980.000000	1875335.000000	3307645.000000
Total	107180016.000000	52706792.000000	54473224.000000
2045			
 0-4	6349249.000000	3254346.750000	3094902.500000
 5-9	6269292.000000	3213263.000000	3056029.250000
 10-14 	6159235.000000	3156307.000000	3002927.500000
 15-19 	6248643.500000	3199312.500000	3049331.250000
 20-24 	6634134.500000	3413411.500000	3220723.000000
 25-29 	7075733.000000	3668042.250000	3407690.500000
 30-34 	7180787.000000	3746543.250000	3434243.750000
 35-39 	6727368.000000	3484833.000000	3242535.000000
 40-44 	6160228.500000	3135205.750000	3025022.500000
 45-49 	6239577.000000	3144236.500000	3095341.000000
 50-54 	7619637.000000	3785774.000000	3833863.000000
 55-59 	7758569.500000	3780518.500000	3978051.000000
 60-64 	6834358.000000	3257051.500000	3577306.500000
 65-69 	5779019.500000	2673076.750000	3105942.750000
 70-74 	4961944.500000	2222483.750000	2739460.500000
 75-79 	4018403.500000	1722003.000000	2296400.250000
 80+ 	5397577.500000	1964577.750000	3432999.750000
Total	107413760.000000	52820988.000000	54592772.000000
2046			
 0-4	6340246.000000	3249877.500000	3090368.250000
 5-9	6288959.000000	3223510.000000	3065449.000000
 10-14 	6167183.000000	3160624.500000	3006558.500000
 15-19 	6199955.000000	3174521.000000	3025434.000000
 20-24 	6525414.000000	3350153.250000	3175260.500000
 25-29 	6990347.500000	3616800.500000	3373546.750000
 30-34 	7188684.000000	3746785.000000	3441899.000000
 35-39 	6832867.000000	3547320.250000	3285546.250000
 40-44 	6254548.500000	3192366.000000	3062182.500000
 45-49 	6101685.500000	3077442.000000	3024243.500000
 50-54 	7301881.000000	3634104.250000	3667776.750000
 55-59 	7827556.000000	3821559.500000	4005996.250000
 60-64 	6994259.000000	3341249.250000	3653010.000000
 65-69 	5892268.000000	2730864.500000	3161403.250000
 70-74 	5032360.500000	2255428.250000	2776932.250000
 75-79 	4080283.500000	1751462.625000	2328821.000000
 80+ 	5608264.000000	2052554.750000	3555709.500000
Total	107626760.000000	52926624.000000	54700136.000000
2047			
 0-4	6324148.500000	3241768.250000	3082380.250000
 5-9	6304917.000000	3231859.500000	3073057.500000
 10-14 	6181497.500000	3168172.500000	3013325.000000
 15-19 	6165523.000000	3157472.000000	3008051.250000
 20-24 	6425362.000000	3292467.000000	3132894.750000
 25-29 	6892967.000000	3559654.250000	3333312.500000
 30-34 	7171507.500000	3731858.000000	3439649.500000
 35-39 	6932240.000000	3605318.000000	3326922.250000
 40-44 	6357244.000000	3255690.750000	3101553.500000
 45-49 	6026448.000000	3041774.250000	2984674.000000
 50-54 	6954404.500000	3466957.500000	3487447.500000
 55-59 	7854257.000000	3842652.250000	4011604.750000
 60-64 	7143291.000000	3419860.000000	3723430.750000
 65-69 	6024931.000000	2799250.250000	3225680.750000
 70-74 	5096629.500000	2286235.750000	2810393.750000
 75-79 	4147607.500000	1782996.250000	2364611.500000
 80+ 	5815558.000000	2139361.250000	3676197.000000
Total	107818536.000000	53023348.000000	54795188.000000
2048			
 0-4	6301448.500000	3230263.250000	3071185.000000
 5-9	6315970.000000	3237698.500000	3078271.500000
 10-14 	6200440.500000	3178076.500000	3022364.000000
 15-19 	6144227.000000	3147070.000000	2997157.250000
 20-24 	6336319.000000	3242203.750000	3094115.250000
 25-29 	6786136.500000	3497559.500000	3288577.000000
 30-34 	7133797.500000	3705191.250000	3428606.250000
 35-39 	7017317.000000	3654202.750000	3363114.250000
 40-44 	6458676.000000	3319069.750000	3139606.250000
 45-49 	6003510.000000	3033032.000000	2970478.500000
 50-54 	6628311.500000	3309733.250000	3318578.500000
 55-59 	7811686.000000	3830054.000000	3981632.000000
 60-64 	7278505.000000	3491601.750000	3786903.000000
 65-69 	6172171.500000	2875803.500000	3296368.000000
 70-74 	5161923.000000	2318392.000000	2843531.250000
 75-79 	4218595.500000	1815924.500000	2402671.000000
 80+ 	6019769.500000	2225073.000000	3794696.500000
Total	107988808.000000	53110948.000000	54877856.000000
2049			
 0-4	6272770.500000	3215678.500000	3057092.000000
 5-9	6321164.000000	3240538.000000	3080626.000000
 10-14 	6221976.000000	3189302.000000	3032674.250000
 15-19 	6134505.000000	3142510.000000	2991995.000000
 20-24 	6259928.000000	3200359.500000	3059568.500000
 25-29 	6673850.500000	3432437.000000	3241413.750000
 30-34 	7078506.000000	3669150.500000	3409355.750000
 35-39 	7080951.500000	3689398.500000	3391553.000000
 40-44 	6562021.000000	3383018.750000	3179002.250000
 45-49 	6029346.500000	3050670.000000	2978676.750000
 50-54 	6353510.500000	3177165.250000	3176345.000000
 55-59 	7674714.500000	3770836.000000	3903878.250000
 60-64 	7398493.000000	3556287.500000	3842205.500000
 65-69 	6329530.500000	2958059.000000	3371471.250000
 70-74 	5236024.500000	2355634.750000	2880389.750000
 75-79 	4292119.500000	1849909.500000	2442210.000000
 80+ 	6218025.000000	2308362.250000	3909662.750000
Total	108137440.000000	53189316.000000	54948120.000000
2050			
 0-4	6237565.000000	3197714.000000	3039850.750000
 5-9	6319646.000000	3239935.500000	3079710.250000
 10-14 	6243743.000000	3200640.500000	3043102.500000
 15-19 	6134559.000000	3142869.000000	2991689.750000
 20-24 	6197255.500000	3167269.000000	3029986.250000
 25-29 	6561219.500000	3367041.250000	3194178.250000
 30-34 	7007692.000000	3625290.500000	3382402.000000
 35-39 	7117706.000000	3707635.500000	3410071.000000
 40-44 	6667520.000000	3446894.500000	3220625.250000
 45-49 	6095788.500000	3091191.500000	3004597.000000
 50-54 	6146825.500000	3077554.750000	3069270.750000
 55-59 	7440722.000000	3663061.500000	3777660.250000
 60-64 	7497202.000000	3611130.500000	3886071.500000
 65-69 	6489052.000000	3041495.750000	3447556.000000
 70-74 	5324920.000000	2400538.750000	2924381.250000
 75-79 	4368770.000000	1885638.125000	2483132.000000
 80+ 	6402840.000000	2385019.500000	4017820.500000
Total	108253024.000000	53250920.000000	55002104.000000
