Need for ART by age			
	India		
 	Total	Male	Female
1970			
 0-4	0.000000	0.000000	0.000000
 5-9	0.000000	0.000000	0.000000
 10-14 	0.000000	0.000000	0.000000
 15-19 	0.000000	0.000000	0.000000
 20-24 	0.000000	0.000000	0.000000
 25-29 	0.000000	0.000000	0.000000
 30-34 	0.000000	0.000000	0.000000
 35-39 	0.000000	0.000000	0.000000
 40-44 	0.000000	0.000000	0.000000
 45-49 	0.000000	0.000000	0.000000
 50-54 	0.000000	0.000000	0.000000
 55-59 	0.000000	0.000000	0.000000
 60-64 	0.000000	0.000000	0.000000
 65-69 	0.000000	0.000000	0.000000
 70-74 	0.000000	0.000000	0.000000
 75-79 	0.000000	0.000000	0.000000
 80+ 	0.000000	0.000000	0.000000
Total	0.000000	0.000000	0.000000
1971			
 0-4	0.000000	0.000000	0.000000
 5-9	0.000000	0.000000	0.000000
 10-14 	0.000000	0.000000	0.000000
 15-19 	0.000000	0.000000	0.000000
 20-24 	0.000000	0.000000	0.000000
 25-29 	0.000000	0.000000	0.000000
 30-34 	0.000000	0.000000	0.000000
 35-39 	0.000000	0.000000	0.000000
 40-44 	0.000000	0.000000	0.000000
 45-49 	0.000000	0.000000	0.000000
 50-54 	0.000000	0.000000	0.000000
 55-59 	0.000000	0.000000	0.000000
 60-64 	0.000000	0.000000	0.000000
 65-69 	0.000000	0.000000	0.000000
 70-74 	0.000000	0.000000	0.000000
 75-79 	0.000000	0.000000	0.000000
 80+ 	0.000000	0.000000	0.000000
Total	0.000000	0.000000	0.000000
1972			
 0-4	0.000000	0.000000	0.000000
 5-9	0.000000	0.000000	0.000000
 10-14 	0.000000	0.000000	0.000000
 15-19 	0.000000	0.000000	0.000000
 20-24 	0.000000	0.000000	0.000000
 25-29 	0.000000	0.000000	0.000000
 30-34 	0.000000	0.000000	0.000000
 35-39 	0.000000	0.000000	0.000000
 40-44 	0.000000	0.000000	0.000000
 45-49 	0.000000	0.000000	0.000000
 50-54 	0.000000	0.000000	0.000000
 55-59 	0.000000	0.000000	0.000000
 60-64 	0.000000	0.000000	0.000000
 65-69 	0.000000	0.000000	0.000000
 70-74 	0.000000	0.000000	0.000000
 75-79 	0.000000	0.000000	0.000000
 80+ 	0.000000	0.000000	0.000000
Total	0.000000	0.000000	0.000000
1973			
 0-4	0.000000	0.000000	0.000000
 5-9	0.000000	0.000000	0.000000
 10-14 	0.000000	0.000000	0.000000
 15-19 	0.000000	0.000000	0.000000
 20-24 	0.000000	0.000000	0.000000
 25-29 	0.000000	0.000000	0.000000
 30-34 	0.000000	0.000000	0.000000
 35-39 	0.000000	0.000000	0.000000
 40-44 	0.000000	0.000000	0.000000
 45-49 	0.000000	0.000000	0.000000
 50-54 	0.000000	0.000000	0.000000
 55-59 	0.000000	0.000000	0.000000
 60-64 	0.000000	0.000000	0.000000
 65-69 	0.000000	0.000000	0.000000
 70-74 	0.000000	0.000000	0.000000
 75-79 	0.000000	0.000000	0.000000
 80+ 	0.000000	0.000000	0.000000
Total	0.000000	0.000000	0.000000
1974			
 0-4	0.000000	0.000000	0.000000
 5-9	0.000000	0.000000	0.000000
 10-14 	0.000000	0.000000	0.000000
 15-19 	0.000000	0.000000	0.000000
 20-24 	0.000000	0.000000	0.000000
 25-29 	0.000000	0.000000	0.000000
 30-34 	0.000000	0.000000	0.000000
 35-39 	0.000000	0.000000	0.000000
 40-44 	0.000000	0.000000	0.000000
 45-49 	0.000000	0.000000	0.000000
 50-54 	0.000000	0.000000	0.000000
 55-59 	0.000000	0.000000	0.000000
 60-64 	0.000000	0.000000	0.000000
 65-69 	0.000000	0.000000	0.000000
 70-74 	0.000000	0.000000	0.000000
 75-79 	0.000000	0.000000	0.000000
 80+ 	0.000000	0.000000	0.000000
Total	0.000000	0.000000	0.000000
1975			
 0-4	0.000000	0.000000	0.000000
 5-9	0.000000	0.000000	0.000000
 10-14 	0.000000	0.000000	0.000000
 15-19 	0.000000	0.000000	0.000000
 20-24 	0.000000	0.000000	0.000000
 25-29 	0.000000	0.000000	0.000000
 30-34 	0.000000	0.000000	0.000000
 35-39 	0.000000	0.000000	0.000000
 40-44 	0.000000	0.000000	0.000000
 45-49 	0.000000	0.000000	0.000000
 50-54 	0.000000	0.000000	0.000000
 55-59 	0.000000	0.000000	0.000000
 60-64 	0.000000	0.000000	0.000000
 65-69 	0.000000	0.000000	0.000000
 70-74 	0.000000	0.000000	0.000000
 75-79 	0.000000	0.000000	0.000000
 80+ 	0.000000	0.000000	0.000000
Total	0.000000	0.000000	0.000000
1976			
 0-4	0.000000	0.000000	0.000000
 5-9	0.000000	0.000000	0.000000
 10-14 	0.000000	0.000000	0.000000
 15-19 	0.000000	0.000000	0.000000
 20-24 	0.000000	0.000000	0.000000
 25-29 	0.000000	0.000000	0.000000
 30-34 	0.000000	0.000000	0.000000
 35-39 	0.000000	0.000000	0.000000
 40-44 	0.000000	0.000000	0.000000
 45-49 	0.000000	0.000000	0.000000
 50-54 	0.000000	0.000000	0.000000
 55-59 	0.000000	0.000000	0.000000
 60-64 	0.000000	0.000000	0.000000
 65-69 	0.000000	0.000000	0.000000
 70-74 	0.000000	0.000000	0.000000
 75-79 	0.000000	0.000000	0.000000
 80+ 	0.000000	0.000000	0.000000
Total	0.000000	0.000000	0.000000
1977			
 0-4	0.000000	0.000000	0.000000
 5-9	0.000000	0.000000	0.000000
 10-14 	0.000000	0.000000	0.000000
 15-19 	0.000000	0.000000	0.000000
 20-24 	0.000000	0.000000	0.000000
 25-29 	0.000000	0.000000	0.000000
 30-34 	0.000000	0.000000	0.000000
 35-39 	0.000000	0.000000	0.000000
 40-44 	0.000000	0.000000	0.000000
 45-49 	0.000000	0.000000	0.000000
 50-54 	0.000000	0.000000	0.000000
 55-59 	0.000000	0.000000	0.000000
 60-64 	0.000000	0.000000	0.000000
 65-69 	0.000000	0.000000	0.000000
 70-74 	0.000000	0.000000	0.000000
 75-79 	0.000000	0.000000	0.000000
 80+ 	0.000000	0.000000	0.000000
Total	0.000000	0.000000	0.000000
1978			
 0-4	0.000000	0.000000	0.000000
 5-9	0.000000	0.000000	0.000000
 10-14 	0.000000	0.000000	0.000000
 15-19 	0.000000	0.000000	0.000000
 20-24 	0.000000	0.000000	0.000000
 25-29 	0.000000	0.000000	0.000000
 30-34 	0.000000	0.000000	0.000000
 35-39 	0.000000	0.000000	0.000000
 40-44 	0.000000	0.000000	0.000000
 45-49 	0.000000	0.000000	0.000000
 50-54 	0.000000	0.000000	0.000000
 55-59 	0.000000	0.000000	0.000000
 60-64 	0.000000	0.000000	0.000000
 65-69 	0.000000	0.000000	0.000000
 70-74 	0.000000	0.000000	0.000000
 75-79 	0.000000	0.000000	0.000000
 80+ 	0.000000	0.000000	0.000000
Total	0.000000	0.000000	0.000000
1979			
 0-4	0.000000	0.000000	0.000000
 5-9	0.000000	0.000000	0.000000
 10-14 	0.000000	0.000000	0.000000
 15-19 	0.000000	0.000000	0.000000
 20-24 	0.000000	0.000000	0.000000
 25-29 	0.000000	0.000000	0.000000
 30-34 	0.000000	0.000000	0.000000
 35-39 	0.000000	0.000000	0.000000
 40-44 	0.000000	0.000000	0.000000
 45-49 	0.000000	0.000000	0.000000
 50-54 	0.000000	0.000000	0.000000
 55-59 	0.000000	0.000000	0.000000
 60-64 	0.000000	0.000000	0.000000
 65-69 	0.000000	0.000000	0.000000
 70-74 	0.000000	0.000000	0.000000
 75-79 	0.000000	0.000000	0.000000
 80+ 	0.000000	0.000000	0.000000
Total	0.000000	0.000000	0.000000
1980			
 0-4	0.000000	0.000000	0.000000
 5-9	0.000000	0.000000	0.000000
 10-14 	0.000000	0.000000	0.000000
 15-19 	0.000000	0.000000	0.000000
 20-24 	0.000000	0.000000	0.000000
 25-29 	0.000000	0.000000	0.000000
 30-34 	0.000000	0.000000	0.000000
 35-39 	0.000000	0.000000	0.000000
 40-44 	0.000000	0.000000	0.000000
 45-49 	0.000000	0.000000	0.000000
 50-54 	0.000000	0.000000	0.000000
 55-59 	0.000000	0.000000	0.000000
 60-64 	0.000000	0.000000	0.000000
 65-69 	0.000000	0.000000	0.000000
 70-74 	0.000000	0.000000	0.000000
 75-79 	0.000000	0.000000	0.000000
 80+ 	0.000000	0.000000	0.000000
Total	0.000000	0.000000	0.000000
1981			
 0-4	0.000000	0.000000	0.000000
 5-9	0.000000	0.000000	0.000000
 10-14 	0.000000	0.000000	0.000000
 15-19 	0.000000	0.000000	0.000000
 20-24 	0.000000	0.000000	0.000000
 25-29 	0.000000	0.000000	0.000000
 30-34 	0.000000	0.000000	0.000000
 35-39 	0.000000	0.000000	0.000000
 40-44 	0.000000	0.000000	0.000000
 45-49 	0.000000	0.000000	0.000000
 50-54 	0.000000	0.000000	0.000000
 55-59 	0.000000	0.000000	0.000000
 60-64 	0.000000	0.000000	0.000000
 65-69 	0.000000	0.000000	0.000000
 70-74 	0.000000	0.000000	0.000000
 75-79 	0.000000	0.000000	0.000000
 80+ 	0.000000	0.000000	0.000000
Total	0.000000	0.000000	0.000000
1982			
 0-4	21.958651	11.324921	10.633730
 5-9	0.000000	0.000000	0.000000
 10-14 	0.000000	0.000000	0.000000
 15-19 	0.000000	0.000000	0.000000
 20-24 	0.000000	0.000000	0.000000
 25-29 	0.000000	0.000000	0.000000
 30-34 	0.000000	0.000000	0.000000
 35-39 	0.000000	0.000000	0.000000
 40-44 	0.000000	0.000000	0.000000
 45-49 	0.000000	0.000000	0.000000
 50-54 	0.000000	0.000000	0.000000
 55-59 	0.000000	0.000000	0.000000
 60-64 	0.000000	0.000000	0.000000
 65-69 	0.000000	0.000000	0.000000
 70-74 	0.000000	0.000000	0.000000
 75-79 	0.000000	0.000000	0.000000
 80+ 	0.000000	0.000000	0.000000
Total	21.958651	11.324921	10.633730
1983			
 0-4	42.235423	21.799024	20.436400
 5-9	0.000000	0.000000	0.000000
 10-14 	0.000000	0.000000	0.000000
 15-19 	0.000000	0.000000	0.000000
 20-24 	0.000000	0.000000	0.000000
 25-29 	0.000000	0.000000	0.000000
 30-34 	0.000000	0.000000	0.000000
 35-39 	0.000000	0.000000	0.000000
 40-44 	0.000000	0.000000	0.000000
 45-49 	0.000000	0.000000	0.000000
 50-54 	0.000000	0.000000	0.000000
 55-59 	0.000000	0.000000	0.000000
 60-64 	0.000000	0.000000	0.000000
 65-69 	0.000000	0.000000	0.000000
 70-74 	0.000000	0.000000	0.000000
 75-79 	0.000000	0.000000	0.000000
 80+ 	0.000000	0.000000	0.000000
Total	42.235423	21.799024	20.436400
1984			
 0-4	76.499803	39.509558	36.990244
 5-9	0.000000	0.000000	0.000000
 10-14 	0.000000	0.000000	0.000000
 15-19 	0.077962	0.049190	0.028773
 20-24 	0.395955	0.286559	0.109397
 25-29 	1.200453	0.927619	0.272834
 30-34 	1.227839	0.983557	0.244283
 35-39 	1.338732	1.087481	0.251251
 40-44 	1.073951	0.873240	0.200711
 45-49 	1.351562	1.079387	0.272174
 50-54 	0.983574	0.776384	0.207189
 55-59 	0.604646	0.483018	0.121628
 60-64 	0.382929	0.317648	0.065281
 65-69 	0.260432	0.223891	0.036541
 70-74 	0.176365	0.146900	0.029465
 75-79 	0.079251	0.069257	0.009994
 80+ 	0.008454	0.008454	0.000000
Total	85.661908	46.822143	38.839765
1985			
 0-4	119.450631	61.726901	57.723730
 5-9	0.000000	0.000000	0.000000
 10-14 	0.000000	0.000000	0.000000
 15-19 	0.353581	0.217978	0.135603
 20-24 	2.642329	1.874163	0.768166
 25-29 	8.258336	6.313485	1.944851
 30-34 	9.261176	7.377580	1.883596
 35-39 	9.031045	7.319035	1.712010
 40-44 	7.595022	6.179092	1.415930
 45-49 	8.530004	6.825885	1.704119
 50-54 	6.657777	5.252384	1.405393
 55-59 	4.067820	3.229010	0.838810
 60-64 	2.518007	2.066954	0.451054
 65-69 	1.671221	1.427813	0.243408
 70-74 	1.119596	0.941862	0.177734
 75-79 	0.563809	0.477630	0.086179
 80+ 	0.085408	0.084842	0.000566
Total	181.805762	111.314614	70.491148
1986			
 0-4	187.229167	96.803102	90.426065
 5-9	0.000000	0.000000	0.000000
 10-14 	0.000000	0.000000	0.000000
 15-19 	0.577887	0.351040	0.226847
 20-24 	6.920383	4.790224	2.130159
 25-29 	22.879077	17.283167	5.595910
 30-34 	27.633447	21.851367	5.782080
 35-39 	25.364446	20.479864	4.884582
 40-44 	21.574720	17.522931	4.051789
 45-49 	22.400699	17.932136	4.468563
 50-54 	18.233888	14.362022	3.871866
 55-59 	11.099415	8.752866	2.346549
 60-64 	6.759983	5.491701	1.268282
 65-69 	4.380182	3.711660	0.668522
 70-74 	2.893631	2.450352	0.443279
 75-79 	1.562979	1.300242	0.262737
 80+ 	0.305869	0.293918	0.011951
Total	359.815775	233.376593	126.439181
1987			
 0-4	283.277709	146.532215	136.745494
 5-9	0.000000	0.000000	0.000000
 10-14 	0.000000	0.000000	0.000000
 15-19 	0.522957	0.308574	0.214383
 20-24 	12.993567	8.757866	4.235701
 25-29 	45.844089	34.181216	11.662873
 30-34 	58.660110	45.957367	12.702743
 35-39 	53.020138	42.597853	10.422285
 40-44 	44.340489	35.866939	8.473550
 45-49 	43.732840	34.955586	8.777254
 50-54 	36.383727	28.563149	7.820578
 55-59 	22.090575	17.289809	4.800766
 60-64 	13.323344	10.713333	2.610011
 65-69 	8.445434	7.091260	1.354174
 70-74 	5.521061	4.678354	0.842707
 75-79 	3.080370	2.538664	0.541705
 80+ 	0.727075	0.677687	0.049388
Total	631.963484	420.709873	211.253610
1988			
 0-4	442.196622	228.943767	213.252855
 5-9	0.000000	0.000000	0.000000
 10-14 	0.000000	0.000000	0.000000
 15-19 	0.765605	0.442204	0.323401
 20-24 	19.884027	13.088057	6.795971
 25-29 	77.824929	57.209532	20.615397
 30-34 	103.444386	80.172617	23.271769
 35-39 	95.352276	76.152082	19.200193
 40-44 	77.072699	61.991365	15.081334
 45-49 	73.846541	58.846595	14.999947
 50-54 	61.419619	47.984730	13.434889
 55-59 	37.412922	29.035056	8.377867
 60-64 	22.443635	17.859510	4.584125
 65-69 	13.963726	11.609166	2.354560
 70-74 	9.054656	7.645440	1.409217
 75-79 	5.121833	4.191758	0.930075
 80+ 	1.371643	1.255701	0.115941
Total	1041.175118	696.427578	344.747541
1989			
 0-4	706.533119	366.340656	340.192462
 5-9	0.000000	0.000000	0.000000
 10-14 	0.000000	0.000000	0.000000
 15-19 	1.046930	0.589099	0.457831
 20-24 	28.536822	18.367947	10.168875
 25-29 	120.875009	87.447873	33.427137
 30-34 	166.358042	127.373409	38.984633
 35-39 	157.974739	125.224705	32.750034
 40-44 	124.050951	99.079576	24.971376
 45-49 	116.317883	92.206471	24.111412
 50-54 	95.978785	74.476536	21.502249
 55-59 	58.712682	45.117682	13.595000
 60-64 	35.142137	27.653577	7.488561
 65-69 	21.587256	17.758721	3.828535
 70-74 	13.901620	11.657733	2.243887
 75-79 	7.868088	6.410202	1.457886
 80+ 	2.301937	2.068976	0.232961
Total	1657.185999	1101.773161	555.412838
1990			
 0-4	1161.604274	603.447897	558.156377
 5-9	0.000000	0.000000	0.000000
 10-14 	0.000000	0.000000	0.000000
 15-19 	1.740078	0.957143	0.782935
 20-24 	40.481062	25.568885	14.912177
 25-29 	180.753761	128.491422	52.262339
 30-34 	256.313038	193.694624	62.618413
 35-39 	249.810123	196.210544	53.599579
 40-44 	194.487062	154.093451	40.393611
 45-49 	178.016395	140.037310	37.979085
 50-54 	145.493855	111.913054	33.580800
 55-59 	89.434928	67.942904	21.492023
 60-64 	53.510966	41.593990	11.916976
 65-69 	32.663497	26.579033	6.084463
 70-74 	20.919364	17.382607	3.536757
 75-79 	11.808186	9.565511	2.242675
 80+ 	3.612228	3.204678	0.407549
Total	2620.648816	1720.683056	899.965761
1991			
 0-4	1926.818498	1002.990078	923.828419
 5-9	0.000000	0.000000	0.000000
 10-14 	0.000000	0.000000	0.000000
 15-19 	2.806408	1.509118	1.297290
 20-24 	59.245597	36.762389	22.483208
 25-29 	270.110023	188.560717	81.549306
 30-34 	389.991399	290.666154	99.325245
 35-39 	387.880247	301.401932	86.478315
 40-44 	305.271112	239.706106	65.565006
 45-49 	271.539042	211.482570	60.056472
 50-54 	220.270139	167.646019	52.624120
 55-59 	136.125661	102.057085	34.068576
 60-64 	81.514169	62.511400	19.002768
 65-69 	49.716587	40.009762	9.706825
 70-74 	31.734155	26.093796	5.640359
 75-79 	17.869654	14.359270	3.510384
 80+ 	5.520332	4.855346	0.664985
Total	4156.413022	2690.611742	1465.801280
1992			
 0-4	3202.904412	1670.165366	1532.739046
 5-9	0.000000	0.000000	0.000000
 10-14 	0.000000	0.000000	0.000000
 15-19 	4.724122	2.485009	2.239113
 20-24 	90.435163	55.105447	35.329716
 25-29 	413.140619	283.380072	129.760547
 30-34 	598.235891	439.532856	158.703035
 35-39 	602.016464	462.154432	139.862032
 40-44 	487.971438	379.505934	108.465504
 45-49 	419.517624	322.810421	96.707204
 50-54 	338.502650	254.584422	83.918228
 55-59 	210.728096	155.680558	55.047538
 60-64 	126.285179	95.431169	30.854011
 65-69 	77.296852	61.517272	15.779579
 70-74 	49.267116	40.060791	9.206324
 75-79 	27.744183	22.062972	5.681211
 80+ 	8.433008	7.381068	1.051939
Total	6657.202816	4251.857789	2405.345028
1993			
 0-4	5234.496511	2733.239992	2501.256519
 5-9	0.000000	0.000000	0.000000
 10-14 	0.000000	0.000000	0.000000
 15-19 	8.008480	4.122491	3.885989
 20-24 	145.644636	87.086443	58.558193
 25-29 	649.789189	438.537474	211.251715
 30-34 	935.948463	677.689868	258.258595
 35-39 	945.023731	716.069960	228.953771
 40-44 	795.408983	612.384382	183.024601
 45-49 	662.788533	503.322433	159.466100
 50-54 	531.440887	394.632599	136.808288
 55-59 	333.598208	242.665686	90.932522
 60-64 	200.198543	148.950387	51.248156
 65-69 	123.218566	96.959409	26.259157
 70-74 	78.560858	63.165325	15.395533
 75-79 	44.340565	34.847763	9.492802
 80+ 	13.112646	11.439423	1.673223
Total	10701.578800	6765.113635	3936.465165
1994			
 0-4	8241.617119	4308.206690	3933.410429
 5-9	0.000000	0.000000	0.000000
 10-14 	0.000000	0.000000	0.000000
 15-19 	13.438603	6.772777	6.665826
 20-24 	239.407704	140.368022	99.039682
 25-29 	1047.767681	696.362721	351.404960
 30-34 	1494.056124	1066.056444	427.999680
 35-39 	1506.919987	1126.791832	380.128155
 40-44 	1309.867393	997.815792	312.051601
 45-49 	1072.639285	804.115557	268.523729
 50-54 	850.190236	623.078581	227.111655
 55-59 	537.242437	384.866341	152.376096
 60-64 	323.545484	236.950514	86.594970
 65-69 	200.136807	155.634513	44.502293
 70-74 	127.847933	101.674066	26.173867
 75-79 	72.405584	56.209020	16.196564
 80+ 	20.890760	18.162523	2.728237
Total	17057.973138	10723.065393	6334.907745
1995			
 0-4	12288.417421	6429.795236	5858.622186
 5-9	0.000000	0.000000	0.000000
 10-14 	0.000000	0.000000	0.000000
 15-19 	22.082369	10.900687	11.181682
 20-24 	404.056278	232.656484	171.399794
 25-29 	1698.578921	1112.495317	586.083604
 30-34 	2417.720355	1700.326351	717.394004
 35-39 	2430.248534	1793.803194	636.445340
 40-44 	2156.522739	1624.834509	531.688231
 45-49 	1766.974239	1309.297816	457.676423
 50-54 	1375.173212	994.705124	380.468088
 55-59 	870.924554	614.974597	255.949957
 60-64 	527.945328	380.699467	147.245861
 65-69 	327.598278	251.599768	75.998510
 70-74 	209.905682	165.193015	44.712667
 75-79 	119.355227	91.526753	27.828474
 80+ 	33.959059	29.388564	4.570495
Total	26649.462196	16742.196882	9907.265314
1996			
 0-4	17156.163961	8984.665121	8171.498840
 5-9	0.000000	0.000000	0.000000
 10-14 	0.000000	0.000000	0.000000
 15-19 	34.802295	16.837872	17.964423
 20-24 	660.371207	373.073714	287.297493
 25-29 	2739.343508	1767.521238	971.822270
 30-34 	3916.303486	2715.574913	1200.728573
 35-39 	3912.883018	2852.197922	1060.685097
 40-44 	3512.919440	2617.957903	894.961537
 45-49 	2921.673576	2143.422005	778.251572
 50-54 	2217.275975	1583.948965	633.327010
 55-59 	1402.223276	977.287106	424.936170
 60-64 	857.207318	608.925012	248.282306
 65-69 	532.332661	403.537334	128.795327
 70-74 	342.117140	266.613462	75.503678
 75-79 	195.581059	148.194172	47.386887
 80+ 	55.638378	47.841338	7.797039
Total	40456.836299	25507.598076	14949.238223
1997			
 0-4	22448.698601	11766.193249	10682.505352
 5-9	0.000000	0.000000	0.000000
 10-14 	0.000000	0.000000	0.000000
 15-19 	53.530782	25.520526	28.010256
 20-24 	1040.983487	576.568968	464.414519
 25-29 	4312.348657	2739.945106	1572.403551
 30-34 	6246.232431	4271.845764	1974.386667
 35-39 	6193.472008	4460.632084	1732.839924
 40-44 	5579.025062	4113.136101	1465.888961
 45-49 	4770.500413	3471.713604	1298.786809
 50-54 	3502.567255	2473.369530	1029.197725
 55-59 	2206.264688	1520.399349	685.865339
 60-64 	1362.101585	953.760504	408.341082
 65-69 	843.946286	631.070919	212.875367
 70-74 	543.680246	419.908993	123.771253
 75-79 	312.961542	234.430095	78.531447
 80+ 	90.447246	77.086354	13.360892
Total	59506.760288	37735.581145	21771.179143
1998			
 0-4	27745.850998	14554.655926	13191.195072
 5-9	0.000000	0.000000	0.000000
 10-14 	0.000000	0.000000	0.000000
 15-19 	72.858902	34.246128	38.612774
 20-24 	1554.389544	843.430956	710.958588
 25-29 	6524.576993	4079.644599	2444.932394
 30-34 	9643.767811	6507.742455	3136.025356
 35-39 	9495.241943	6760.349770	2734.892174
 40-44 	8533.391300	6226.769066	2306.622234
 45-49 	7533.150505	5446.981400	2086.169106
 50-54 	5355.236704	3744.613907	1610.622797
 55-59 	3343.729862	2282.279282	1061.450581
 60-64 	2082.769060	1438.923023	643.846037
 65-69 	1285.575931	947.900646	337.675284
 70-74 	828.655717	634.752735	193.902982
 75-79 	481.196814	356.650877	124.545937
 80+ 	143.463395	120.870482	22.592912
Total	84623.855478	53979.811250	30644.044228
1999			
 0-4	32599.971664	17114.838676	15485.132988
 5-9	0.000000	0.000000	0.000000
 10-14 	0.000000	0.000000	0.000000
 15-19 	90.825653	42.376541	48.449113
 20-24 	2171.318534	1154.209946	1017.108589
 25-29 	9409.471044	5787.803587	3621.667457
 30-34 	14199.022369	9460.174759	4738.847610
 35-39 	13946.301338	9821.010239	4125.291100
 40-44 	12480.754494	9021.957436	3458.797058
 45-49 	11301.295712	8128.038078	3173.257633
 50-54 	7872.312290	5465.689285	2406.623005
 55-59 	4835.549788	3274.038094	1561.511694
 60-64 	3026.201553	2065.826733	960.374821
 65-69 	1862.803877	1354.586765	508.217112
 70-74 	1197.893358	910.476568	287.416790
 75-79 	702.919569	516.267795	186.651774
 80+ 	218.986242	181.926819	37.059423
Total	115915.627486	74299.221320	41616.406166
2000			
 0-4	36660.406387	19261.177307	17399.229080
 5-9	0.000000	0.000000	0.000000
 10-14 	0.000000	0.000000	0.000000
 15-19 	103.494092	48.161037	55.333055
 20-24 	2820.198043	1469.541994	1350.656049
 25-29 	13005.908003	7876.150343	5129.757660
 30-34 	19650.012604	12931.854691	6718.157913
 35-39 	19522.674873	13603.051437	5919.623436
 40-44 	17399.453419	12472.193451	4927.259968
 45-49 	15973.062965	11433.348587	4539.714378
 50-54 	11086.012383	7664.711746	3421.300636
 55-59 	6647.477684	4470.372063	2177.105621
 60-64 	4155.613323	2807.633144	1347.980179
 65-69 	2556.964598	1834.597912	722.366686
 70-74 	1635.331222	1233.280363	402.050858
 75-79 	970.186795	707.475477	262.711318
 80+ 	318.915533	260.753193	58.162340
Total	152505.711924	98074.302746	54431.409178
2001			
 0-4	39712.986732	20879.191246	18833.795486
 5-9	0.000000	0.000000	0.000000
 10-14 	0.000000	0.000000	0.000000
 15-19 	113.316848	52.759721	60.557127
 20-24 	3405.413492	1741.104405	1664.309087
 25-29 	16740.893869	9974.443329	6766.450541
 30-34 	25992.175201	16889.211670	9102.963531
 35-39 	26047.864273	17961.351746	8086.512527
 40-44 	23100.628708	16430.359131	6670.269577
 45-49 	21304.906700	15180.980835	6123.925865
 50-54 	14931.534035	10302.184296	4629.349739
 55-59 	8685.780849	5807.574196	2878.206654
 60-64 	5401.261162	3617.035461	1784.225700
 65-69 	3327.752562	2356.614223	971.138338
 70-74 	2111.275343	1578.983814	532.291529
 75-79 	1264.891463	917.548292	347.343171
 80+ 	441.616045	354.992062	86.623983
Total	192582.297282	124044.334426	68537.962856
2002			
 0-4	41682.997536	21927.188980	19755.808556
 5-9	0.000000	0.000000	0.000000
 10-14 	0.000000	0.000000	0.000000
 15-19 	122.311299	57.274107	65.037192
 20-24 	3836.472514	1927.053438	1909.419075
 25-29 	20330.018595	11910.714481	8419.304113
 30-34 	32680.975586	20962.335846	11718.639740
 35-39 	33210.445908	22663.725830	10546.720078
 40-44 	29296.911598	20682.929321	8613.982277
 45-49 	26917.295258	19092.656677	7824.638580
 50-54 	19295.661285	13307.005646	5988.655640
 55-59 	10815.117905	7194.811020	3620.306885
 60-64 	6673.835785	4436.461067	2237.374718
 65-69 	4124.559351	2883.898727	1240.660624
 70-74 	2589.226277	1918.754787	670.471490
 75-79 	1563.520586	1130.182709	433.337877
 80+ 	581.608082	459.549133	122.058949
Total	233720.957564	150554.541771	83166.415793
2003			
 0-4	38641.717743	20339.045586	18302.672157
 5-9	0.000000	0.000000	0.000000
 10-14 	0.000000	0.000000	0.000000
 15-19 	137.302340	65.424128	71.878212
 20-24 	4053.367603	2003.379582	2049.988021
 25-29 	23384.563511	13464.957649	9919.605862
 30-34 	39206.900015	24815.927542	14390.972473
 35-39 	40588.369681	27413.866065	13174.503616
 40-44 	35655.877299	24988.590861	10667.286438
 45-49 	32460.919558	22918.621340	9542.298218
 50-54 	23905.824948	16489.851041	7415.973907
 55-59 	12940.667214	8575.098343	4365.568871
 60-64 	7889.208713	5212.007564	2677.201149
 65-69 	4889.150901	3377.264160	1511.886742
 70-74 	3035.201329	2227.113037	808.088291
 75-79 	1842.031045	1328.303655	513.727390
 80+ 	730.571535	567.746890	162.824644
Total	269361.673435	173787.197443	95574.475992
2004			
 0-4	35948.453506	18928.316231	17020.137276
 5-9	0.000000	0.000000	0.000000
 10-14 	0.000000	0.000000	0.000000
 15-19 	166.149555	81.028719	85.120836
 20-24 	4046.256362	1971.499177	2074.757186
 25-29 	25600.972703	14484.766966	11116.205737
 30-34 	45179.419262	28208.295814	16971.123448
 35-39 	47595.499781	31820.342287	15775.157494
 40-44 	41844.043084	29108.959976	12735.083107
 45-49 	37710.709413	26504.907185	11205.802228
 50-54 	28349.954328	19555.757431	8794.196897
 55-59 	15025.846838	9935.999501	5089.847338
 60-64 	8985.283938	5903.405724	3081.878214
 65-69 	5564.657992	3800.992092	1763.665900
 70-74 	3423.462330	2486.293411	937.168920
 75-79 	2080.393137	1497.075964	583.317173
 80+ 	878.753558	672.556299	206.197259
Total	302399.855788	194960.196776	107439.659012
2005			
 0-4	33959.534345	17883.883760	16075.650584
 5-9	0.000000	0.000000	0.000000
 10-14 	0.000000	0.000000	0.000000
 15-19 	223.000257	111.503661	111.496596
 20-24 	3855.283710	1855.830923	1999.452787
 25-29 	26883.550873	14961.456010	11922.094863
 30-34 	50825.581715	31345.505174	19480.076541
 35-39 	53581.985610	35488.980152	18093.005458
 40-44 	47817.558695	33041.607932	14775.950763
 45-49 	42705.852715	29907.768796	12798.083920
 50-54 	32423.355992	22373.612639	10049.743352
 55-59 	17132.363168	11339.504334	5792.858835
 60-64 	9974.978217	6526.913355	3448.064862
 65-69 	6142.141441	4156.949215	1985.192225
 70-74 	3757.117371	2702.444926	1054.672446
 75-79 	2277.632087	1636.483853	641.148234
 80+ 	1022.314091	772.503905	249.810185
Total	332582.250287	214104.948635	118477.301651
2006			
 0-4	32242.739995	16977.806726	15264.933268
 5-9	102.903892	54.110525	48.793367
 10-14 	0.000000	0.000000	0.000000
 15-19 	328.488679	167.866121	160.622558
 20-24 	3556.060175	1694.874530	1861.185646
 25-29 	27461.592272	15064.569300	12397.022972
 30-34 	55579.468342	33899.281883	21680.186459
 35-39 	60278.478745	39595.145163	20683.333582
 40-44 	54366.393940	37372.808552	16993.585388
 45-49 	48056.474475	33583.956295	14472.518180
 50-54 	36683.287106	25358.413321	11324.873785
 55-59 	19606.513049	13036.271569	6570.241479
 60-64 	11048.637890	7218.828572	3829.809319
 65-69 	6739.000883	4532.359801	2206.641082
 70-74 	4107.669877	2930.612556	1177.057320
 75-79 	2476.020497	1778.345767	697.674730
 80+ 	1178.607737	882.268431	296.339306
Total	363812.337552	234147.519113	129664.818440
2007			
 0-4	32869.279305	17297.548243	15571.731062
 5-9	512.634114	269.470191	243.163923
 10-14 	0.000000	0.000000	0.000000
 15-19 	511.846334	265.470221	246.376113
 20-24 	3201.219751	1513.895543	1687.324209
 25-29 	27204.281261	14727.108038	12477.173222
 30-34 	59425.899921	35847.825174	23578.074747
 35-39 	66885.425133	43578.095819	23307.329313
 40-44 	61274.724174	41917.219341	19357.504833
 45-49 	53626.829516	37413.579523	16213.249993
 50-54 	41065.273295	28446.232653	12619.040643
 55-59 	22525.171635	15077.311451	7447.860184
 60-64 	12207.520945	7975.079034	4232.441911
 65-69 	7359.414358	4928.130428	2431.283929
 70-74 	4477.463815	3169.990130	1307.473685
 75-79 	2673.928683	1919.666455	754.262228
 80+ 	1346.737094	1001.188121	345.548973
Total	397167.649334	255347.810366	141819.838968
2008			
 0-4	32980.187827	17342.708771	15637.479056
 5-9	1573.425973	826.880193	746.545780
 10-14 	0.000000	0.000000	0.000000
 15-19 	827.332950	433.746697	393.586252
 20-24 	2871.138769	1353.424000	1517.714770
 25-29 	26809.925730	14373.683339	12436.242390
 30-34 	63990.760571	38250.316845	25740.443726
 35-39 	75893.385254	49144.685448	26748.699806
 40-44 	71015.169792	48455.319458	22559.850334
 45-49 	61440.878984	42871.108109	18569.770876
 50-54 	47324.590433	32907.537712	14417.052721
 55-59 	26852.639097	18145.448776	8707.190321
 60-64 	14039.152833	9203.224894	4835.927939
 65-69 	8330.571459	5571.561729	2759.009729
 70-74 	5055.011472	3558.328636	1496.682836
 75-79 	2985.258320	2145.022209	840.236111
 80+ 	1587.589519	1175.949198	411.640321
Total	443577.018982	285758.946013	157818.072969
2009			
 0-4	32161.178748	16898.637251	15262.541497
 5-9	3480.241555	1828.143741	1652.097814
 10-14 	0.000000	0.000000	0.000000
 15-19 	1296.731817	684.286739	612.445078
 20-24 	2576.092969	1215.021568	1361.071401
 25-29 	25689.914678	13664.504682	12025.409996
 30-34 	67610.778954	40051.308777	27559.470177
 35-39 	85468.761578	54997.742996	30471.018581
 40-44 	81583.671412	55539.838776	26043.832636
 45-49 	70262.575588	49042.923000	21219.652588
 50-54 	54642.313196	38146.585865	16495.727331
 55-59 	32033.822758	21851.712257	10182.110500
 60-64 	16393.501043	10807.826797	5585.674247
 65-69 	9507.246120	6355.553368	3151.692753
 70-74 	5730.273062	4011.894292	1718.378770
 75-79 	3347.960999	2406.513454	941.447545
 80+ 	1872.508016	1383.740920	488.767096
Total	493657.572494	318886.234483	174771.338011
2010			
 0-4	31994.577803	16799.032204	15195.545599
 5-9	6170.634340	3239.547577	2931.086763
 10-14 	0.000000	0.000000	0.000000
 15-19 	4391.188258	2253.633631	2137.554627
 20-24 	16936.410757	8316.072770	8620.337986
 25-29 	83993.840978	45150.217278	38843.623699
 30-34 	184925.660389	108514.727680	76410.932709
 35-39 	238468.657288	151208.492142	87260.165146
 40-44 	210466.659321	141109.266518	69357.392803
 45-49 	163970.240868	112922.408760	51047.832108
 50-54 	112106.972980	77335.411606	34771.561375
 55-59 	66303.665272	44832.343529	21471.321743
 60-64 	34057.301860	22325.738894	11731.562966
 65-69 	19402.026059	12906.017011	6496.009048
 70-74 	11809.360045	8181.387471	3627.972574
 75-79 	6886.255949	4878.972970	2007.282979
 80+ 	3721.740590	2743.737934	978.002656
Total	1195605.192755	762717.007975	432888.184780
2011			
 0-4	30326.342809	15912.301589	14414.041220
 5-9	9520.984703	4995.453074	4525.531629
 10-14 	99.556594	52.305221	47.251373
 15-19 	5877.517345	3050.851503	2826.665842
 20-24 	15664.112679	7726.633102	7937.479577
 25-29 	76590.543701	41071.574654	35518.969047
 30-34 	179730.017483	104551.494972	75178.522511
 35-39 	246517.437534	155029.935890	91487.501644
 40-44 	223569.622955	149094.051697	74475.571259
 45-49 	176776.163074	121476.745079	55299.417995
 50-54 	122426.540897	84580.155739	37846.385159
 55-59 	73783.975962	50161.803795	23622.172167
 60-64 	38397.874407	25326.133455	13071.740952
 65-69 	21117.317556	14013.521554	7103.796002
 70-74 	12659.868521	8718.341063	3941.527459
 75-79 	7348.859900	5190.078759	2158.781141
 80+ 	4133.291850	3035.564747	1097.727103
Total	1244540.027973	793986.945892	450553.082080
2012			
 0-4	29394.031191	15416.831901	13977.199290
 5-9	13050.233665	6841.370024	6208.863641
 10-14 	496.522741	260.750560	235.772181
 15-19 	7518.098598	3924.224338	3593.874260
 20-24 	14947.494601	7418.735689	7528.758911
 25-29 	69821.036617	37410.185623	32410.850994
 30-34 	172496.245977	99542.900963	72953.345015
 35-39 	251809.204308	156915.273911	94893.930397
 40-44 	236556.503502	156712.914764	79843.588737
 45-49 	190406.651112	130409.819283	59996.831829
 50-54 	133222.071373	92034.587917	41187.483456
 55-59 	81634.619549	55693.778923	25940.840626
 60-64 	43647.979158	28965.829906	14682.149252
 65-69 	23046.708106	15247.383175	7799.324931
 70-74 	13588.465945	9298.653958	4289.811987
 75-79 	7863.007070	5524.324497	2338.682573
 80+ 	4565.699914	3338.657478	1227.042436
Total	1294064.573426	824956.222910	469108.350516
2013			
 0-4	27813.150763	14581.916616	13231.234147
 5-9	16046.818526	8405.753237	7641.065289
 10-14 	1526.201651	801.246924	724.954727
 15-19 	9179.063388	4808.313927	4370.749462
 20-24 	14757.529568	7375.948975	7381.580593
 25-29 	63908.392745	34274.518591	29633.874155
 30-34 	163599.847113	93780.082645	69819.764467
 35-39 	253889.758385	156698.605759	97191.152626
 40-44 	248960.555573	163671.109383	85289.446190
 45-49 	204484.527905	139478.082726	65006.445179
 50-54 	144335.138809	99595.883591	44739.255219
 55-59 	89822.791317	61410.588043	28412.203274
 60-64 	49640.973625	33132.477961	16508.495665
 65-69 	25264.367613	16669.911556	8594.456057
 70-74 	14600.491695	9927.798371	4672.693324
 75-79 	8416.664891	5874.904002	2541.760888
 80+ 	5014.448243	3649.435493	1365.012750
Total	1341260.721809	854136.577799	487124.144011
2014			
 0-4	22938.593855	12024.567277	10914.026578
 5-9	18233.770885	9544.141487	8689.629398
 10-14 	3380.866273	1774.103936	1606.762337
 15-19 	10659.028995	5598.403484	5060.625511
 20-24 	15199.451912	7659.010173	7540.441740
 25-29 	59085.094842	31765.447033	27319.647809
 30-34 	153873.128338	87804.548222	66068.580116
 35-39 	253035.455624	154729.102127	98306.353497
 40-44 	261227.024170	170326.438877	90900.585293
 45-49 	218452.933508	148345.452408	70107.481100
 50-54 	155900.871542	107379.061878	48521.809664
 55-59 	98644.909013	67535.644550	31109.264462
 60-64 	56143.516402	37658.847240	18484.669162
 65-69 	27970.129268	18435.850165	9534.279102
 70-74 	15747.357074	10640.693712	5106.663362
 75-79 	9010.561771	6245.695364	2764.866407
 80+ 	5488.914209	3974.900734	1514.013475
Total	1384991.607681	881441.908668	503549.699013
2015			
 0-4	20537.860412	10773.614414	9764.245998
 5-9	19070.879703	9974.632066	9096.247637
 10-14 	6005.089024	3149.513842	2855.575182
 15-19 	11843.345840	6238.300852	5605.044989
 20-24 	16269.862620	8273.392694	7996.469926
 25-29 	55378.467649	29895.575822	25482.891827
 30-34 	143935.615941	82007.138718	61928.477223
 35-39 	249267.230724	151246.363888	98020.866837
 40-44 	274539.871292	177684.546753	96855.324539
 45-49 	229911.602852	155438.435337	74473.167515
 50-54 	167878.238451	115413.097778	52465.140673
 55-59 	108128.804728	74127.863533	34000.941195
 60-64 	62903.427295	42381.575003	20521.852292
 65-69 	31282.700803	20649.964395	10632.736408
 70-74 	17052.973634	11458.349133	5594.624501
 75-79 	9636.643943	6636.069671	3000.574272
 80+ 	5988.562991	4316.159479	1672.403512
Total	1429631.177902	909664.593375	519966.584526
2016			
 0-4	18359.731537	9637.609752	8722.121785
 5-9	18547.364426	9693.599293	8853.765133
 10-14 	9281.545717	4865.384622	4416.161095
 15-19 	12877.852592	6816.641488	6061.211105
 20-24 	17838.780982	9141.048423	8697.732560
 25-29 	52874.187848	28694.122555	24180.065293
 30-34 	134795.780502	76910.075300	57885.705202
 35-39 	243670.367943	147019.543175	96650.824768
 40-44 	284099.273672	182601.405945	101497.867727
 45-49 	243848.642611	164089.742039	79758.900572
 50-54 	180944.310888	124179.416374	56764.894514
 55-59 	118394.849195	81260.398407	37134.450788
 60-64 	70112.618962	47430.404358	22682.214604
 65-69 	35337.715912	23409.152862	11928.563051
 70-74 	18569.561723	12418.978395	6150.583328
 75-79 	10332.555854	7073.296230	3259.259624
 80+ 	6531.102683	4685.302019	1845.800663
Total	1476416.243048	939926.121235	536490.121813
2017			
 0-4	16647.871470	8745.392272	7902.479198
 5-9	16916.946342	8835.361921	8081.584421
 10-14 	12739.359627	6672.911888	6066.447739
 15-19 	13885.824206	7364.537288	6521.286918
 20-24 	19764.539046	10196.164153	9568.374893
 25-29 	51606.790472	28141.198559	23465.591913
 30-34 	127171.794538	72752.800241	54418.994297
 35-39 	237007.422058	142354.576756	94652.845303
 40-44 	291789.871765	186146.334690	105643.537075
 45-49 	258505.165062	172926.886562	85578.278500
 50-54 	195547.331020	133821.078781	61726.252239
 55-59 	129478.701923	88856.364254	40622.337669
 60-64 	77826.217358	52778.521477	25047.695881
 65-69 	40311.422667	26812.903531	13498.519135
 70-74 	20321.827662	13524.713189	6797.114474
 75-79 	11124.063941	7568.508892	3555.555049
 80+ 	7131.222958	5086.918033	2044.304925
Total	1527776.372116	972585.172487	555191.199629
2018			
 0-4	15834.055071	8321.300041	7512.755030
 5-9	14038.480946	7326.074396	6712.406549
 10-14 	15682.891819	8209.027214	7473.864605
 15-19 	14568.081251	7732.532187	6835.549064
 20-24 	21865.674001	11343.446601	10522.227400
 25-29 	51479.143879	28195.709860	23283.434018
 30-34 	121145.607011	69585.072878	51560.534133
 35-39 	229377.646025	137392.646065	91984.999960
 40-44 	297040.398607	188100.255943	108940.142664
 45-49 	273296.135635	181605.760761	91690.374874
 50-54 	211233.465002	144039.149834	67194.315168
 55-59 	141297.992743	96868.947620	44429.045123
 60-64 	86053.475681	58439.282677	27614.193005
 65-69 	46070.382729	30770.708006	15299.674723
 70-74 	22382.885559	14835.209815	7547.675744
 75-79 	12017.497660	8126.574758	3890.922902
 80+ 	7781.057124	5516.107060	2264.950064
Total	1581164.870743	1006407.805717	574757.065026
2019			
 0-4	16369.932335	8598.415985	7771.516350
 5-9	10116.244805	5275.829052	4840.415753
 10-14 	17831.415234	9327.106258	8504.308975
 15-19 	15585.141873	8262.095796	7323.046077
 20-24 	23832.818762	12428.770336	11404.048426
 25-29 	52358.014348	28795.028051	23562.986297
 30-34 	116338.669371	67181.933796	49156.735575
 35-39 	220299.570284	131921.828615	88377.741669
 40-44 	298475.542868	187796.394787	110679.148081
 45-49 	287309.989418	189623.798885	97686.190533
 50-54 	226219.271202	153692.182957	72527.088245
 55-59 	153299.864701	104956.164093	48343.700608
 60-64 	94691.393896	64373.825466	30317.568430
 65-69 	52182.025701	34986.456025	17195.569676
 70-74 	24823.993383	16417.830208	8406.163175
 75-79 	12992.407465	8733.958026	4258.449439
 80+ 	8447.628765	5952.052899	2495.575866
Total	1631173.924410	1038323.671236	592850.253174
2020			
 0-4	17086.200934	8967.835103	8118.365831
 5-9	6837.287615	3564.085531	3273.202084
 10-14 	18662.692585	9754.770489	8907.922096
 15-19 	16847.062992	8914.651555	7932.411437
 20-24 	25512.603325	13355.279808	12157.323517
 25-29 	54106.506217	29858.489408	24248.016809
 30-34 	112657.607373	65449.679370	47207.928003
 35-39 	210359.488717	126234.429737	84125.058980
 40-44 	296034.991320	185303.405197	110731.586123
 45-49 	301847.288845	197953.252304	103894.036541
 50-54 	237699.133867	160845.017197	76854.116671
 55-59 	165335.562490	113008.141962	52327.420527
 60-64 	103725.764642	70574.881392	33150.883250
 65-69 	58368.356366	39256.122004	19112.234363
 70-74 	27730.410986	18340.641697	9389.769289
 75-79 	14058.102227	9395.211689	4662.890538
 80+ 	9121.920103	6388.764146	2733.155957
Total	1675990.980605	1067164.658589	608826.322016
2021			
 0-4	18082.987017	9482.653415	8600.333602
 5-9	4354.658721	2269.319763	2085.338958
 10-14 	18160.315636	9485.317736	8674.997900
 15-19 	18377.687817	9710.359054	8667.328763
 20-24 	26909.202740	14125.068271	12784.134469
 25-29 	56479.095905	31237.575870	25241.520035
 30-34 	110104.202931	64359.683563	45744.519368
 35-39 	200532.362464	120834.081903	79698.280560
 40-44 	290385.368942	181124.393532	109260.975410
 45-49 	311125.433295	202747.402985	108378.030311
 50-54 	250644.717389	168830.301323	81814.416066
 55-59 	177627.089650	121173.151909	56453.937741
 60-64 	113045.960340	76950.002711	36095.957629
 65-69 	64669.039101	43600.355839	21068.683261
 70-74 	31145.331914	20633.461286	10511.870628
 75-79 	15223.475077	10117.286182	5106.188896
 80+ 	9818.172422	6835.328332	2982.844090
Total	1716685.101361	1093515.743675	623169.357687
2022			
 0-4	19164.808146	10040.440513	9124.367633
 5-9	2788.645660	1454.863995	1333.781665
 10-14 	16571.595432	8649.660782	7921.934650
 15-19 	20001.668682	10531.463987	9470.204696
 20-24 	27980.179297	14725.312527	13254.866770
 25-29 	59172.916633	32781.773476	26391.143157
 30-34 	108644.488174	63877.002894	44767.485280
 35-39 	191569.979843	116082.222609	75487.757235
 40-44 	282134.493255	175697.144482	106437.348773
 45-49 	316898.387839	205254.015453	111644.372386
 50-54 	262745.117297	176103.668682	86641.448615
 55-59 	190278.248145	129511.191523	60767.056622
 60-64 	122529.535430	83404.901001	39124.634429
 65-69 	71044.811969	47981.413060	23063.398909
 70-74 	35155.710871	23358.953085	11796.757786
 75-79 	16485.705683	10898.132511	5587.573172
 80+ 	10549.442707	7300.860966	3248.581742
Total	1753715.735065	1117653.021545	636062.713520
2023			
 0-4	20139.471263	10541.214525	9598.256738
 5-9	2754.844781	1440.717222	1314.127559
 10-14 	13764.668488	7178.982853	6585.685635
 15-19 	21726.886758	11408.655518	10318.231240
 20-24 	28522.406404	15025.050501	13497.355904
 25-29 	61875.075249	34324.996870	27550.078378
 30-34 	108233.708719	63958.357656	44275.351063
 35-39 	183891.842248	112174.383623	71717.458625
 40-44 	272005.142320	169467.193653	102537.948667
 45-49 	319074.176651	205515.252502	113558.924149
 50-54 	273919.869862	182607.579979	91312.289883
 55-59 	203028.757926	137833.635561	65195.122365
 60-64 	132204.652405	89951.307369	42253.345036
 65-69 	77581.624123	52454.880792	25126.743331
 70-74 	39651.866696	26435.448807	13216.417888
 75-79 	17920.774147	11795.138601	6125.635547
 80+ 	11327.124633	7791.909885	3535.214748
Total	1787622.892672	1139904.705919	647718.186753
2024			
 0-4	20998.268376	10981.428207	10016.840169
 5-9	4189.569814	2189.750041	1999.819772
 10-14 	9933.796888	5177.873484	4755.923404
 15-19 	22848.970746	11969.064074	10879.906673
 20-24 	29279.499209	15411.431339	13868.067870
 25-29 	64216.915847	35677.164091	28539.751755
 30-34 	108879.288866	64595.693428	44283.595438
 35-39 	177694.013064	109164.778238	68529.234826
 40-44 	260829.687463	162925.211422	97904.476041
 45-49 	317840.452142	203763.898125	114076.554017
 50-54 	284511.817701	188581.180454	95930.637247
 55-59 	215032.722668	145561.377056	69471.345612
 60-64 	142025.405232	96549.857283	45475.547950
 65-69 	84464.556365	57151.070545	27313.485819
 70-74 	44388.861762	29680.740822	14708.120939
 75-79 	19648.584583	12898.974547	6749.610036
 80+ 	12164.315915	8315.254576	3849.061339
Total	1818946.726641	1160594.747733	658351.978908
2025			
 0-4	21478.623717	11224.034834	10254.588883
 5-9	5950.862374	3107.959860	2842.902514
 10-14 	6721.909582	3502.156964	3219.752618
 15-19 	22964.126367	12004.320220	10959.806147
 20-24 	30247.758223	15891.347901	14356.410322
 25-29 	66086.506415	36762.897071	29323.609344
 30-34 	110476.725560	65731.620520	44745.105041
 35-39 	172959.195397	107010.927980	65948.267417
 40-44 	249447.804980	156519.625881	92928.179099
 45-49 	313596.411768	200355.182060	113241.229708
 50-54 	296140.344268	195197.021103	100943.323165
 55-59 	224002.195155	151102.427402	72899.767753
 60-64 	152035.028153	103216.723475	48818.304677
 65-69 	91788.545115	62136.042497	29652.502618
 70-74 	49196.776190	32966.143958	16230.632232
 75-79 	21757.268132	14275.574931	7481.693202
 80+ 	13076.950599	8880.758869	4196.191729
Total	1847927.031996	1179884.765527	668042.266470
2026			
 0-4	21683.828312	11323.971998	10359.856314
 5-9	7844.192106	4093.596676	3750.595430
 10-14 	4281.447115	2229.991025	2051.456090
 15-19 	22048.586502	11505.979421	10542.607081
 20-24 	31469.585119	16494.548577	14975.036541
 25-29 	67549.572444	37616.727144	29932.845300
 30-34 	112732.336327	67194.914700	45537.421627
 35-39 	169576.856898	105624.881226	63951.975673
 40-44 	238636.403101	150645.625969	87990.777132
 45-49 	306887.962675	195711.342232	111176.620443
 50-54 	303265.626718	198771.362621	104494.264096
 55-59 	234698.977218	157659.407322	77039.569896
 60-64 	162425.116159	110080.057463	52345.058697
 65-69 	99455.828822	67332.150719	32123.678104
 70-74 	54124.896163	36322.531174	17802.364989
 75-79 	24272.262336	15941.756006	8330.506330
 80+ 	14075.819986	9496.639036	4579.180950
Total	1875029.298001	1198045.483308	676983.814693
2027			
 0-4	21610.515859	11279.679442	10330.836418
 5-9	9670.796178	5042.862974	4627.933204
 10-14 	2733.408575	1425.083855	1308.324720
 15-19 	20295.851768	10577.659519	9718.192249
 20-24 	32845.091274	17145.356591	15699.734683
 25-29 	68581.414890	38235.454922	30345.959968
 30-34 	115309.313222	68814.818731	46494.494491
 35-39 	167465.825060	104944.295885	62521.529175
 40-44 	229026.089869	145602.241932	83423.847938
 45-49 	298227.771804	190200.017826	108027.753978
 50-54 	307594.677900	200518.960430	107075.717470
 55-59 	244920.695395	163754.860594	81165.834801
 60-64 	173291.997400	117191.820436	56100.176965
 65-69 	107366.685547	72663.347667	34703.337880
 70-74 	59156.918690	39730.938151	19425.980539
 75-79 	27255.492226	17941.019079	9314.473147
 80+ 	15164.878430	10165.632376	4999.246054
Total	1900517.424089	1215234.050409	685283.373681
2028			
 0-4	21050.310822	10982.743078	10067.567744
 5-9	11202.713435	5837.118980	5365.594455
 10-14 	2688.589434	1404.885251	1283.704182
 15-19 	17624.039756	9175.900187	8448.139569
 20-24 	34332.253753	17862.695320	16469.558433
 25-29 	69062.461769	38520.642571	30541.819197
 30-34 	117892.808488	70421.490860	47471.317628
 35-39 	166551.427938	104904.785252	61646.642686
 40-44 	220929.855070	141533.195553	79396.659517
 45-49 	288204.597689	184176.382217	104028.215471
 50-54 	309017.383515	200465.540260	108551.843255
 55-59 	254593.634766	169331.921494	85261.713273
 60-64 	184401.488645	124381.495228	60019.993417
 65-69 	115545.835964	78138.630932	37407.205032
 70-74 	64372.570538	43243.856917	21128.713621
 75-79 	30616.954565	20206.220934	10410.733631
 80+ 	16402.874761	10930.564584	5472.310177
Total	1924489.800906	1231518.069618	692971.731288
2029			
 0-4	20183.923195	10528.150990	9655.772205
 5-9	12252.268744	6379.259218	5873.009526
 10-14 	4089.884772	2135.857359	1954.027413
 15-19 	14212.698457	7398.797505	6813.900952
 20-24 	35291.404513	18306.219447	16985.185067
 25-29 	69728.150730	38856.338143	30871.812587
 30-34 	120141.318847	71834.459732	48306.859115
 35-39 	166832.539224	105490.294813	61342.244411
 40-44 	214475.115794	138458.296246	76016.819549
 45-49 	277498.685883	178034.915882	99463.770000
 50-54 	307667.190236	198801.784840	108865.405396
 55-59 	264011.095605	174592.907837	89418.187768
 60-64 	194978.442532	131119.863729	63858.578803
 65-69 	123952.760608	83722.795605	40229.965004
 70-74 	69927.521721	46970.890900	22956.630822
 75-79 	34167.942730	22597.708560	11570.234170
 80+ 	17876.642228	11854.686183	6021.956045
Total	1947287.585820	1247083.226987	700204.358833
2030			
 0-4	19506.899334	10173.596608	9333.302726
 5-9	12730.620113	6623.529596	6107.090517
 10-14 	5812.770212	3033.329178	2779.441034
 15-19 	11340.581332	5907.617449	5432.963883
 20-24 	35302.037391	18263.738247	17038.299144
 25-29 	70602.282000	39263.325025	31338.956975
 30-34 	121975.153076	72991.388535	48983.764542
 35-39 	168221.077346	106652.742012	61568.335334
 40-44 	209598.306985	136307.606499	73290.700486
 45-49 	266809.105778	172138.496902	94670.608875
 50-54 	303855.980395	195818.949802	108037.030593
 55-59 	274622.225295	180583.571215	94038.654080
 60-64 	202931.965976	135959.887657	66972.078319
 65-69 	132621.759312	89425.584393	43196.174920
 70-74 	75899.925017	50966.339437	24933.585580
 75-79 	37783.236802	25021.083803	12762.152999
 80+ 	19647.233665	12981.849744	6665.383921
Total	1969261.160030	1262112.636102	707148.523929
2031			
 0-4	18886.560847	9848.450283	9038.110564
 5-9	12641.755299	6572.714373	6069.040926
 10-14 	7667.225053	3997.981580	3669.243473
 15-19 	9135.929499	4766.552437	4369.377062
 20-24 	34336.391065	17725.772351	16610.618714
 25-29 	71740.150656	39778.628132	31961.522524
 30-34 	123473.566958	73934.125118	49539.441840
 35-39 	170408.450714	108212.511471	62195.939243
 40-44 	206151.810709	134971.082500	71180.728209
 45-49 	256786.434643	166812.260368	89974.174274
 50-54 	298000.746058	191852.251682	106148.494376
 55-59 	281301.055972	183921.357441	97379.698531
 60-64 	212629.687550	141824.356299	70805.331250
 65-69 	141710.046212	95349.230339	46360.815873
 70-74 	82208.615353	55166.501000	27042.114354
 75-79 	41507.681295	27504.941157	14002.740138
 80+ 	21725.098228	14318.127733	7406.970495
Total	1990311.206110	1276556.844265	713754.361845
2032			
 0-4	18417.942493	9601.744264	8816.198228
 5-9	12023.084459	6246.838861	5776.245598
 10-14 	9458.749427	4928.319377	4530.430049
 15-19 	7704.389254	4029.816661	3674.572593
 20-24 	32577.168668	16788.820432	15788.348236
 25-29 	73062.627259	40346.452943	32716.174316
 30-34 	124606.523624	74654.798904	49951.724720
 35-39 	173020.243658	109974.220528	63046.023130
 40-44 	204035.324514	134374.787918	69660.536596
 45-49 	247969.931857	162308.134117	85661.797740
 50-54 	290481.260743	187182.451099	103298.809644
 55-59 	285578.792474	185701.183371	99877.609103
 60-64 	222026.291926	147349.736938	74676.554989
 65-69 	151288.492551	101528.037845	49760.454707
 70-74 	88771.015092	59509.395366	29261.619727
 75-79 	45336.536948	30040.198378	15296.338569
 80+ 	24143.497778	15885.608965	8257.888813
Total	2010501.872727	1290450.545967	720051.326759
2033			
 0-4	18176.775303	9472.173652	8704.601651
 5-9	10956.017462	5688.887251	5267.130211
 10-14 	10963.010115	5707.659841	5255.350274
 15-19 	7573.917358	3966.331529	3607.585830
 20-24 	29910.103996	15394.040521	14516.063475
 25-29 	74451.204124	40959.399773	33491.804351
 30-34 	125294.112176	75068.678233	50225.433943
 35-39 	175721.964510	111755.690571	63966.273939
 40-44 	203156.909204	134443.339287	68713.569918
 45-49 	240619.101928	158744.309906	81874.792022
 50-54 	281759.800541	182083.438614	99676.361927
 55-59 	287309.841261	185925.961905	101383.879356
 60-64 	231032.566542	152470.914561	78561.651981
 65-69 	161143.839695	107807.635771	53336.203925
 70-74 	95607.114409	64000.347475	31606.766935
 75-79 	49334.399369	32668.173517	16666.225851
 80+ 	26868.142050	17656.742707	9211.399342
Total	2029878.820044	1303813.725113	726065.094931
2034			
 0-4	18116.333884	9435.151581	8681.182303
 5-9	9701.066651	5034.627701	4666.438951
 10-14 	11995.565540	6240.639263	5754.926277
 15-19 	8652.634916	4522.175665	4130.459251
 20-24 	26528.283978	13646.009455	12882.274522
 25-29 	75294.179737	41293.286120	34000.893617
 30-34 	126190.451705	75522.593678	50667.858027
 35-39 	178156.447145	113367.226044	64789.221102
 40-44 	203495.935581	135151.352779	68344.582802
 45-49 	234823.795358	156123.528370	78700.266988
 50-54 	272392.275237	176874.345982	95517.929255
 55-59 	286566.583451	184745.355549	101821.227902
 60-64 	239878.296313	157349.859114	82528.437199
 65-69 	170575.958784	113713.744031	56862.214753
 70-74 	102681.520243	68607.861955	34073.658288
 75-79 	53618.748732	35469.621271	18149.127462
 80+ 	29821.928654	19572.198869	10249.729785
Total	2048490.005909	1316669.577425	731820.428484
2035			
 0-4	18159.612585	9451.081348	8708.531237
 5-9	8554.152859	4437.328378	4116.824481
 10-14 	12469.283171	6482.427822	5986.855349
 15-19 	10027.893728	5230.594523	4797.299205
 20-24 	23717.719714	12197.469486	11520.250228
 25-29 	75176.289129	41142.587368	34033.701761
 30-34 	127285.303852	76023.120543	51262.183308
 35-39 	180225.628529	114737.972393	65487.656136
 40-44 	204956.088778	136450.025425	68506.063354
 45-49 	230492.511379	154361.992859	76130.518520
 50-54 	262972.569403	171855.874191	91116.695211
 55-59 	283584.854357	182399.475817	101185.378540
 60-64 	249818.765148	162894.093721	86924.671427
 65-69 	177718.126816	117967.200124	59750.926692
 70-74 	110018.378027	73336.057201	36682.320826
 75-79 	58246.881833	38483.489541	19763.392293
 80+ 	32963.974722	21598.363665	11365.611057
Total	2066388.034029	1329049.154404	737338.879625
2036			
 0-4	18271.523177	9502.020746	8769.502431
 5-9	7651.325606	3967.301600	3684.024006
 10-14 	12387.228859	6435.314516	5951.914343
 15-19 	11539.505116	6008.268351	5531.236765
 20-24 	21571.753880	11092.717919	10479.035961
 25-29 	74065.901405	40496.321893	33569.579512
 30-34 	128612.944415	76599.000166	52013.944249
 35-39 	181994.913883	115903.897307	66091.016576
 40-44 	207228.277716	138158.623268	69069.654448
 45-49 	227475.629272	153348.948799	74126.680473
 50-54 	254090.598686	167317.577888	86773.020798
 55-59 	278711.440946	179173.195889	99538.245057
 60-64 	256251.223652	166099.833319	90151.390333
 65-69 	186481.704360	123167.587330	63314.117030
 70-74 	117744.412682	78265.299164	39479.113518
 75-79 	63159.411386	41663.568530	21495.842856
 80+ 	36343.714157	23766.329037	12577.385120
Total	2083581.509197	1340965.805722	742615.703475
2037			
 0-4	18412.439442	9567.867523	8844.571918
 5-9	7110.394595	3685.292368	3425.102227
 10-14 	11785.657316	6118.696207	5666.961109
 15-19 	13019.809065	6768.000098	6251.808967
 20-24 	20166.218863	10370.025339	9796.193525
 25-29 	72158.607517	39456.577751	32702.029766
 30-34 	130078.762444	77195.871178	52882.891266
 35-39 	183425.730129	116849.856694	66575.873435
 40-44 	209932.363784	140072.837292	69859.526492
 45-49 	225682.574334	153016.634678	72665.939656
 50-54 	246253.895589	163493.908916	82759.986672
 55-59 	272269.095679	175305.744036	96963.351644
 60-64 	260539.722089	167944.121193	92595.600896
 65-69 	195033.721220	128106.264894	66927.456326
 70-74 	125913.080941	83420.414689	42492.666252
 75-79 	68295.757231	44966.283652	23329.473579
 80+ 	39988.161690	26091.030159	13897.131531
Total	2100065.991927	1352429.426667	747636.565261
2038			
 0-4	18552.369103	9633.429456	8918.939647
 5-9	6991.847192	3622.022349	3369.824842
 10-14 	10743.709858	5574.330355	5169.379503
 15-19 	14275.017435	7409.986204	6865.031231
 20-24 	20031.815077	10297.022516	9734.792561
 25-29 	69368.321668	37982.938483	31385.383185
 30-34 	131505.634661	77778.370848	53727.263813
 35-39 	184441.495400	117490.675592	66950.819808
 40-44 	212739.696333	142011.005032	70728.691301
 45-49 	225035.722641	153296.954395	71738.768246
 50-54 	239711.428855	160498.809025	79212.619830
 55-59 	264664.821838	171032.646790	93632.175048
 60-64 	262544.710095	168432.641422	94112.068673
 65-69 	203290.999914	132727.579869	70563.420045
 70-74 	134345.895344	88676.585453	45669.309891
 75-79 	73674.257300	48399.334934	25274.922366
 80+ 	43923.960666	28588.465685	15335.494981
Total	2115841.703379	1363452.798407	752388.904972
2039			
 0-4	18647.126898	9675.990257	8971.136642
 5-9	7200.432165	3727.708906	3472.723259
 10-14 	9515.359312	4934.457559	4580.901753
 15-19 	15148.925831	7854.443166	7294.482665
 20-24 	21070.763617	10816.533999	10254.229618
 25-29 	65928.798253	36203.393971	29725.404282
 30-34 	132279.151643	78022.331366	54256.820277
 35-39 	185647.539111	118144.258172	67503.280939
 40-44 	215304.889917	143787.864281	71517.025637
 45-49 	225534.690447	154175.150002	71359.540445
 50-54 	234555.077937	158338.094097	76216.983840
 55-59 	256400.663268	166634.028774	89766.634493
 60-64 	262320.497529	167697.482069	94623.015460
 65-69 	211435.688685	137163.280760	74272.407925
 70-74 	142445.982484	93636.998199	48808.984286
 75-79 	79271.016412	51942.688447	27328.327965
 80+ 	48181.995330	31278.174076	16903.821254
Total	2130888.598839	1374032.878100	756855.720739
2040			
 0-4	18658.879823	9676.275376	8982.604447
 5-9	7591.256262	3927.427649	3663.828612
 10-14 	8390.372120	4349.030375	4041.341744
 15-19 	15564.957830	8062.152925	7502.804904
 20-24 	22389.312669	11478.991916	10910.320753
 25-29 	63112.737481	34753.416953	28359.320528
 30-34 	131986.550300	77726.585585	54259.964715
 35-39 	187012.829493	118804.701179	68208.128314
 40-44 	217541.414772	145338.171303	72203.243469
 45-49 	227113.058921	155619.787170	71493.271750
 50-54 	230707.480231	156935.096737	73772.383494
 55-59 	248023.560670	162376.888624	85646.672046
 60-64 	260067.528977	165946.860138	94120.668839
 65-69 	220521.557383	142172.149453	78349.407929
 70-74 	148625.789872	97229.003339	51396.786533
 75-79 	85106.749423	55601.134006	29505.615417
 80+ 	52772.111300	34164.975439	18607.135861
Total	2145186.147526	1384162.648168	761023.499359
2041			
 0-4	18588.591835	9635.151203	8953.440632
 5-9	8079.142967	4177.147699	3901.995268
 10-14 	7502.801940	3887.287062	3615.514878
 15-19 	15519.965425	8032.267623	7487.697802
 20-24 	23834.240643	12205.874744	11628.365900
 25-29 	61009.098834	33672.721138	27336.377696
 30-34 	130620.065819	76893.533649	53726.532169
 35-39 	188561.754275	119494.835823	69066.918452
 40-44 	219511.204139	146694.435175	72816.768964
 45-49 	229487.201086	157463.270523	72023.930563
 50-54 	228048.480207	156195.511761	71852.968447
 55-59 	240085.377184	158523.551632	81561.825552
 60-64 	256084.938282	163423.922791	92661.015491
 65-69 	226579.369447	145200.238591	81379.130856
 70-74 	156261.436843	101671.142292	54590.294551
 75-79 	91279.780338	59434.953126	31844.827212
 80+ 	57684.148809	37237.211489	20446.937320
Total	2158737.598073	1393843.056320	764894.541753
2042			
 0-4	18423.400965	9546.242129	8877.158836
 5-9	8578.479732	4432.709219	4145.770513
 10-14 	6969.343631	3609.371755	3359.971876
 15-19 	15041.895056	7779.797973	7262.097083
 20-24 	25249.503629	12916.978532	12332.525097
 25-29 	59658.876764	32977.441038	26681.435726
 30-34 	128430.209817	75656.477865	52773.731952
 35-39 	190193.473900	120162.445656	70031.028244
 40-44 	221172.551917	147834.851120	73337.700797
 45-49 	232293.522066	159506.896408	72786.625658
 50-54 	226518.928377	156069.219521	70449.708857
 55-59 	233067.728894	155290.504311	77777.224583
 60-64 	250653.250495	160330.060104	90323.190391
 65-69 	230782.172570	147082.235363	83699.937207
 70-74 	163775.861257	105935.396727	57840.464530
 75-79 	97828.969687	63459.266665	34369.703022
 80+ 	62895.164211	40475.312840	22419.851372
Total	2171533.332967	1403065.207223	768468.125744
2043			
 0-4	18176.330018	9416.378448	8759.951570
 5-9	9007.682925	4652.000366	4355.682559
 10-14 	6850.577344	3546.061474	3304.515870
 15-19 	14196.428287	7339.367809	6857.060477
 20-24 	26451.596021	13518.921396	12932.674626
 25-29 	59558.418807	32912.089616	26646.329191
 30-34 	125410.652859	74025.441570	51385.211288
 35-39 	191691.663276	120748.019150	70943.644126
 40-44 	222452.380346	148673.932455	73778.447892
 45-49 	235220.030922	161576.583107	73643.447815
 50-54 	226062.485111	156500.746559	69561.738552
 55-59 	227214.088548	152786.178438	74427.910110
 60-64 	244134.506752	156863.877604	87270.629148
 65-69 	233002.867544	147821.550790	85181.316754
 70-74 	171095.426396	109971.593293	61123.833103
 75-79 	104614.850947	67576.946485	37037.904462
 80+ 	68439.252610	43895.709377	24543.543233
Total	2183579.238713	1411825.397936	771753.840777
2044			
 0-4	17917.799237	9281.771931	8636.027306
 5-9	9300.178760	4800.653632	4499.525127
 10-14 	7053.359346	3648.714616	3404.644731
 15-19 	13192.377239	6819.152143	6373.225096
 20-24 	27289.635994	13935.671018	13353.964976
 25-29 	60601.253686	33413.097466	27188.156220
 30-34 	121850.668965	72163.024110	49687.644855
 35-39 	192430.178223	120920.750328	71509.427895
 40-44 	223929.145879	149510.503363	74418.642517
 45-49 	237940.005506	163497.330307	74442.675199
 50-54 	226691.876855	157483.843269	69208.033586
 55-59 	222622.511788	151020.644035	71601.867753
 60-64 	236980.130583	153266.750633	83713.379950
 65-69 	233279.313701	147527.685385	85751.628316
 70-74 	178352.154705	113873.941589	64478.213115
 75-79 	111156.984393	71474.384919	39682.599473
 80+ 	74321.973119	47497.923292	26824.049826
Total	2194909.547978	1420135.842037	774773.705941
2045			
 0-4	17695.496717	9166.752925	8528.743793
 5-9	9420.409895	4860.392633	4560.017262
 10-14 	7435.302402	3843.750554	3591.551847
 15-19 	12263.754332	6339.140024	5924.614308
 20-24 	27688.706221	14129.279416	13559.426804
 25-29 	61892.660685	34037.678006	27854.982679
 30-34 	119035.299904	70701.563859	48333.736045
 35-39 	191997.523337	120482.043659	71515.479678
 40-44 	225560.573972	150331.895796	75228.678176
 45-49 	240372.980873	165208.330883	75164.649990
 50-54 	228355.767828	158997.796478	69357.971350
 55-59 	219230.632407	149927.673651	69302.958756
 60-64 	229687.349140	149771.925913	79915.423227
 65-69 	231774.771407	146373.794497	85400.976911
 70-74 	186376.091537	118232.180324	68143.911213
 75-79 	116181.961054	74307.832984	41874.128070
 80+ 	80567.077571	51289.607191	29277.470380
Total	2205536.359283	1428001.638793	777534.720490
2046			
 0-4	17514.836289	9073.737582	8441.098707
 5-9	9366.525724	4830.401716	4536.124008
 10-14 	7913.069648	4088.117480	3824.952168
 15-19 	11521.514601	5955.852323	5565.662278
 20-24 	27643.988212	14097.805717	13546.182494
 25-29 	63283.990492	34710.814481	28573.176011
 30-34 	117036.358160	69669.015674	47367.342486
 35-39 	190409.383507	119450.870552	70958.512955
 40-44 	227359.533267	151155.103216	76204.430051
 45-49 	242573.236922	166737.999019	75835.237903
 50-54 	230788.664662	160888.404030	69900.260633
 55-59 	216934.740067	149426.083225	67508.656842
 60-64 	222761.747768	146613.119831	76148.627937
 65-69 	228738.590049	144562.201491	84176.388557
 70-74 	191916.652237	120999.959385	70916.692852
 75-79 	122459.957698	77863.710466	44596.247231
 80+ 	87238.615232	55305.559832	31933.055401
Total	2215461.404534	1435428.756021	780032.648513
2047			
 0-4	17394.075979	9011.751471	8382.324507
 5-9	9159.553345	4721.755886	4437.797459
 10-14 	8402.752217	4338.568569	4064.183648
 15-19 	11064.130713	5719.139408	5344.991305
 20-24 	27176.277989	13852.129425	13324.148564
 25-29 	64633.115525	35361.304463	29271.811062
 30-34 	115835.281195	69043.302240	46791.978955
 35-39 	187971.895586	117998.732483	69973.163103
 40-44 	229206.325566	151922.019566	77284.306001
 45-49 	244498.111808	168063.105722	76435.006085
 50-54 	233641.973184	162966.308594	70675.664590
 55-59 	215686.224648	149475.819004	66210.405644
 60-64 	216647.770930	143986.893892	72660.877038
 65-69 	224407.077645	142260.340680	82146.736965
 70-74 	195932.504979	122853.963208	73078.541771
 75-79 	128706.870498	81321.554074	47385.316424
 80+ 	94347.060304	59543.320726	34803.739578
Total	2224711.002110	1442440.009413	782270.992697
2048			
 0-4	17338.097487	8983.050526	8355.046962
 5-9	8849.758883	4560.622253	4289.136629
 10-14 	8824.294477	4553.815754	4270.478723
 15-19 	10942.227890	5653.976612	5288.251278
 20-24 	26342.160384	13421.557368	12920.603016
 25-29 	65769.465838	35904.442446	29865.023392
 30-34 	115860.366890	69025.932920	46834.433970
 35-39 	184768.239194	116199.037281	68569.201913
 40-44 	230839.716931	152544.101746	78295.615186
 45-49 	246070.110520	169096.662139	76973.448381
 50-54 	236620.230555	165069.700012	71550.530542
 55-59 	215436.596264	150030.327934	65406.268330
 60-64 	211573.314767	141995.083330	69578.231437
 65-69 	219093.619356	139634.706574	79458.912781
 70-74 	198316.864331	123803.492551	74513.371780
 75-79 	134865.153727	84644.520638	50220.633089
 80+ 	101816.427783	63948.884724	37867.543059
Total	2233326.645276	1449069.914810	784256.730467
2049			
 0-4	17336.977058	8982.501715	8354.475343
 5-9	8510.750492	4385.035017	4125.715475
 10-14 	9112.340753	4700.146254	4412.194499
 15-19 	11075.737833	5718.855391	5356.882442
 20-24 	25345.117405	12909.820960	12435.296445
 25-29 	66545.740988	36267.325246	30278.415742
 30-34 	116983.324113	69540.011235	47443.312878
 35-39 	181138.167980	114251.865379	66886.302601
 40-44 	231617.380340	152681.981903	78935.398437
 45-49 	247838.156826	170118.426879	77719.729947
 50-54 	239413.523852	167036.304150	72377.219703
 55-59 	216200.018712	151087.105255	65112.913457
 60-64 	207632.663192	140650.241920	66982.421271
 65-69 	213191.098839	136888.371712	76302.727127
 70-74 	199093.487647	123938.780092	75154.707555
 75-79 	141014.261734	87891.907773	53122.353961
 80+ 	109306.838091	68306.053816	41000.784275
Total	2241355.585855	1455354.734697	786000.851158
2050			
 0-4	17374.811840	9001.934697	8372.877143
 5-9	8206.222649	4227.774202	3978.448446
 10-14 	9231.769547	4759.512299	4472.257248
 15-19 	11348.646400	5854.658497	5493.987903
 20-24 	24410.956007	12430.611380	11980.344627
 25-29 	66885.803910	36411.342632	30474.461278
 30-34 	118302.461709	70142.771658	48159.690051
 35-39 	178361.068254	112779.681586	65581.386668
 40-44 	231123.008996	152134.597904	78988.411092
 45-49 	249724.069132	171089.554278	78634.514854
 50-54 	241921.931946	168789.888706	73132.043240
 55-59 	217898.494359	152604.242817	65294.251542
 60-64 	204725.783991	139859.151224	64866.632767
 65-69 	207064.431992	134165.799889	72898.632103
 70-74 	198288.120894	123330.170972	74957.949922
 75-79 	147636.969692	91408.838232	56228.131460
 80+ 	115854.901401	71990.480280	43864.421121
Total	2248359.452718	1460981.011253	787378.441465
