Incidence per 1000 by age and sex			
	India		
 	Total	Male	Female
1970			
 0-4	0.000000	0.000000	0.000000
 5-9	0.000000	0.000000	0.000000
 10-14 	0.000000	0.000000	0.000000
 15-19 	0.000000	0.000000	0.000000
 20-24 	0.000000	0.000000	0.000000
 25-29 	0.000000	0.000000	0.000000
 30-34 	0.000000	0.000000	0.000000
 35-39 	0.000000	0.000000	0.000000
 40-44 	0.000000	0.000000	0.000000
 45-49 	0.000000	0.000000	0.000000
 50-54 	0.000000	0.000000	0.000000
 55-59 	0.000000	0.000000	0.000000
 60-64 	0.000000	0.000000	0.000000
 65-69 	0.000000	0.000000	0.000000
 70-74 	0.000000	0.000000	0.000000
 75-79 	0.000000	0.000000	0.000000
 80+ 	0.000000	0.000000	0.000000
Total	0.000000	0.000000	0.000000
1971			
 0-4	0.000000	0.000000	0.000000
 5-9	0.000000	0.000000	0.000000
 10-14 	0.000000	0.000000	0.000000
 15-19 	0.000000	0.000000	0.000000
 20-24 	0.000000	0.000000	0.000000
 25-29 	0.000000	0.000000	0.000000
 30-34 	0.000000	0.000000	0.000000
 35-39 	0.000000	0.000000	0.000000
 40-44 	0.000000	0.000000	0.000000
 45-49 	0.000000	0.000000	0.000000
 50-54 	0.000000	0.000000	0.000000
 55-59 	0.000000	0.000000	0.000000
 60-64 	0.000000	0.000000	0.000000
 65-69 	0.000000	0.000000	0.000000
 70-74 	0.000000	0.000000	0.000000
 75-79 	0.000000	0.000000	0.000000
 80+ 	0.000000	0.000000	0.000000
Total	0.000000	0.000000	0.000000
1972			
 0-4	0.000000	0.000000	0.000000
 5-9	0.000000	0.000000	0.000000
 10-14 	0.000000	0.000000	0.000000
 15-19 	0.000000	0.000000	0.000000
 20-24 	0.000000	0.000000	0.000000
 25-29 	0.000000	0.000000	0.000000
 30-34 	0.000000	0.000000	0.000000
 35-39 	0.000000	0.000000	0.000000
 40-44 	0.000000	0.000000	0.000000
 45-49 	0.000000	0.000000	0.000000
 50-54 	0.000000	0.000000	0.000000
 55-59 	0.000000	0.000000	0.000000
 60-64 	0.000000	0.000000	0.000000
 65-69 	0.000000	0.000000	0.000000
 70-74 	0.000000	0.000000	0.000000
 75-79 	0.000000	0.000000	0.000000
 80+ 	0.000000	0.000000	0.000000
Total	0.000000	0.000000	0.000000
1973			
 0-4	0.000000	0.000000	0.000000
 5-9	0.000000	0.000000	0.000000
 10-14 	0.000000	0.000000	0.000000
 15-19 	0.000000	0.000000	0.000000
 20-24 	0.000000	0.000000	0.000000
 25-29 	0.000000	0.000000	0.000000
 30-34 	0.000000	0.000000	0.000000
 35-39 	0.000000	0.000000	0.000000
 40-44 	0.000000	0.000000	0.000000
 45-49 	0.000000	0.000000	0.000000
 50-54 	0.000000	0.000000	0.000000
 55-59 	0.000000	0.000000	0.000000
 60-64 	0.000000	0.000000	0.000000
 65-69 	0.000000	0.000000	0.000000
 70-74 	0.000000	0.000000	0.000000
 75-79 	0.000000	0.000000	0.000000
 80+ 	0.000000	0.000000	0.000000
Total	0.000000	0.000000	0.000000
1974			
 0-4	0.000000	0.000000	0.000000
 5-9	0.000000	0.000000	0.000000
 10-14 	0.000000	0.000000	0.000000
 15-19 	0.000000	0.000000	0.000000
 20-24 	0.000000	0.000000	0.000000
 25-29 	0.000000	0.000000	0.000000
 30-34 	0.000000	0.000000	0.000000
 35-39 	0.000000	0.000000	0.000000
 40-44 	0.000000	0.000000	0.000000
 45-49 	0.000000	0.000000	0.000000
 50-54 	0.000000	0.000000	0.000000
 55-59 	0.000000	0.000000	0.000000
 60-64 	0.000000	0.000000	0.000000
 65-69 	0.000000	0.000000	0.000000
 70-74 	0.000000	0.000000	0.000000
 75-79 	0.000000	0.000000	0.000000
 80+ 	0.000000	0.000000	0.000000
Total	0.000000	0.000000	0.000000
1975			
 0-4	0.000000	0.000000	0.000000
 5-9	0.000000	0.000000	0.000000
 10-14 	0.000000	0.000000	0.000000
 15-19 	0.000000	0.000000	0.000000
 20-24 	0.000000	0.000000	0.000000
 25-29 	0.000000	0.000000	0.000000
 30-34 	0.000000	0.000000	0.000000
 35-39 	0.000000	0.000000	0.000000
 40-44 	0.000000	0.000000	0.000000
 45-49 	0.000000	0.000000	0.000000
 50-54 	0.000000	0.000000	0.000000
 55-59 	0.000000	0.000000	0.000000
 60-64 	0.000000	0.000000	0.000000
 65-69 	0.000000	0.000000	0.000000
 70-74 	0.000000	0.000000	0.000000
 75-79 	0.000000	0.000000	0.000000
 80+ 	0.000000	0.000000	0.000000
Total	0.000000	0.000000	0.000000
1976			
 0-4	0.000000	0.000000	0.000000
 5-9	0.000000	0.000000	0.000000
 10-14 	0.000000	0.000000	0.000000
 15-19 	0.000000	0.000000	0.000000
 20-24 	0.000000	0.000000	0.000000
 25-29 	0.000000	0.000000	0.000000
 30-34 	0.000000	0.000000	0.000000
 35-39 	0.000000	0.000000	0.000000
 40-44 	0.000000	0.000000	0.000000
 45-49 	0.000000	0.000000	0.000000
 50-54 	0.000000	0.000000	0.000000
 55-59 	0.000000	0.000000	0.000000
 60-64 	0.000000	0.000000	0.000000
 65-69 	0.000000	0.000000	0.000000
 70-74 	0.000000	0.000000	0.000000
 75-79 	0.000000	0.000000	0.000000
 80+ 	0.000000	0.000000	0.000000
Total	0.000000	0.000000	0.000000
1977			
 0-4	0.000000	0.000000	0.000000
 5-9	0.000000	0.000000	0.000000
 10-14 	0.000000	0.000000	0.000000
 15-19 	0.000000	0.000000	0.000000
 20-24 	0.000000	0.000000	0.000000
 25-29 	0.000000	0.000000	0.000000
 30-34 	0.000000	0.000000	0.000000
 35-39 	0.000000	0.000000	0.000000
 40-44 	0.000000	0.000000	0.000000
 45-49 	0.000000	0.000000	0.000000
 50-54 	0.000000	0.000000	0.000000
 55-59 	0.000000	0.000000	0.000000
 60-64 	0.000000	0.000000	0.000000
 65-69 	0.000000	0.000000	0.000000
 70-74 	0.000000	0.000000	0.000000
 75-79 	0.000000	0.000000	0.000000
 80+ 	0.000000	0.000000	0.000000
Total	0.000000	0.000000	0.000000
1978			
 0-4	0.000000	0.000000	0.000000
 5-9	0.000000	0.000000	0.000000
 10-14 	0.000000	0.000000	0.000000
 15-19 	0.000000	0.000000	0.000000
 20-24 	0.000000	0.000000	0.000000
 25-29 	0.000000	0.000000	0.000000
 30-34 	0.000000	0.000000	0.000000
 35-39 	0.000000	0.000000	0.000000
 40-44 	0.000000	0.000000	0.000000
 45-49 	0.000000	0.000000	0.000000
 50-54 	0.000000	0.000000	0.000000
 55-59 	0.000000	0.000000	0.000000
 60-64 	0.000000	0.000000	0.000000
 65-69 	0.000000	0.000000	0.000000
 70-74 	0.000000	0.000000	0.000000
 75-79 	0.000000	0.000000	0.000000
 80+ 	0.000000	0.000000	0.000000
Total	0.000000	0.000000	0.000000
1979			
 0-4	0.000000	0.000000	0.000000
 5-9	0.000000	0.000000	0.000000
 10-14 	0.000000	0.000000	0.000000
 15-19 	0.000000	0.000000	0.000000
 20-24 	0.000000	0.000000	0.000000
 25-29 	0.000000	0.000000	0.000000
 30-34 	0.000000	0.000000	0.000000
 35-39 	0.000000	0.000000	0.000000
 40-44 	0.000000	0.000000	0.000000
 45-49 	0.000000	0.000000	0.000000
 50-54 	0.000000	0.000000	0.000000
 55-59 	0.000000	0.000000	0.000000
 60-64 	0.000000	0.000000	0.000000
 65-69 	0.000000	0.000000	0.000000
 70-74 	0.000000	0.000000	0.000000
 75-79 	0.000000	0.000000	0.000000
 80+ 	0.000000	0.000000	0.000000
Total	0.000000	0.000000	0.000000
1980			
 0-4	0.000000	0.000000	0.000000
 5-9	0.000000	0.000000	0.000000
 10-14 	0.000000	0.000000	0.000000
 15-19 	0.000000	0.000000	0.000000
 20-24 	0.000000	0.000000	0.000000
 25-29 	0.000000	0.000000	0.000000
 30-34 	0.000000	0.000000	0.000000
 35-39 	0.000000	0.000000	0.000000
 40-44 	0.000000	0.000000	0.000000
 45-49 	0.000000	0.000000	0.000000
 50-54 	0.000000	0.000000	0.000000
 55-59 	0.000000	0.000000	0.000000
 60-64 	0.000000	0.000000	0.000000
 65-69 	0.000000	0.000000	0.000000
 70-74 	0.000000	0.000000	0.000000
 75-79 	0.000000	0.000000	0.000000
 80+ 	0.000000	0.000000	0.000000
Total	0.000000	0.000000	0.000000
1981			
 0-4	0.000000	0.000000	0.000000
 5-9	0.000000	0.000000	0.000000
 10-14 	0.000000	0.000000	0.000000
 15-19 	0.000000	0.000000	0.000000
 20-24 	0.000000	0.000000	0.000000
 25-29 	0.000000	0.000000	0.000000
 30-34 	0.000000	0.000000	0.000000
 35-39 	0.000000	0.000000	0.000000
 40-44 	0.000000	0.000000	0.000000
 45-49 	0.000000	0.000000	0.000000
 50-54 	0.000000	0.000000	0.000000
 55-59 	0.000000	0.000000	0.000000
 60-64 	0.000000	0.000000	0.000000
 65-69 	0.000000	0.000000	0.000000
 70-74 	0.000000	0.000000	0.000000
 75-79 	0.000000	0.000000	0.000000
 80+ 	0.000000	0.000000	0.000000
Total	0.000000	0.000000	0.000000
1982			
 0-4	0.000373	0.000373	0.000373
 5-9	0.000000	0.000000	0.000000
 10-14 	0.000000	0.000000	0.000000
 15-19 	0.003577	0.004608	0.002463
 20-24 	0.010566	0.015068	0.005652
 25-29 	0.012811	0.019152	0.005798
 30-34 	0.012258	0.019006	0.004939
 35-39 	0.010378	0.016404	0.003973
 40-44 	0.008153	0.012877	0.003194
 45-49 	0.006102	0.009496	0.002558
 50-54 	0.004527	0.006907	0.001960
 55-59 	0.003509	0.005429	0.001396
 60-64 	0.003051	0.004969	0.000978
 65-69 	0.002997	0.005072	0.000845
 70-74 	0.002961	0.004915	0.001009
 75-79 	0.001781	0.003310	0.000254
 80+ 	0.000000	0.000000	0.000000
Total	0.004884	0.007336	0.002253
1983			
 0-4	0.000526	0.000527	0.000526
 5-9	0.000000	0.000000	0.000000
 10-14 	0.000000	0.000000	0.000000
 15-19 	0.001465	0.001847	0.001052
 20-24 	0.004303	0.006036	0.002413
 25-29 	0.005202	0.007672	0.002475
 30-34 	0.004985	0.007613	0.002108
 35-39 	0.004208	0.006573	0.001697
 40-44 	0.003311	0.005159	0.001364
 45-49 	0.002474	0.003804	0.001092
 50-54 	0.001832	0.002767	0.000837
 55-59 	0.001421	0.002175	0.000596
 60-64 	0.001234	0.001991	0.000418
 65-69 	0.001212	0.002032	0.000361
 70-74 	0.001198	0.001969	0.000431
 75-79 	0.000712	0.001325	0.000108
 80+ 	0.000000	0.000000	0.000000
Total	0.002048	0.003006	0.001019
1984			
 0-4	0.000910	0.000910	0.000909
 5-9	0.000000	0.000000	0.000000
 10-14 	0.000000	0.000000	0.000000
 15-19 	0.003141	0.003877	0.002347
 20-24 	0.009159	0.012639	0.005366
 25-29 	0.011041	0.016064	0.005504
 30-34 	0.010586	0.015935	0.004686
 35-39 	0.008927	0.013773	0.003775
 40-44 	0.007028	0.010805	0.003033
 45-49 	0.005244	0.007962	0.002427
 50-54 	0.003878	0.005793	0.001861
 55-59 	0.003007	0.004553	0.001326
 60-64 	0.002609	0.004168	0.000929
 65-69 	0.002561	0.004255	0.000802
 70-74 	0.002536	0.004123	0.000958
 75-79 	0.001487	0.002768	0.000237
 80+ 	0.000000	0.000000	0.000000
Total	0.004333	0.006291	0.002232
1985			
 0-4	0.001207	0.001207	0.001208
 5-9	0.000000	0.000000	0.000000
 10-14 	0.000000	0.000000	0.000000
 15-19 	0.003307	0.004000	0.002558
 20-24 	0.009514	0.012920	0.005807
 25-29 	0.011440	0.016421	0.005958
 30-34 	0.010962	0.016282	0.005067
 35-39 	0.009256	0.014094	0.004089
 40-44 	0.007278	0.011047	0.003284
 45-49 	0.005429	0.008136	0.002626
 50-54 	0.004010	0.005923	0.002013
 55-59 	0.003105	0.004654	0.001435
 60-64 	0.002691	0.004261	0.001006
 65-69 	0.002642	0.004349	0.000868
 70-74 	0.002621	0.004215	0.001038
 75-79 	0.001517	0.002823	0.000253
 80+ 	0.000000	0.000000	0.000000
Total	0.004544	0.006494	0.002452
1986			
 0-4	0.001865	0.001865	0.001866
 5-9	0.000000	0.000000	0.000000
 10-14 	0.000000	0.000000	0.000000
 15-19 	0.005626	0.006671	0.004497
 20-24 	0.016116	0.021539	0.010219
 25-29 	0.019330	0.027377	0.010484
 30-34 	0.018499	0.027136	0.008911
 35-39 	0.015657	0.023521	0.007201
 40-44 	0.012286	0.018422	0.005780
 45-49 	0.009170	0.013561	0.004618
 50-54 	0.006764	0.009877	0.003543
 55-59 	0.005227	0.007759	0.002526
 60-64 	0.004528	0.007104	0.001770
 65-69 	0.004444	0.007252	0.001528
 70-74 	0.004418	0.007030	0.001827
 75-79 	0.002529	0.004698	0.000440
 80+ 	0.000000	0.000000	0.000000
Total	0.007679	0.010845	0.004283
1987			
 0-4	0.002812	0.002812	0.002812
 5-9	0.000000	0.000000	0.000000
 10-14 	0.000000	0.000000	0.000000
 15-19 	0.008280	0.009623	0.006829
 20-24 	0.023699	0.031181	0.015572
 25-29 	0.028357	0.039633	0.015977
 30-34 	0.027093	0.039274	0.013573
 35-39 	0.022992	0.034066	0.010976
 40-44 	0.017996	0.026670	0.008810
 45-49 	0.013456	0.019631	0.007036
 50-54 	0.009910	0.014299	0.005398
 55-59 	0.007638	0.011231	0.003849
 60-64 	0.006613	0.010285	0.002697
 65-69 	0.006488	0.010498	0.002329
 70-74 	0.006468	0.010177	0.002784
 75-79 	0.003668	0.006794	0.000669
 80+ 	0.000000	0.000000	0.000000
Total	0.011312	0.015770	0.006532
1988			
 0-4	0.004439	0.004440	0.004438
 5-9	0.000000	0.000000	0.000000
 10-14 	0.000000	0.000000	0.000000
 15-19 	0.013309	0.015153	0.011315
 20-24 	0.038199	0.049484	0.025946
 25-29 	0.045588	0.062887	0.026616
 30-34 	0.043477	0.062314	0.022609
 35-39 	0.036972	0.054041	0.018282
 40-44 	0.028896	0.042335	0.014679
 45-49 	0.021646	0.031154	0.011722
 50-54 	0.015918	0.022688	0.008991
 55-59 	0.012232	0.017821	0.006411
 60-64 	0.010581	0.016319	0.004493
 65-69 	0.010381	0.016658	0.003880
 70-74 	0.010376	0.016148	0.004637
 75-79 	0.005843	0.010782	0.001115
 80+ 	0.000000	0.000000	0.000000
Total	0.018228	0.025098	0.010860
1989			
 0-4	0.007219	0.007224	0.007213
 5-9	0.000000	0.000000	0.000000
 10-14 	0.000000	0.000000	0.000000
 15-19 	0.021836	0.024360	0.019111
 20-24 	0.062857	0.080191	0.044032
 25-29 	0.074761	0.101810	0.045132
 30-34 	0.071178	0.100886	0.038342
 35-39 	0.060577	0.087420	0.030981
 40-44 	0.047380	0.068608	0.024905
 45-49 	0.035515	0.050446	0.019882
 50-54 	0.026086	0.036719	0.015238
 55-59 	0.019991	0.028850	0.010868
 60-64 	0.017265	0.026418	0.007619
 65-69 	0.016939	0.026967	0.006578
 70-74 	0.016976	0.026140	0.007862
 75-79 	0.009505	0.017469	0.001895
 80+ 	0.000000	0.000000	0.000000
Total	0.029965	0.040754	0.018394
1990			
 0-4	0.012020	0.012036	0.012002
 5-9	0.000000	0.000000	0.000000
 10-14 	0.000000	0.000000	0.000000
 15-19 	0.036796	0.040323	0.032990
 20-24 	0.105181	0.132235	0.075801
 25-29 	0.124430	0.167317	0.077527
 30-34 	0.118287	0.165809	0.065867
 35-39 	0.100638	0.143522	0.053172
 40-44 	0.078938	0.112919	0.042814
 45-49 	0.059121	0.082919	0.034164
 50-54 	0.043399	0.060319	0.026156
 55-59 	0.033180	0.047414	0.018666
 60-64 	0.028581	0.043414	0.013089
 65-69 	0.028050	0.044316	0.011299
 70-74 	0.028186	0.042953	0.013503
 75-79 	0.015699	0.028733	0.003263
 80+ 	0.000000	0.000000	0.000000
Total	0.050006	0.067182	0.031584
1991			
 0-4	0.019983	0.020018	0.019945
 5-9	0.000000	0.000000	0.000000
 10-14 	0.000000	0.000000	0.000000
 15-19 	0.060024	0.064578	0.055110
 20-24 	0.170676	0.211419	0.126437
 25-29 	0.201690	0.267832	0.129472
 30-34 	0.191454	0.265435	0.110006
 35-39 	0.162747	0.229527	0.088729
 40-44 	0.128113	0.180983	0.071547
 45-49 	0.095814	0.132747	0.057070
 50-54 	0.070344	0.096520	0.043652
 55-59 	0.053659	0.075898	0.031166
 60-64 	0.046063	0.069490	0.021858
 65-69 	0.045231	0.070934	0.018867
 70-74 	0.045564	0.068747	0.022545
 75-79 	0.025251	0.046023	0.005454
 80+ 	0.000000	0.000000	0.000000
Total	0.081333	0.107928	0.052805
1992			
 0-4	0.033078	0.033131	0.033020
 5-9	0.000000	0.000000	0.000000
 10-14 	0.000000	0.000000	0.000000
 15-19 	0.096918	0.102404	0.091002
 20-24 	0.274177	0.334659	0.208520
 25-29 	0.323811	0.424719	0.213803
 30-34 	0.306937	0.420933	0.181666
 35-39 	0.260648	0.363773	0.146458
 40-44 	0.205873	0.287146	0.118184
 45-49 	0.153729	0.210508	0.094256
 50-54 	0.112996	0.153037	0.072061
 55-59 	0.085982	0.120348	0.051457
 60-64 	0.073516	0.110183	0.036090
 65-69 	0.072236	0.112472	0.031152
 70-74 	0.072945	0.108997	0.037222
 75-79 	0.040212	0.072990	0.009003
 80+ 	0.000000	0.000000	0.000000
Total	0.131045	0.171776	0.087349
1993			
 0-4	0.053107	0.053162	0.053046
 5-9	0.000000	0.000000	0.000000
 10-14 	0.000000	0.000000	0.000000
 15-19 	0.147771	0.153373	0.141730
 20-24 	0.416294	0.500749	0.324656
 25-29 	0.491380	0.636677	0.333165
 30-34 	0.465077	0.630986	0.283099
 35-39 	0.394576	0.545221	0.228210
 40-44 	0.312386	0.430255	0.184131
 45-49 	0.233176	0.315664	0.146913
 50-54 	0.171603	0.229409	0.112299
 55-59 	0.130250	0.180368	0.080160
 60-64 	0.110897	0.165140	0.056227
 65-69 	0.109012	0.168573	0.048541
 70-74 	0.110359	0.163358	0.058000
 75-79 	0.060489	0.109365	0.014011
 80+ 	0.000000	0.000000	0.000000
Total	0.199747	0.258619	0.136585
1994			
 0-4	0.080708	0.080741	0.080673
 5-9	0.000000	0.000000	0.000000
 10-14 	0.000000	0.000000	0.000000
 15-19 	0.207054	0.211153	0.202635
 20-24 	0.581633	0.689703	0.464499
 25-29 	0.685787	0.877935	0.476652
 30-34 	0.648014	0.869943	0.405107
 35-39 	0.549383	0.751760	0.326582
 40-44 	0.435362	0.592494	0.263310
 45-49 	0.325560	0.435682	0.210338
 50-54 	0.239624	0.316303	0.160738
 55-59 	0.181481	0.248592	0.114626
 60-64 	0.153896	0.227641	0.080437
 65-69 	0.151221	0.232377	0.069454
 70-74 	0.153521	0.225185	0.082993
 75-79 	0.083631	0.150670	0.020007
 80+ 	0.000000	0.000000	0.000000
Total	0.280319	0.358452	0.196491
1995			
 0-4	0.113687	0.113672	0.113703
 5-9	0.000000	0.000000	0.000000
 10-14 	0.000000	0.000000	0.000000
 15-19 	0.260214	0.260820	0.259561
 20-24 	0.730323	0.854432	0.595909
 25-29 	0.858599	1.086557	0.610662
 30-34 	0.809944	1.076103	0.519321
 35-39 	0.686258	0.929995	0.418676
 40-44 	0.543773	0.731788	0.337246
 45-49 	0.408132	0.539801	0.269854
 50-54 	0.300069	0.391268	0.206124
 55-59 	0.226881	0.307382	0.146800
 60-64 	0.191698	0.281544	0.103085
 65-69 	0.188097	0.287408	0.089022
 70-74 	0.191563	0.278509	0.106391
 75-79 	0.103702	0.186233	0.025590
 80+ 	0.000000	0.000000	0.000000
Total	0.353453	0.446324	0.253814
1996			
 0-4	0.146451	0.146382	0.146526
 5-9	0.000000	0.000000	0.000000
 10-14 	0.000000	0.000000	0.000000
 15-19 	0.291469	0.289675	0.293403
 20-24 	0.817255	0.949766	0.673833
 25-29 	0.959702	1.207390	0.690523
 30-34 	0.904642	1.196073	0.587198
 35-39 	0.766282	1.033763	0.473422
 40-44 	0.606838	0.812262	0.381026
 45-49 	0.457138	0.600807	0.305344
 50-54 	0.335518	0.434907	0.233142
 55-59 	0.253492	0.341557	0.165851
 60-64 	0.213631	0.312900	0.116532
 65-69 	0.209280	0.319425	0.100645
 70-74 	0.213697	0.309532	0.120304
 75-79 	0.115279	0.206861	0.028888
 80+ 	0.000000	0.000000	0.000000
Total	0.398671	0.499946	0.290016
1997			
 0-4	0.174684	0.174568	0.174811
 5-9	0.000000	0.000000	0.000000
 10-14 	0.000000	0.000000	0.000000
 15-19 	0.297385	0.293141	0.301962
 20-24 	0.832253	0.960826	0.693190
 25-29 	0.976414	1.221174	0.710609
 30-34 	0.919690	1.210075	0.604084
 35-39 	0.778798	1.045917	0.487063
 40-44 	0.616462	0.821144	0.391824
 45-49 	0.465863	0.608211	0.314240
 50-54 	0.341353	0.440015	0.239898
 55-59 	0.257949	0.345540	0.170562
 60-64 	0.216797	0.316557	0.119868
 65-69 	0.211903	0.323164	0.103539
 70-74 	0.216988	0.313146	0.123770
 75-79 	0.116667	0.209196	0.029694
 80+ 	0.000000	0.000000	0.000000
Total	0.410046	0.510550	0.302217
1998			
 0-4	0.196996	0.196848	0.197158
 5-9	0.000000	0.000000	0.000000
 10-14 	0.000000	0.000000	0.000000
 15-19 	0.284377	0.275871	0.293557
 20-24 	0.792491	0.902856	0.673192
 25-29 	0.928344	1.147518	0.690533
 30-34 	0.873256	1.137354	0.586695
 35-39 	0.739027	0.983089	0.473101
 40-44 	0.584918	0.771701	0.380559
 45-49 	0.443053	0.571440	0.305170
 50-54 	0.324613	0.413769	0.233092
 55-59 	0.245305	0.324824	0.165692
 60-64 	0.205456	0.297551	0.116402
 65-69 	0.200197	0.303767	0.100578
 70-74 	0.205670	0.294332	0.120215
 75-79 	0.109974	0.196599	0.028841
 80+ 	0.000000	0.000000	0.000000
Total	0.394901	0.485391	0.297810
1999			
 0-4	0.212003	0.211842	0.212181
 5-9	0.000000	0.000000	0.000000
 10-14 	0.000000	0.000000	0.000000
 15-19 	0.259150	0.249512	0.269557
 20-24 	0.719779	0.814710	0.617204
 25-29 	0.842671	1.035767	0.633439
 30-34 	0.792048	1.026571	0.537783
 35-39 	0.670097	0.887449	0.433853
 40-44 	0.530400	0.696751	0.349019
 45-49 	0.401994	0.515200	0.279667
 50-54 	0.295004	0.373956	0.213913
 55-59 	0.222788	0.293274	0.152012
 60-64 	0.186186	0.268619	0.106691
 65-69 	0.180967	0.274236	0.092246
 70-74 	0.186253	0.265691	0.110238
 75-79 	0.099368	0.177481	0.026466
 80+ 	0.000000	0.000000	0.000000
Total	0.363682	0.443748	0.277766
2000			
 0-4	0.220389	0.220222	0.220574
 5-9	0.000000	0.000000	0.000000
 10-14 	0.000000	0.000000	0.000000
 15-19 	0.228197	0.218083	0.239125
 20-24 	0.631561	0.710244	0.546552
 25-29 	0.738894	0.903431	0.560779
 30-34 	0.693630	0.894815	0.475726
 35-39 	0.586951	0.773929	0.384260
 40-44 	0.464664	0.607731	0.309146
 45-49 	0.352060	0.448550	0.247474
 50-54 	0.259203	0.326651	0.189668
 55-59 	0.195419	0.255795	0.134706
 60-64 	0.163058	0.234268	0.094429
 65-69 	0.158124	0.239169	0.081711
 70-74 	0.162891	0.231686	0.097644
 75-79 	0.086744	0.154792	0.023463
 80+ 	0.000000	0.000000	0.000000
Total	0.324114	0.392539	0.250682
2001			
 0-4	0.222670	0.222487	0.222873
 5-9	0.000000	0.000000	0.000000
 10-14 	0.000000	0.000000	0.000000
 15-19 	0.196103	0.186007	0.207018
 20-24 	0.540968	0.604429	0.472393
 25-29 	0.632383	0.768927	0.484682
 30-34 	0.593343	0.761585	0.411302
 35-39 	0.501805	0.658727	0.332140
 40-44 	0.397325	0.517345	0.267232
 45-49 	0.300872	0.381213	0.213730
 50-54 	0.222296	0.278398	0.164101
 55-59 	0.167262	0.217743	0.116491
 60-64 	0.139442	0.199406	0.081575
 65-69 	0.134922	0.203577	0.070636
 70-74 	0.139020	0.197179	0.084410
 75-79 	0.073901	0.131757	0.020288
 80+ 	0.000000	0.000000	0.000000
Total	0.282357	0.339405	0.221125
2002			
 0-4	0.220173	0.219951	0.220419
 5-9	0.000000	0.000000	0.000000
 10-14 	0.000000	0.000000	0.000000
 15-19 	0.168318	0.158436	0.179009
 20-24 	0.463119	0.514103	0.407999
 25-29 	0.540802	0.653897	0.418555
 30-34 	0.507294	0.647785	0.355405
 35-39 	0.428690	0.560207	0.286827
 40-44 	0.339474	0.440006	0.230790
 45-49 	0.256985	0.323929	0.184492
 50-54 	0.190406	0.236897	0.141782
 55-59 	0.142999	0.185190	0.100628
 60-64 	0.119217	0.169593	0.070433
 65-69 	0.115086	0.173138	0.061007
 70-74 	0.118536	0.167678	0.072896
 75-79 	0.062899	0.112043	0.017512
 80+ 	0.000000	0.000000	0.000000
Total	0.245738	0.293236	0.194748
2003			
 0-4	0.186483	0.186275	0.186714
 5-9	0.000000	0.000000	0.000000
 10-14 	0.000000	0.000000	0.000000
 15-19 	0.141308	0.133018	0.150289
 20-24 	0.388570	0.431349	0.342300
 25-29 	0.453539	0.548377	0.351089
 30-34 	0.425627	0.543474	0.298341
 35-39 	0.359422	0.469812	0.240561
 40-44 	0.284620	0.369030	0.193590
 45-49 	0.215421	0.271632	0.154740
 50-54 	0.159812	0.198606	0.118899
 55-59 	0.119951	0.155361	0.084441
 60-64 	0.100091	0.142244	0.059087
 65-69 	0.096458	0.145218	0.051178
 70-74 	0.099199	0.140628	0.061132
 75-79 	0.052661	0.093940	0.014684
 80+ 	0.000000	0.000000	0.000000
Total	0.206955	0.246945	0.164015
2004			
 0-4	0.176373	0.176145	0.176626
 5-9	0.000000	0.000000	0.000000
 10-14 	0.000000	0.000000	0.000000
 15-19 	0.122749	0.115522	0.130593
 20-24 	0.337451	0.374568	0.297284
 25-29 	0.393641	0.475878	0.304834
 30-34 	0.369500	0.471806	0.259153
 35-39 	0.311808	0.407600	0.208760
 40-44 	0.246946	0.320263	0.168078
 45-49 	0.186924	0.235782	0.134361
 50-54 	0.138674	0.172157	0.103142
 55-59 	0.104208	0.134925	0.073380
 60-64 	0.086956	0.123453	0.051318
 65-69 	0.083710	0.126037	0.044441
 70-74 	0.085937	0.122049	0.053060
 75-79 	0.045596	0.081480	0.012754
 80+ 	0.000000	0.000000	0.000000
Total	0.181841	0.216704	0.144399
2005			
 0-4	0.165135	0.164904	0.165391
 5-9	0.000000	0.000000	0.000000
 10-14 	0.000000	0.000000	0.000000
 15-19 	0.109075	0.102615	0.116105
 20-24 	0.299745	0.332652	0.264112
 25-29 	0.349436	0.422324	0.270727
 30-34 	0.327809	0.418590	0.229982
 35-39 	0.276421	0.361350	0.185155
 40-44 	0.219130	0.284248	0.149269
 45-49 	0.165895	0.209305	0.119334
 50-54 	0.122980	0.152555	0.091493
 55-59 	0.092663	0.119860	0.065255
 60-64 	0.077238	0.109570	0.045593
 65-69 	0.074338	0.111868	0.039480
 70-74 	0.076177	0.108326	0.047108
 75-79 	0.040344	0.072262	0.011335
 80+ 	0.000000	0.000000	0.000000
Total	0.162852	0.193930	0.129466
2006			
 0-4	0.153233	0.153013	0.153477
 5-9	0.000000	0.000000	0.000000
 10-14 	0.000000	0.000000	0.000000
 15-19 	0.098076	0.092235	0.104454
 20-24 	0.269365	0.298858	0.237405
 25-29 	0.313847	0.379191	0.243264
 30-34 	0.294371	0.375836	0.206640
 35-39 	0.248270	0.324508	0.166425
 40-44 	0.196730	0.255235	0.134129
 45-49 	0.148960	0.187968	0.107237
 50-54 	0.110326	0.136792	0.082125
 55-59 	0.083375	0.107699	0.058702
 60-64 	0.069390	0.098384	0.040983
 65-69 	0.066823	0.100452	0.035491
 70-74 	0.068344	0.097271	0.042318
 75-79 	0.036093	0.064835	0.010183
 80+ 	0.000000	0.000000	0.000000
Total	0.147197	0.175230	0.117075
2007			
 0-4	0.141235	0.141031	0.141463
 5-9	0.000000	0.000000	0.000000
 10-14 	0.000000	0.000000	0.000000
 15-19 	0.090308	0.084907	0.096226
 20-24 	0.247933	0.274983	0.218598
 25-29 	0.288768	0.348764	0.223926
 30-34 	0.270799	0.345669	0.190222
 35-39 	0.228506	0.298615	0.153302
 40-44 	0.180930	0.234756	0.123470
 45-49 	0.137009	0.172898	0.098722
 50-54 	0.101414	0.125718	0.075556
 55-59 	0.076830	0.099083	0.054067
 60-64 	0.063832	0.090489	0.037734
 65-69 	0.061558	0.092392	0.032682
 70-74 	0.062831	0.089467	0.038946
 75-79 	0.033061	0.059596	0.009358
 80+ 	0.000000	0.000000	0.000000
Total	0.135790	0.161692	0.107950
2008			
 0-4	0.130678	0.130490	0.130887
 5-9	0.000000	0.000000	0.000000
 10-14 	0.000000	0.000000	0.000000
 15-19 	0.082151	0.077223	0.087572
 20-24 	0.225556	0.250046	0.198965
 25-29 	0.262628	0.317072	0.203760
 30-34 	0.246255	0.314250	0.173119
 35-39 	0.207931	0.271672	0.139622
 40-44 	0.164476	0.213398	0.112348
 45-49 	0.124556	0.157178	0.089840
 50-54 	0.092179	0.114270	0.068749
 55-59 	0.069936	0.090052	0.049185
 60-64 	0.058042	0.082265	0.034349
 65-69 	0.056058	0.083992	0.029742
 70-74 	0.057112	0.081330	0.035433
 75-79 	0.029933	0.054160	0.008497
 80+ 	0.000000	0.000000	0.000000
Total	0.124014	0.147682	0.098570
2009			
 0-4	0.121154	0.120987	0.121340
 5-9	0.000000	0.000000	0.000000
 10-14 	0.000000	0.000000	0.000000
 15-19 	0.078262	0.073545	0.083466
 20-24 	0.214997	0.238194	0.189762
 25-29 	0.250256	0.302009	0.194271
 30-34 	0.234638	0.299314	0.165096
 35-39 	0.198182	0.258900	0.133207
 40-44 	0.156614	0.203150	0.107080
 45-49 	0.118634	0.149696	0.085667
 50-54 	0.087805	0.108848	0.065563
 55-59 	0.066639	0.085705	0.046850
 60-64 	0.055329	0.078357	0.032779
 65-69 	0.053469	0.079994	0.028356
 70-74 	0.054400	0.077448	0.033769
 75-79 	0.028406	0.051579	0.008082
 80+ 	0.000000	0.000000	0.000000
Total	0.118057	0.140716	0.093697
2010			
 0-4	0.112445	0.112301	0.112604
 5-9	0.000000	0.000000	0.000000
 10-14 	0.000000	0.000000	0.000000
 15-19 	0.074001	0.069510	0.078967
 20-24 	0.203447	0.225238	0.179682
 25-29 	0.236709	0.285529	0.183872
 30-34 	0.221927	0.282971	0.156297
 35-39 	0.187268	0.244580	0.126000
 40-44 	0.147873	0.191742	0.101236
 45-49 	0.112163	0.141519	0.081094
 50-54 	0.083027	0.102917	0.062069
 55-59 	0.062984	0.080948	0.044285
 60-64 	0.052390	0.074080	0.031062
 65-69 	0.050599	0.075622	0.026837
 70-74 	0.051439	0.073198	0.031935
 75-79 	0.026773	0.048764	0.007631
 80+ 	0.000000	0.000000	0.000000
Total	0.111658	0.133199	0.088500
2011			
 0-4	0.105436	0.105315	0.105570
 5-9	0.000000	0.000000	0.000000
 10-14 	0.000000	0.000000	0.000000
 15-19 	0.070245	0.065943	0.075011
 20-24 	0.193238	0.213769	0.170782
 25-29 	0.224722	0.270926	0.174693
 30-34 	0.210678	0.268485	0.148518
 35-39 	0.177731	0.232041	0.119719
 40-44 	0.140386	0.181977	0.096223
 45-49 	0.106437	0.134277	0.077058
 50-54 	0.078800	0.097660	0.058984
 55-59 	0.059737	0.076744	0.042026
 60-64 	0.049806	0.070287	0.029540
 65-69 	0.048039	0.071749	0.025495
 70-74 	0.048827	0.069432	0.030305
 75-79 	0.025337	0.046271	0.007233
 80+ 	0.000000	0.000000	0.000000
Total	0.106060	0.126619	0.083961
2012			
 0-4	0.099936	0.099836	0.100048
 5-9	0.000000	0.000000	0.000000
 10-14 	0.000000	0.000000	0.000000
 15-19 	0.070021	0.065687	0.074830
 20-24 	0.192673	0.212966	0.170400
 25-29 	0.223976	0.269865	0.174262
 30-34 	0.209961	0.267414	0.148158
 35-39 	0.177097	0.231121	0.119438
 40-44 	0.139980	0.181390	0.096056
 45-49 	0.106038	0.133747	0.076875
 50-54 	0.078511	0.097278	0.058849
 55-59 	0.059486	0.076408	0.041897
 60-64 	0.049718	0.070007	0.029481
 65-69 	0.047860	0.071464	0.025430
 70-74 	0.048686	0.069149	0.030207
 75-79 	0.025184	0.046088	0.007203
 80+ 	0.000000	0.000000	0.000000
Total	0.105375	0.125969	0.083242
2013			
 0-4	0.095562	0.095474	0.095660
 5-9	0.000000	0.000000	0.000000
 10-14 	0.000000	0.000000	0.000000
 15-19 	0.070865	0.066429	0.075795
 20-24 	0.194973	0.215324	0.172562
 25-29 	0.226605	0.272840	0.176467
 30-34 	0.212384	0.270336	0.150022
 35-39 	0.179140	0.233682	0.120969
 40-44 	0.141713	0.183576	0.097358
 45-49 	0.107229	0.135206	0.077844
 50-54 	0.079397	0.098345	0.059598
 55-59 	0.060140	0.077241	0.042424
 60-64 	0.050364	0.070773	0.029846
 65-69 	0.048395	0.072246	0.025752
 70-74 	0.049301	0.069911	0.030588
 75-79 	0.025409	0.046578	0.007266
 80+ 	0.000000	0.000000	0.000000
Total	0.106249	0.127187	0.083753
2014			
 0-4	0.092187	0.092102	0.092283
 5-9	0.000000	0.000000	0.000000
 10-14 	0.000000	0.000000	0.000000
 15-19 	0.072245	0.067669	0.077336
 20-24 	0.198690	0.219239	0.175994
 25-29 	0.230922	0.277815	0.179984
 30-34 	0.216364	0.275232	0.152992
 35-39 	0.182521	0.237970	0.123406
 40-44 	0.144448	0.187066	0.099360
 45-49 	0.109175	0.137592	0.079362
 50-54 	0.080866	0.100133	0.060790
 55-59 	0.061246	0.078653	0.043278
 60-64 	0.051351	0.072056	0.030416
 65-69 	0.049308	0.073553	0.026263
 70-74 	0.050280	0.071190	0.031211
 75-79 	0.025812	0.047382	0.007352
 80+ 	0.000000	0.000000	0.000000
Total	0.107960	0.129398	0.084931
2015			
 0-4	0.089359	0.089269	0.089460
 5-9	0.000000	0.000000	0.000000
 10-14 	0.000000	0.000000	0.000000
 15-19 	0.074113	0.069361	0.079405
 20-24 	0.203760	0.224641	0.180641
 25-29 	0.236840	0.284689	0.184739
 30-34 	0.221822	0.282000	0.157010
 35-39 	0.187161	0.243881	0.126692
 40-44 	0.147951	0.191505	0.101918
 45-49 	0.111733	0.140726	0.081356
 50-54 	0.082891	0.102608	0.062403
 55-59 	0.062776	0.080603	0.044431
 60-64 	0.052653	0.073830	0.031186
 65-69 	0.050588	0.075358	0.026947
 70-74 	0.051588	0.072952	0.032055
 75-79 	0.026393	0.048487	0.007472
 80+ 	0.000000	0.000000	0.000000
Total	0.110426	0.132513	0.086704
2016			
 0-4	0.087404	0.087306	0.087512
 5-9	0.000000	0.000000	0.000000
 10-14 	0.000000	0.000000	0.000000
 15-19 	0.076555	0.071589	0.082093
 20-24 	0.210443	0.231824	0.186729
 25-29 	0.244647	0.293812	0.190956
 30-34 	0.229037	0.290994	0.162272
 35-39 	0.193277	0.251699	0.130974
 40-44 	0.152747	0.197619	0.105353
 45-49 	0.115404	0.145289	0.084126
 50-54 	0.085570	0.105894	0.064511
 55-59 	0.064802	0.083188	0.045935
 60-64 	0.054351	0.076190	0.032207
 65-69 	0.052294	0.077759	0.027837
 70-74 	0.053290	0.075288	0.033157
 75-79 	0.027215	0.049980	0.007670
 80+ 	0.000000	0.000000	0.000000
Total	0.113800	0.136720	0.089191
2017			
 0-4	0.086830	0.086727	0.086944
 5-9	0.000000	0.000000	0.000000
 10-14 	0.000000	0.000000	0.000000
 15-19 	0.079663	0.074440	0.085491
 20-24 	0.218946	0.241012	0.194439
 25-29 	0.254574	0.305451	0.198825
 30-34 	0.238228	0.302489	0.168938
 35-39 	0.201043	0.261651	0.136370
 40-44 	0.158867	0.205443	0.109703
 45-49 	0.120126	0.151174	0.087656
 50-54 	0.088984	0.110087	0.067173
 55-59 	0.067382	0.086482	0.047834
 60-64 	0.056499	0.079205	0.033519
 65-69 	0.054482	0.080832	0.028975
 70-74 	0.055428	0.078268	0.034542
 75-79 	0.028328	0.051935	0.007968
 80+ 	0.000000	0.000000	0.000000
Total	0.118224	0.142183	0.092506
2018			
 0-4	0.086789	0.086685	0.086904
 5-9	0.000000	0.000000	0.000000
 10-14 	0.000000	0.000000	0.000000
 15-19 	0.079715	0.074442	0.085604
 20-24 	0.219019	0.240924	0.194662
 25-29 	0.254691	0.305309	0.199040
 30-34 	0.238259	0.302329	0.169099
 35-39 	0.201039	0.261488	0.136499
 40-44 	0.158883	0.205372	0.109832
 45-49 	0.120254	0.151282	0.087832
 50-54 	0.088964	0.110025	0.067235
 55-59 	0.067362	0.086439	0.047887
 60-64 	0.056459	0.079168	0.033552
 65-69 	0.054581	0.080797	0.029006
 70-74 	0.055426	0.078241	0.034588
 75-79 	0.028388	0.051920	0.007986
 80+ 	0.000000	0.000000	0.000000
Total	0.118441	0.142524	0.092595
2019			
 0-4	0.086785	0.086682	0.086900
 5-9	0.000000	0.000000	0.000000
 10-14 	0.000000	0.000000	0.000000
 15-19 	0.079782	0.074464	0.085726
 20-24 	0.219077	0.240823	0.194869
 25-29 	0.254778	0.305141	0.199243
 30-34 	0.238295	0.302154	0.169243
 35-39 	0.201006	0.261291	0.136604
 40-44 	0.158903	0.205301	0.109955
 45-49 	0.120329	0.151330	0.087974
 50-54 	0.088908	0.109909	0.067260
 55-59 	0.067336	0.086391	0.047934
 60-64 	0.056414	0.079125	0.033588
 65-69 	0.054652	0.080763	0.029043
 70-74 	0.055460	0.078235	0.034640
 75-79 	0.028447	0.051908	0.008024
 80+ 	0.000000	0.000000	0.000000
Total	0.118629	0.142833	0.092663
2020			
 0-4	0.086984	0.086881	0.087098
 5-9	0.000000	0.000000	0.000000
 10-14 	0.000000	0.000000	0.000000
 15-19 	0.079839	0.074473	0.085838
 20-24 	0.219082	0.240657	0.195037
 25-29 	0.254800	0.304907	0.199415
 30-34 	0.238302	0.301911	0.169352
 35-39 	0.200927	0.261029	0.136680
 40-44 	0.158897	0.205184	0.110058
 45-49 	0.120175	0.151053	0.087973
 50-54 	0.088726	0.109634	0.067200
 55-59 	0.067297	0.086326	0.047974
 60-64 	0.056364	0.079066	0.033618
 65-69 	0.054676	0.080715	0.029082
 70-74 	0.055543	0.078239	0.034715
 75-79 	0.028480	0.051880	0.008068
 80+ 	0.000000	0.000000	0.000000
Total	0.118790	0.143103	0.092716
2021			
 0-4	0.087381	0.087278	0.087496
 5-9	0.000000	0.000000	0.000000
 10-14 	0.000000	0.000000	0.000000
 15-19 	0.080023	0.074598	0.086087
 20-24 	0.219437	0.240880	0.195513
 25-29 	0.255221	0.305178	0.199904
 30-34 	0.238716	0.302165	0.169731
 35-39 	0.201182	0.261205	0.136976
 40-44 	0.159144	0.205385	0.110329
 45-49 	0.120332	0.151176	0.088181
 50-54 	0.088884	0.109782	0.067386
 55-59 	0.067370	0.086405	0.048092
 60-64 	0.056409	0.079136	0.033703
 65-69 	0.054762	0.080798	0.029173
 70-74 	0.055748	0.078372	0.034862
 75-79 	0.028535	0.051932	0.008117
 80+ 	0.000000	0.000000	0.000000
Total	0.119124	0.143582	0.092904
2022			
 0-4	0.087866	0.087762	0.087982
 5-9	0.000000	0.000000	0.000000
 10-14 	0.000000	0.000000	0.000000
 15-19 	0.080146	0.074669	0.086266
 20-24 	0.219631	0.240944	0.195831
 25-29 	0.255436	0.305231	0.200221
 30-34 	0.238967	0.302201	0.169980
 35-39 	0.201296	0.261205	0.137165
 40-44 	0.159255	0.205406	0.110496
 45-49 	0.120409	0.151204	0.088322
 50-54 	0.089015	0.109893	0.067549
 55-59 	0.067393	0.086420	0.048166
 60-64 	0.056412	0.079149	0.033757
 65-69 	0.054773	0.080817	0.029235
 70-74 	0.055899	0.078416	0.034955
 75-79 	0.028532	0.051938	0.008138
 80+ 	0.000000	0.000000	0.000000
Total	0.119353	0.143936	0.093008
2023			
 0-4	0.088341	0.088236	0.088456
 5-9	0.000000	0.000000	0.000000
 10-14 	0.000000	0.000000	0.000000
 15-19 	0.080295	0.074767	0.086470
 20-24 	0.219842	0.241038	0.196155
 25-29 	0.255651	0.305299	0.200536
 30-34 	0.239235	0.302256	0.170248
 35-39 	0.201442	0.261231	0.137363
 40-44 	0.159350	0.205407	0.110656
 45-49 	0.120505	0.151258	0.088470
 50-54 	0.089170	0.110033	0.067735
 55-59 	0.067417	0.086434	0.048233
 60-64 	0.056419	0.079165	0.033810
 65-69 	0.054763	0.080836	0.029286
 70-74 	0.056007	0.078418	0.035008
 75-79 	0.028564	0.051993	0.008182
 80+ 	0.000000	0.000000	0.000000
Total	0.119553	0.144258	0.093089
2024			
 0-4	0.088797	0.088691	0.088913
 5-9	0.000000	0.000000	0.000000
 10-14 	0.000000	0.000000	0.000000
 15-19 	0.080478	0.074902	0.086704
 20-24 	0.220051	0.241137	0.196476
 25-29 	0.255850	0.305354	0.200836
 30-34 	0.239486	0.302304	0.170519
 35-39 	0.201600	0.261253	0.137553
 40-44 	0.159422	0.205379	0.110801
 45-49 	0.120608	0.151318	0.088618
 50-54 	0.089286	0.110130	0.067893
 55-59 	0.067421	0.086421	0.048269
 60-64 	0.056422	0.079178	0.033862
 65-69 	0.054744	0.080847	0.029329
 70-74 	0.056055	0.078381	0.035028
 75-79 	0.028697	0.052144	0.008281
 80+ 	0.000000	0.000000	0.000000
Total	0.119710	0.144528	0.093137
2025			
 0-4	0.089264	0.089157	0.089381
 5-9	0.000000	0.000000	0.000000
 10-14 	0.000000	0.000000	0.000000
 15-19 	0.080668	0.075045	0.086943
 20-24 	0.220237	0.241215	0.196781
 25-29 	0.256023	0.305378	0.201120
 30-34 	0.239698	0.302328	0.170777
 35-39 	0.201753	0.261245	0.137724
 40-44 	0.159472	0.205323	0.110931
 45-49 	0.120702	0.151361	0.088756
 50-54 	0.089243	0.110033	0.067918
 55-59 	0.067352	0.086336	0.048235
 60-64 	0.056420	0.079183	0.033911
 65-69 	0.054729	0.080852	0.029371
 70-74 	0.056046	0.078319	0.035024
 75-79 	0.028910	0.052364	0.008403
 80+ 	0.000000	0.000000	0.000000
Total	0.119818	0.144741	0.093146
2026			
 0-4	0.089748	0.089640	0.089866
 5-9	0.000000	0.000000	0.000000
 10-14 	0.000000	0.000000	0.000000
 15-19 	0.080820	0.075148	0.087146
 20-24 	0.220404	0.241273	0.197073
 25-29 	0.256181	0.305383	0.201394
 30-34 	0.239871	0.302332	0.171019
 35-39 	0.201908	0.261216	0.137884
 40-44 	0.159518	0.205262	0.111055
 45-49 	0.120780	0.151377	0.088881
 50-54 	0.089279	0.110026	0.068006
 55-59 	0.067407	0.086368	0.048326
 60-64 	0.056417	0.079184	0.033957
 65-69 	0.054714	0.080852	0.029410
 70-74 	0.056001	0.078250	0.035000
 75-79 	0.029111	0.052552	0.008484
 80+ 	0.000000	0.000000	0.000000
Total	0.119878	0.144897	0.093117
2027			
 0-4	0.090255	0.090146	0.090375
 5-9	0.000000	0.000000	0.000000
 10-14 	0.000000	0.000000	0.000000
 15-19 	0.080879	0.075151	0.087263
 20-24 	0.220573	0.241338	0.197366
 25-29 	0.256340	0.305399	0.201667
 30-34 	0.240030	0.302341	0.171253
 35-39 	0.202086	0.261200	0.138055
 40-44 	0.159577	0.205223	0.111184
 45-49 	0.120846	0.151370	0.088996
 50-54 	0.089325	0.110032	0.068099
 55-59 	0.067485	0.086416	0.048443
 60-64 	0.056417	0.079187	0.034002
 65-69 	0.054705	0.080854	0.029449
 70-74 	0.055958	0.078208	0.034997
 75-79 	0.029253	0.052631	0.008514
 80+ 	0.000000	0.000000	0.000000
Total	0.119898	0.145005	0.093057
2028			
 0-4	0.090751	0.090641	0.090873
 5-9	0.000000	0.000000	0.000000
 10-14 	0.000000	0.000000	0.000000
 15-19 	0.080851	0.075062	0.087300
 20-24 	0.220792	0.241472	0.197692
 25-29 	0.256525	0.305463	0.201952
 30-34 	0.240206	0.302391	0.171493
 35-39 	0.202301	0.261235	0.138253
 40-44 	0.159678	0.205230	0.111328
 45-49 	0.120908	0.151362	0.089110
 50-54 	0.089393	0.110068	0.068205
 55-59 	0.067581	0.086480	0.048579
 60-64 	0.056429	0.079201	0.034045
 65-69 	0.054706	0.080869	0.029491
 70-74 	0.055944	0.078209	0.035031
 75-79 	0.029296	0.052576	0.008482
 80+ 	0.000000	0.000000	0.000000
Total	0.119888	0.145077	0.092973
2029			
 0-4	0.091200	0.091087	0.091323
 5-9	0.000000	0.000000	0.000000
 10-14 	0.000000	0.000000	0.000000
 15-19 	0.080794	0.074943	0.087310
 20-24 	0.221079	0.241697	0.198062
 25-29 	0.256749	0.305597	0.202258
 30-34 	0.240421	0.302505	0.171751
 35-39 	0.202552	0.261340	0.138477
 40-44 	0.159827	0.205290	0.111486
 45-49 	0.120981	0.151370	0.089228
 50-54 	0.089487	0.110135	0.068324
 55-59 	0.067664	0.086544	0.048698
 60-64 	0.056453	0.079230	0.034075
 65-69 	0.054718	0.080902	0.029537
 70-74 	0.055958	0.078245	0.035089
 75-79 	0.029233	0.052416	0.008390
 80+ 	0.000000	0.000000	0.000000
Total	0.119853	0.145122	0.092869
2030			
 0-4	0.091569	0.091454	0.091695
 5-9	0.000000	0.000000	0.000000
 10-14 	0.000000	0.000000	0.000000
 15-19 	0.080764	0.074855	0.087341
 20-24 	0.221401	0.241973	0.198451
 25-29 	0.257008	0.305795	0.202584
 30-34 	0.240679	0.302685	0.172029
 35-39 	0.202824	0.261504	0.138717
 40-44 	0.160013	0.205385	0.111649
 45-49 	0.121069	0.151402	0.089350
 50-54 	0.089597	0.110223	0.068447
 55-59 	0.067674	0.086553	0.048717
 60-64 	0.056462	0.079268	0.034070
 65-69 	0.054739	0.080952	0.029586
 70-74 	0.055988	0.078298	0.035149
 75-79 	0.029106	0.052213	0.008275
 80+ 	0.000000	0.000000	0.000000
Total	0.119795	0.145140	0.092747
2031			
 0-4	0.091828	0.091711	0.091957
 5-9	0.000000	0.000000	0.000000
 10-14 	0.000000	0.000000	0.000000
 15-19 	0.080798	0.074840	0.087427
 20-24 	0.221711	0.242238	0.198826
 25-29 	0.257295	0.306044	0.202925
 30-34 	0.240971	0.302920	0.172322
 35-39 	0.203101	0.261710	0.138962
 40-44 	0.160231	0.205511	0.111818
 45-49 	0.121176	0.151466	0.089478
 50-54 	0.089712	0.110318	0.068568
 55-59 	0.067745	0.086617	0.048796
 60-64 	0.056534	0.079341	0.034151
 65-69 	0.054769	0.081015	0.029637
 70-74 	0.056031	0.078365	0.035213
 75-79 	0.028986	0.052038	0.008196
 80+ 	0.000000	0.000000	0.000000
Total	0.119714	0.145131	0.092605
2032			
 0-4	0.091989	0.091872	0.092117
 5-9	0.000000	0.000000	0.000000
 10-14 	0.000000	0.000000	0.000000
 15-19 	0.080897	0.074897	0.087566
 20-24 	0.221956	0.242426	0.199150
 25-29 	0.257593	0.306326	0.203264
 30-34 	0.241275	0.303184	0.172614
 35-39 	0.203373	0.261937	0.139201
 40-44 	0.160477	0.205665	0.111997
 45-49 	0.121302	0.151561	0.089612
 50-54 	0.089822	0.110407	0.068679
 55-59 	0.067824	0.086694	0.048880
 60-64 	0.056616	0.079417	0.034241
 65-69 	0.054808	0.081087	0.029688
 70-74 	0.056078	0.078436	0.035276
 75-79 	0.028915	0.051955	0.008167
 80+ 	0.000000	0.000000	0.000000
Total	0.119608	0.145094	0.092442
2033			
 0-4	0.092031	0.091917	0.092155
 5-9	0.000000	0.000000	0.000000
 10-14 	0.000000	0.000000	0.000000
 15-19 	0.081031	0.074995	0.087736
 20-24 	0.222131	0.242527	0.199417
 25-29 	0.257885	0.306621	0.203584
 30-34 	0.241565	0.303450	0.172891
 35-39 	0.203633	0.262163	0.139425
 40-44 	0.160733	0.205837	0.112179
 45-49 	0.121443	0.151672	0.089745
 50-54 	0.089917	0.110482	0.068778
 55-59 	0.067911	0.086779	0.048968
 60-64 	0.056693	0.079489	0.034330
 65-69 	0.054854	0.081161	0.029738
 70-74 	0.056120	0.078505	0.035333
 75-79 	0.028892	0.051965	0.008169
 80+ 	0.000000	0.000000	0.000000
Total	0.119475	0.145026	0.092257
2034			
 0-4	0.091903	0.091795	0.092020
 5-9	0.000000	0.000000	0.000000
 10-14 	0.000000	0.000000	0.000000
 15-19 	0.081175	0.075111	0.087906
 20-24 	0.222268	0.242598	0.199640
 25-29 	0.258154	0.306913	0.203861
 30-34 	0.241823	0.303702	0.173132
 35-39 	0.203871	0.262378	0.139621
 40-44 	0.160978	0.206017	0.112351
 45-49 	0.121588	0.151784	0.089862
 50-54 	0.089997	0.110543	0.068858
 55-59 	0.067997	0.086865	0.049050
 60-64 	0.056751	0.079553	0.034397
 65-69 	0.054911	0.081236	0.029787
 70-74 	0.056154	0.078569	0.035381
 75-79 	0.028895	0.052024	0.008186
 80+ 	0.000000	0.000000	0.000000
Total	0.119308	0.144925	0.092039
2035			
 0-4	0.091660	0.091561	0.091768
 5-9	0.000000	0.000000	0.000000
 10-14 	0.000000	0.000000	0.000000
 15-19 	0.081307	0.075220	0.088058
 20-24 	0.222406	0.242686	0.199844
 25-29 	0.258397	0.307190	0.204101
 30-34 	0.242049	0.303939	0.173342
 35-39 	0.204094	0.262586	0.139796
 40-44 	0.161200	0.206192	0.112505
 45-49 	0.121726	0.151884	0.089959
 50-54 	0.090063	0.110593	0.068922
 55-59 	0.068079	0.086946	0.049122
 60-64 	0.056786	0.079619	0.034411
 65-69 	0.054969	0.081317	0.029840
 70-74 	0.056182	0.078633	0.035425
 75-79 	0.028901	0.052083	0.008202
 80+ 	0.000000	0.000000	0.000000
Total	0.119117	0.144799	0.091798
2036			
 0-4	0.091381	0.091293	0.091477
 5-9	0.000000	0.000000	0.000000
 10-14 	0.000000	0.000000	0.000000
 15-19 	0.081417	0.075311	0.088183
 20-24 	0.222571	0.242827	0.200048
 25-29 	0.258621	0.307451	0.204320
 30-34 	0.242254	0.304172	0.173529
 35-39 	0.204309	0.262794	0.139955
 40-44 	0.161394	0.206359	0.112640
 45-49 	0.121862	0.151975	0.090043
 50-54 	0.090126	0.110646	0.068977
 55-59 	0.068153	0.087019	0.049181
 60-64 	0.056835	0.079683	0.034448
 65-69 	0.055022	0.081380	0.029898
 70-74 	0.056208	0.078696	0.035464
 75-79 	0.028903	0.052139	0.008213
 80+ 	0.000000	0.000000	0.000000
Total	0.118911	0.144660	0.091543
2037			
 0-4	0.091087	0.091010	0.091171
 5-9	0.000000	0.000000	0.000000
 10-14 	0.000000	0.000000	0.000000
 15-19 	0.081509	0.075387	0.088287
 20-24 	0.222767	0.243023	0.200260
 25-29 	0.258834	0.307690	0.204535
 30-34 	0.242443	0.304403	0.173698
 35-39 	0.204511	0.262995	0.140099
 40-44 	0.161567	0.206519	0.112759
 45-49 	0.122007	0.152073	0.090125
 50-54 	0.090193	0.110708	0.069030
 55-59 	0.068219	0.087084	0.049226
 60-64 	0.056884	0.079747	0.034484
 65-69 	0.055063	0.081438	0.029929
 70-74 	0.056233	0.078758	0.035499
 75-79 	0.028897	0.052183	0.008218
 80+ 	0.000000	0.000000	0.000000
Total	0.118697	0.144512	0.091279
2038			
 0-4	0.090833	0.090761	0.090911
 5-9	0.000000	0.000000	0.000000
 10-14 	0.000000	0.000000	0.000000
 15-19 	0.081595	0.075461	0.088380
 20-24 	0.222975	0.243249	0.200464
 25-29 	0.259033	0.307907	0.204742
 30-34 	0.242608	0.304623	0.173837
 35-39 	0.204689	0.263182	0.140223
 40-44 	0.161722	0.206668	0.112860
 45-49 	0.122157	0.152179	0.090208
 50-54 	0.090268	0.110777	0.069080
 55-59 	0.068273	0.087140	0.049259
 60-64 	0.056935	0.079810	0.034520
 65-69 	0.055084	0.081492	0.029927
 70-74 	0.056258	0.078815	0.035525
 75-79 	0.028883	0.052213	0.008219
 80+ 	0.000000	0.000000	0.000000
Total	0.118475	0.144358	0.091008
2039			
 0-4	0.090661	0.090587	0.090741
 5-9	0.000000	0.000000	0.000000
 10-14 	0.000000	0.000000	0.000000
 15-19 	0.081678	0.075534	0.088466
 20-24 	0.223175	0.243478	0.200650
 25-29 	0.259219	0.308109	0.204933
 30-34 	0.242746	0.304825	0.173945
 35-39 	0.204841	0.263353	0.140327
 40-44 	0.161863	0.206806	0.112945
 45-49 	0.122302	0.152292	0.090287
 50-54 	0.090345	0.110846	0.069122
 55-59 	0.068318	0.087188	0.049281
 60-64 	0.056986	0.079870	0.034553
 65-69 	0.055098	0.081548	0.029919
 70-74 	0.056275	0.078854	0.035533
 75-79 	0.028866	0.052239	0.008220
 80+ 	0.000000	0.000000	0.000000
Total	0.118250	0.144198	0.090735
2040			
 0-4	0.090583	0.090503	0.090670
 5-9	0.000000	0.000000	0.000000
 10-14 	0.000000	0.000000	0.000000
 15-19 	0.081759	0.075609	0.088549
 20-24 	0.223355	0.243689	0.200815
 25-29 	0.259390	0.308303	0.205105
 30-34 	0.242866	0.305009	0.174035
 35-39 	0.204971	0.263510	0.140417
 40-44 	0.161998	0.206940	0.113023
 45-49 	0.122435	0.152402	0.090361
 50-54 	0.090421	0.110905	0.069154
 55-59 	0.068357	0.087230	0.049295
 60-64 	0.057038	0.079926	0.034583
 65-69 	0.055151	0.081612	0.029968
 70-74 	0.056243	0.078842	0.035499
 75-79 	0.028851	0.052269	0.008221
 80+ 	0.000000	0.000000	0.000000
Total	0.118021	0.144031	0.090462
2041			
 0-4	0.090612	0.090529	0.090702
 5-9	0.000000	0.000000	0.000000
 10-14 	0.000000	0.000000	0.000000
 15-19 	0.081842	0.075685	0.088633
 20-24 	0.223520	0.243880	0.200968
 25-29 	0.259558	0.308504	0.205265
 30-34 	0.242993	0.305197	0.174135
 35-39 	0.205093	0.263667	0.140507
 40-44 	0.162134	0.207077	0.113102
 45-49 	0.122553	0.152507	0.090430
 50-54 	0.090498	0.110960	0.069184
 55-59 	0.068397	0.087274	0.049309
 60-64 	0.057090	0.079980	0.034608
 65-69 	0.055192	0.081669	0.029992
 70-74 	0.056237	0.078884	0.035458
 75-79 	0.028838	0.052302	0.008222
 80+ 	0.000000	0.000000	0.000000
Total	0.117796	0.143864	0.090196
2042			
 0-4	0.090731	0.090656	0.090813
 5-9	0.000000	0.000000	0.000000
 10-14 	0.000000	0.000000	0.000000
 15-19 	0.081926	0.075762	0.088718
 20-24 	0.223679	0.244062	0.201123
 25-29 	0.259727	0.308717	0.205419
 30-34 	0.243150	0.305407	0.174266
 35-39 	0.205211	0.263825	0.140599
 40-44 	0.162267	0.207209	0.113184
 45-49 	0.122662	0.152606	0.090497
 50-54 	0.090588	0.111020	0.069223
 55-59 	0.068443	0.087322	0.049328
 60-64 	0.057144	0.080034	0.034629
 65-69 	0.055233	0.081725	0.030016
 70-74 	0.056288	0.078960	0.035490
 75-79 	0.028826	0.052332	0.008217
 80+ 	0.000000	0.000000	0.000000
Total	0.117577	0.143699	0.089941
2043			
 0-4	0.090970	0.090910	0.091034
 5-9	0.000000	0.000000	0.000000
 10-14 	0.000000	0.000000	0.000000
 15-19 	0.082007	0.075834	0.088800
 20-24 	0.223836	0.244240	0.201278
 25-29 	0.259890	0.308930	0.205565
 30-34 	0.243329	0.305632	0.174423
 35-39 	0.205314	0.263966	0.140683
 40-44 	0.162386	0.207328	0.113262
 45-49 	0.122762	0.152697	0.090561
 50-54 	0.090685	0.111086	0.069273
 55-59 	0.068497	0.087372	0.049352
 60-64 	0.057194	0.080087	0.034647
 65-69 	0.055275	0.081779	0.030038
 70-74 	0.056402	0.079070	0.035611
 75-79 	0.028805	0.052347	0.008196
 80+ 	0.000000	0.000000	0.000000
Total	0.117364	0.143534	0.089697
2044			
 0-4	0.091352	0.091307	0.091400
 5-9	0.000000	0.000000	0.000000
 10-14 	0.000000	0.000000	0.000000
 15-19 	0.082087	0.075906	0.088882
 20-24 	0.223990	0.244414	0.201430
 25-29 	0.260045	0.309136	0.205703
 30-34 	0.243512	0.305856	0.174587
 35-39 	0.205395	0.264084	0.140755
 40-44 	0.162488	0.207432	0.113335
 45-49 	0.122856	0.152781	0.090620
 50-54 	0.090784	0.111156	0.069328
 55-59 	0.068556	0.087422	0.049375
 60-64 	0.057241	0.080137	0.034662
 65-69 	0.055318	0.081829	0.030057
 70-74 	0.056513	0.079176	0.035738
 75-79 	0.028734	0.052300	0.008118
 80+ 	0.000000	0.000000	0.000000
Total	0.117154	0.143368	0.089461
2045			
 0-4	0.091803	0.091768	0.091842
 5-9	0.000000	0.000000	0.000000
 10-14 	0.000000	0.000000	0.000000
 15-19 	0.082168	0.075980	0.088963
 20-24 	0.224138	0.244581	0.201579
 25-29 	0.260188	0.309326	0.205837
 30-34 	0.243681	0.306063	0.174742
 35-39 	0.205464	0.264186	0.140820
 40-44 	0.162577	0.207525	0.113404
 45-49 	0.122948	0.152863	0.090679
 50-54 	0.090875	0.111224	0.069384
 55-59 	0.068615	0.087465	0.049393
 60-64 	0.057286	0.080183	0.034673
 65-69 	0.055363	0.081876	0.030075
 70-74 	0.056469	0.079165	0.035670
 75-79 	0.028506	0.052075	0.007911
 80+ 	0.000000	0.000000	0.000000
Total	0.116940	0.143193	0.089225
2046			
 0-4	0.092258	0.092226	0.092293
 5-9	0.000000	0.000000	0.000000
 10-14 	0.000000	0.000000	0.000000
 15-19 	0.082250	0.076055	0.089045
 20-24 	0.224271	0.244728	0.201718
 25-29 	0.260312	0.309488	0.205963
 30-34 	0.243817	0.306232	0.174872
 35-39 	0.205532	0.264283	0.140888
 40-44 	0.162650	0.207605	0.113467
 45-49 	0.123033	0.152936	0.090734
 50-54 	0.090950	0.111280	0.069432
 55-59 	0.068674	0.087499	0.049407
 60-64 	0.057327	0.080223	0.034682
 65-69 	0.055409	0.081917	0.030093
 70-74 	0.056495	0.079200	0.035684
 75-79 	0.028579	0.052129	0.008014
 80+ 	0.000000	0.000000	0.000000
Total	0.116715	0.142998	0.088986
2047			
 0-4	0.092699	0.092668	0.092732
 5-9	0.000000	0.000000	0.000000
 10-14 	0.000000	0.000000	0.000000
 15-19 	0.082329	0.076126	0.089123
 20-24 	0.224383	0.244849	0.201842
 25-29 	0.260411	0.309614	0.206077
 30-34 	0.243911	0.306356	0.174973
 35-39 	0.205615	0.264393	0.140969
 40-44 	0.162702	0.207662	0.113521
 45-49 	0.123102	0.152988	0.090783
 50-54 	0.091009	0.111321	0.069471
 55-59 	0.068735	0.087527	0.049424
 60-64 	0.057365	0.080255	0.034693
 65-69 	0.055456	0.081951	0.030110
 70-74 	0.056519	0.079229	0.035698
 75-79 	0.028714	0.052253	0.008162
 80+ 	0.000000	0.000000	0.000000
Total	0.116472	0.142779	0.088737
2048			
 0-4	0.093122	0.093093	0.093154
 5-9	0.000000	0.000000	0.000000
 10-14 	0.000000	0.000000	0.000000
 15-19 	0.082400	0.076186	0.089195
 20-24 	0.224475	0.244944	0.201953
 25-29 	0.260488	0.309711	0.206179
 30-34 	0.243974	0.306443	0.175053
 35-39 	0.205716	0.264515	0.141066
 40-44 	0.162729	0.207685	0.113564
 45-49 	0.123154	0.153017	0.090825
 50-54 	0.091056	0.111347	0.069503
 55-59 	0.068797	0.087550	0.049448
 60-64 	0.057405	0.080279	0.034703
 65-69 	0.055498	0.081978	0.030129
 70-74 	0.056547	0.079256	0.035717
 75-79 	0.028824	0.052430	0.008218
 80+ 	0.000000	0.000000	0.000000
Total	0.116212	0.142535	0.088477
2049			
 0-4	0.093536	0.093508	0.093567
 5-9	0.000000	0.000000	0.000000
 10-14 	0.000000	0.000000	0.000000
 15-19 	0.082458	0.076230	0.089259
 20-24 	0.224553	0.245021	0.202057
 25-29 	0.260547	0.309782	0.206272
 30-34 	0.244014	0.306499	0.175121
 35-39 	0.205816	0.264630	0.141166
 40-44 	0.162730	0.207674	0.113594
 45-49 	0.123187	0.153026	0.090860
 50-54 	0.091093	0.111362	0.069530
 55-59 	0.068855	0.087569	0.049476
 60-64 	0.057448	0.080296	0.034712
 65-69 	0.055539	0.081999	0.030147
 70-74 	0.056581	0.079280	0.035740
 75-79 	0.028888	0.052565	0.008226
 80+ 	0.000000	0.000000	0.000000
Total	0.115936	0.142269	0.088209
2050			
 0-4	0.093812	0.093784	0.093842
 5-9	0.000000	0.000000	0.000000
 10-14 	0.000000	0.000000	0.000000
 15-19 	0.082504	0.076258	0.089314
 20-24 	0.224633	0.245101	0.202163
 25-29 	0.260603	0.309849	0.206365
 30-34 	0.244051	0.306552	0.175191
 35-39 	0.205907	0.264733	0.141261
 40-44 	0.162726	0.207657	0.113622
 45-49 	0.123214	0.153032	0.090894
 50-54 	0.091132	0.111379	0.069558
 55-59 	0.068908	0.087587	0.049505
 60-64 	0.057498	0.080311	0.034719
 65-69 	0.055580	0.082019	0.030167
 70-74 	0.056619	0.079304	0.035765
 75-79 	0.028778	0.052412	0.008156
 80+ 	0.000000	0.000000	0.000000
Total	0.115649	0.141986	0.087932
