Year Total	Male	Female
1970			
 0-4	11997636.000000	6085157.000000	5912479.000000
 5-9	9534428.000000	4845253.000000	4689175.000000
 10-14 	7679841.000000	3895268.000000	3784573.000000
 15-19 	5977139.000000	3019134.000000	2958005.000000
 20-24 	5246819.000000	2662145.000000	2584674.000000
 25-29 	4611436.000000	2350371.000000	2261065.000000
 30-34 	4045656.000000	2086103.000000	1959553.000000
 35-39 	3511427.000000	1818336.000000	1693091.000000
 40-44 	2985571.000000	1536172.000000	1449399.000000
 45-49 	2534817.000000	1313489.000000	1221328.000000
 50-54 	2104318.000000	1107568.000000	996750.000000
 55-59 	1718936.000000	920937.000000	797999.000000
 60-64 	1315293.000000	728989.000000	586304.000000
 65-69 	915188.000000	504443.000000	410745.000000
 70-74 	530123.000000	287966.000000	242157.000000
 75-79 	240804.000000	131523.000000	109281.000000
 80+ 	99269.000000	52097.000000	47172.000000
Total	65048700.000000	33344952.000000	31703750.000000
1971			
 0-4	12070642.000000	6127674.500000	5942967.000000
 5-9	9832792.000000	4995268.000000	4837524.500000
 10-14 	7944656.000000	4028974.250000	3915682.000000
 15-19 	5958481.000000	3002347.500000	2956133.500000
 20-24 	5190045.000000	2623015.000000	2567030.000000
 25-29 	4695929.500000	2388430.500000	2307499.250000
 30-34 	4141031.750000	2130667.000000	2010364.750000
 35-39 	3602884.000000	1865966.750000	1736917.250000
 40-44 	3066634.250000	1579152.625000	1487481.625000
 45-49 	2601506.750000	1344899.875000	1256606.750000
 50-54 	2162953.250000	1134576.875000	1028376.500000
 55-59 	1769382.750000	943669.437500	825713.312500
 60-64 	1354413.375000	747243.125000	607170.250000
 65-69 	947271.687500	523961.031250	423310.625000
 70-74 	554598.000000	302140.562500	252457.437500
 75-79 	253999.843750	138256.812500	115743.031250
 80+ 	104397.718750	54876.625000	49521.097656
Total	66251620.000000	33931120.000000	32320498.000000
1972			
 0-4	12085676.000000	6142377.500000	5943298.500000
 5-9	10112454.000000	5134025.500000	4978428.000000
 10-14 	8210718.000000	4163286.250000	4047431.750000
 15-19 	5994602.500000	3014683.250000	2979919.000000
 20-24 	5070743.000000	2550129.000000	2520613.750000
 25-29 	4765276.500000	2418902.250000	2346374.250000
 30-34 	4238913.000000	2175472.250000	2063440.375000
 35-39 	3694249.500000	1912569.250000	1781680.125000
 40-44 	3152464.250000	1625865.500000	1526598.625000
 45-49 	2667889.000000	1376261.125000	1291628.000000
 50-54 	2224441.500000	1162862.000000	1061579.625000
 55-59 	1818665.750000	966574.125000	852091.687500
 60-64 	1396568.625000	765310.687500	631258.000000
 65-69 	978411.125000	543151.187500	435259.937500
 70-74 	580610.312500	317315.093750	263295.218750
 75-79 	267620.250000	145109.781250	122510.460938
 80+ 	109956.625000	57889.414063	52067.214844
Total	67369256.000000	34471784.000000	32897474.000000
1973			
 0-4	12097590.000000	6155857.500000	5941732.500000
 5-9	10394581.000000	5272432.000000	5122148.500000
 10-14 	8489844.000000	4304865.000000	4184979.250000
 15-19 	6147439.000000	3089238.500000	3058200.500000
 20-24 	4936747.000000	2470715.250000	2466032.000000
 25-29 	4806537.500000	2434707.500000	2371830.000000
 30-34 	4333292.000000	2216950.250000	2116341.750000
 35-39 	3785715.000000	1957897.375000	1827817.750000
 40-44 	3239737.250000	1674196.250000	1565541.000000
 45-49 	2732952.000000	1407701.875000	1325250.000000
 50-54 	2286055.500000	1191441.375000	1094614.000000
 55-59 	1866321.000000	989231.625000	877089.375000
 60-64 	1439869.375000	783225.750000	656643.687500
 65-69 	1008286.312500	561336.500000	446949.843750
 70-74 	606869.250000	332799.437500	274069.843750
 75-79 	281538.625000	152244.109375	129294.523438
 80+ 	116030.734375	61130.531250	54900.199219
Total	68569408.000000	35055972.000000	33513434.000000
1974			
 0-4	12181635.000000	6205520.000000	5976115.000000
 5-9	10655335.000000	5398662.000000	5256673.000000
 10-14 	8794156.000000	4460101.000000	4334055.500000
 15-19 	6434416.000000	3235426.500000	3198989.500000
 20-24 	4851665.000000	2420350.750000	2431314.500000
 25-29 	4805864.500000	2428395.500000	2377469.000000
 30-34 	4413054.000000	2248904.750000	2164149.250000
 35-39 	3877563.500000	2001531.500000	1876032.125000
 40-44 	3323928.250000	1721095.750000	1602832.500000
 45-49 	2795183.000000	1439365.750000	1355817.250000
 50-54 	2343358.500000	1218585.250000	1124773.250000
 55-59 	1912079.875000	1011148.875000	900930.937500
 60-64 	1481079.500000	800706.687500	680372.812500
 65-69 	1036426.187500	577578.875000	458847.343750
 70-74 	631546.562500	347663.531250	283883.000000
 75-79 	295614.750000	159802.390625	135812.343750
 80+ 	122763.453125	64622.937500	58140.519531
Total	69955672.000000	35739464.000000	34216208.000000
1975			
 0-4	12489033.000000	6367863.000000	6121170.000000
 5-9	10763774.000000	5448522.000000	5315251.500000
 10-14 	9135860.000000	4635182.500000	4500677.500000
 15-19 	6862723.000000	3457031.250000	3405691.750000
 20-24 	4886573.500000	2436533.750000	2450039.500000
 25-29 	4776810.500000	2407243.500000	2369567.000000
 30-34 	4476011.500000	2271963.000000	2204048.500000
 35-39 	3970498.500000	2043364.500000	1927134.125000
 40-44 	3407541.000000	1766694.750000	1640846.000000
 45-49 	2857884.500000	1472927.000000	1384957.625000
 50-54 	2397505.750000	1244670.250000	1152835.625000
 55-59 	1958342.250000	1033090.375000	925251.750000
 60-64 	1520788.500000	818426.062500	702362.500000
 65-69 	1064251.375000	592170.937500	472080.437500
 70-74 	654576.500000	361770.781250	292805.687500
 75-79 	309856.656250	167831.593750	142025.062500
 80+ 	130117.312500	68356.414063	61760.902344
Total	71662144.000000	36593644.000000	35068504.000000
1976			
 0-4	12793826.000000	6516246.000000	6277579.500000
 5-9	10922867.000000	5536234.000000	5386632.500000
 10-14 	9488326.000000	4814923.500000	4673402.000000
 15-19 	7349639.000000	3710174.250000	3639464.500000
 20-24 	5043232.500000	2519172.250000	2524060.250000
 25-29 	4720164.500000	2372594.000000	2347570.500000
 30-34 	4514846.000000	2282074.250000	2232771.750000
 35-39 	4061671.000000	2081828.750000	1979842.250000
 40-44 	3490523.000000	1810965.875000	1679557.000000
 45-49 	2918830.250000	1507153.875000	1411676.375000
 50-54 	2446857.750000	1268785.250000	1178072.375000
 55-59 	2003577.125000	1054480.625000	949096.500000
 60-64 	1557450.750000	835351.750000	722099.062500
 65-69 	1091395.375000	605153.875000	486241.500000
 70-74 	675628.375000	374931.093750	300697.250000
 75-79 	324230.906250	176163.062500	148067.859375
 80+ 	137832.125000	72250.500000	65581.632813
Total	73540896.000000	37538484.000000	36002412.000000
1977			
 0-4	13133078.000000	6680521.000000	6452557.000000
 5-9	11068640.000000	5621283.000000	5447358.000000
 10-14 	9840545.000000	4992626.500000	4847919.000000
 15-19 	7831432.500000	3960911.500000	3870521.000000
 20-24 	5335930.500000	2674226.000000	2661704.500000
 25-29 	4644136.500000	2329213.750000	2314922.500000
 30-34 	4533690.500000	2282809.250000	2250881.250000
 35-39 	4148641.000000	2115914.750000	2032726.125000
 40-44 	3574977.250000	1854416.750000	1720560.500000
 45-49 	2979888.500000	1542581.625000	1437306.875000
 50-54 	2492246.500000	1290788.625000	1201457.750000
 55-59 	2048529.750000	1075529.375000	973000.375000
 60-64 	1591407.500000	851354.562500	740053.000000
 65-69 	1118741.625000	616811.187500	501930.437500
 70-74 	695021.562500	387305.156250	307716.406250
 75-79 	338875.718750	184738.078125	154137.640625
 80+ 	145748.281250	76244.343750	69503.945313
Total	75521528.000000	38537276.000000	36984256.000000
1978			
 0-4	13470106.000000	6845581.000000	6624525.000000
 5-9	11212780.000000	5706858.500000	5505921.500000
 10-14 	10188349.000000	5165864.000000	5022485.500000
 15-19 	8269356.000000	4188454.500000	4080901.500000
 20-24 	5743592.000000	2889458.750000	2854133.250000
 25-29 	4581645.500000	2296399.250000	2285246.500000
 30-34 	4537182.500000	2279137.250000	2258045.250000
 35-39 	4230132.000000	2146704.250000	2083427.625000
 40-44 	3661526.500000	1896810.375000	1764716.000000
 45-49 	3041362.000000	1578171.000000	1463190.750000
 50-54 	2535482.750000	1311522.250000	1223960.625000
 55-59 	2092591.750000	1095740.500000	996851.312500
 60-64 	1623869.500000	866446.875000	757422.750000
 65-69 	1146246.125000	627581.312500	518664.843750
 70-74 	713245.250000	398583.250000	314662.031250
 75-79 	353372.593750	193284.140625	160088.468750
 80+ 	153935.250000	80444.257813	73490.992188
Total	77554776.000000	39567040.000000	37987736.000000
1979			
 0-4	13794542.000000	7007255.500000	6787286.000000
 5-9	11399907.000000	5813955.000000	5585952.000000
 10-14 	10495187.000000	5316426.500000	5178760.000000
 15-19 	8669186.000000	4395612.000000	4273573.500000
 20-24 	6224278.500000	3142471.250000	3081807.500000
 25-29 	4577771.000000	2299912.750000	2277858.250000
 30-34 	4528801.500000	2275194.750000	2253606.500000
 35-39 	4305147.000000	2176154.500000	2128992.500000
 40-44 	3749144.750000	1937489.750000	1811655.125000
 45-49 	3102267.250000	1612092.125000	1490175.125000
 50-54 	2578159.500000	1332183.125000	1245976.250000
 55-59 	2134118.750000	1114280.250000	1019838.437500
 60-64 	1655937.875000	880606.062500	775331.812500
 65-69 	1173048.750000	637828.437500	535220.375000
 70-74 	730716.500000	408317.437500	322399.062500
 75-79 	367141.968750	201471.296875	165670.671875
 80+ 	162477.656250	84962.203125	77515.460938
Total	79647832.000000	40636212.000000	39011620.000000
1980			
 0-4	14098340.000000	7162124.000000	6936215.500000
 5-9	11760093.000000	6006562.500000	5753530.000000
 10-14 	10628892.000000	5379403.000000	5249488.500000
 15-19 	9046275.000000	4590144.000000	4456131.000000
 20-24 	6730360.000000	3409314.000000	3321045.750000
 25-29 	4663519.000000	2357801.000000	2305718.000000
 30-34 	4512065.000000	2274803.250000	2237261.750000
 35-39 	4369980.500000	2204517.750000	2165462.750000
 40-44 	3832432.750000	1974634.750000	1857798.000000
 45-49 	3158912.500000	1642360.750000	1516551.875000
 50-54 	2617621.750000	1352371.000000	1265250.750000
 55-59 	2169795.500000	1129899.375000	1039896.187500
 60-64 	1685789.500000	893131.125000	792658.437500
 65-69 	1197150.750000	647184.500000	549966.375000
 70-74 	746981.500000	416137.968750	330843.500000
 75-79 	379737.875000	209033.906250	170703.953125
 80+ 	171362.000000	89807.046875	81554.945313
Total	81769304.000000	41739228.000000	40030076.000000
1981			
 0-4	14385631.000000	7310391.000000	7075240.000000
 5-9	12085052.000000	6168883.000000	5916169.500000
 10-14 	10796298.000000	5471321.000000	5324977.000000
 15-19 	9407022.000000	4774525.500000	4632497.000000
 20-24 	7236295.000000	3675110.250000	3561185.000000
 25-29 	4860536.500000	2476515.750000	2384020.500000
 30-34 	4494617.500000	2281028.250000	2213589.250000
 35-39 	4424250.000000	2232395.750000	2191854.500000
 40-44 	3914837.250000	2009436.750000	1905400.500000
 45-49 	3217992.500000	1671923.125000	1546069.250000
 50-54 	2658023.000000	1373633.250000	1284389.625000
 55-59 	2202764.750000	1143813.125000	1058951.625000
 60-64 	1716196.250000	905333.375000	810862.875000
 65-69 	1220060.500000	656055.812500	564004.687500
 70-74 	763473.000000	422923.375000	340549.625000
 75-79 	391427.406250	216081.234375	175346.187500
 80+ 	180510.453125	94874.976563	85635.476563
Total	83954984.000000	42884244.000000	41070744.000000
1982			
 0-4	14664121.000000	7454540.500000	7209580.000000
 5-9	12426535.000000	6336950.500000	6089584.500000
 10-14 	10943766.000000	5557135.500000	5386630.000000
 15-19 	9757892.000000	4951584.000000	4806308.000000
 20-24 	7711950.500000	3924042.750000	3787907.500000
 25-29 	5180719.000000	2657624.250000	2523094.750000
 30-34 	4470498.000000	2287158.750000	2183339.500000
 35-39 	4468634.000000	2260389.500000	2208244.250000
 40-44 	3996425.500000	2042555.625000	1953869.750000
 45-49 	3281698.250000	1702274.875000	1579423.375000
 50-54 	2701258.000000	1397320.000000	1303938.000000
 55-59 	2233789.000000	1156527.500000	1077261.625000
 60-64 	1748228.250000	918131.937500	830096.312500
 65-69 	1242029.250000	664711.375000	577317.875000
 70-74 	781013.375000	429222.000000	351791.375000
 75-79 	402411.375000	222784.515625	179626.859375
 80+ 	189930.281250	100109.820313	89820.468750
Total	86200896.000000	44063064.000000	42137836.000000
1983			
 0-4	14932611.000000	7593286.000000	7339325.000000
 5-9	12765200.000000	6504342.000000	6260858.000000
 10-14 	11088756.000000	5643074.000000	5445682.000000
 15-19 	10104596.000000	5124236.500000	4980359.000000
 20-24 	8145683.000000	4149409.750000	3996273.000000
 25-29 	5604165.000000	2886488.250000	2717676.750000
 30-34 	4455785.000000	2297484.250000	2158300.500000
 35-39 	4498203.000000	2284628.500000	2213574.750000
 40-44 	4079571.500000	2076602.000000	2002969.750000
 45-49 	3354642.500000	1736169.375000	1618473.250000
 50-54 	2750905.000000	1424987.375000	1325917.500000
 55-59 	2266833.000000	1170779.250000	1096053.750000
 60-64 	1783764.750000	932937.000000	850827.812500
 65-69 	1265537.000000	674415.437500	591121.562500
 70-74 	800575.812500	436191.125000	364384.687500
 75-79 	413301.656250	229226.687500	184074.984375
 80+ 	199508.156250	105468.328125	94039.835938
Total	88509640.000000	45269724.000000	43239912.000000
1984			
 0-4	15183072.000000	7722460.000000	7460612.500000
 5-9	13091206.000000	6667649.500000	6423557.000000
 10-14 	11275938.000000	5750199.500000	5525738.500000
 15-19 	10410929.000000	5274411.000000	5136518.000000
 20-24 	8545403.000000	4354627.000000	4190775.750000
 25-29 	6089576.000000	3139982.000000	2949594.000000
 30-34 	4485792.500000	2327895.000000	2157897.250000
 35-39 	4507426.500000	2300342.000000	2207084.250000
 40-44 	4164704.000000	2113405.000000	2051299.000000
 45-49 	3441555.250000	1776281.000000	1665274.250000
 50-54 	2810788.000000	1457764.625000	1353023.375000
 55-59 	2306932.750000	1189932.000000	1117000.875000
 60-64 	1824343.000000	950873.500000	873469.500000
 65-69 	1293898.625000	686668.062500	607230.562500
 70-74 	822884.562500	444982.531250	377902.031250
 75-79 	424972.875000	235555.296875	189417.578125
 80+ 	209125.015625	110916.539063	98208.476563
Total	90888544.000000	46503944.000000	44384604.000000
1985			
 0-4	15408794.000000	7838081.000000	7570713.000000
 5-9	13399974.000000	6824700.500000	6575274.000000
 10-14 	11635139.000000	5942287.000000	5692852.000000
 15-19 	10545872.000000	5337708.000000	5208163.500000
 20-24 	8929117.000000	4547698.500000	4381419.000000
 25-29 	6599244.000000	3397214.250000	3202029.500000
 30-34 	4595172.000000	2394110.750000	2201061.000000
 35-39 	4499171.000000	2307717.250000	2191453.500000
 40-44 	4251437.500000	2153585.500000	2097852.250000
 45-49 	3548181.250000	1825292.625000	1722888.500000
 50-54 	2887305.000000	1497830.125000	1389474.750000
 55-59 	2359754.000000	1216926.625000	1142827.250000
 60-64 	1873109.500000	973288.187500	899821.375000
 65-69 	1330730.750000	703031.062500	627699.625000
 70-74 	849199.875000	456497.437500	392702.437500
 75-79 	438419.750000	242186.640625	196233.109375
 80+ 	218757.250000	116427.007813	102330.250000
Total	93369376.000000	47774584.000000	45594796.000000
1986			
 0-4	15600634.000000	7936513.000000	7664121.500000
 5-9	13692309.000000	6975067.000000	6717242.000000
 10-14 	11959660.000000	6104474.000000	5855187.000000
 15-19 	10714010.000000	5429764.500000	5284245.000000
 20-24 	9297098.000000	4730736.500000	4566362.000000
 25-29 	7104576.000000	3647967.250000	3456608.500000
 30-34 	4795983.500000	2501153.750000	2294829.750000
 35-39 	4476492.000000	2307264.000000	2169228.250000
 40-44 	4325249.500000	2191065.500000	2134183.750000
 45-49 	3664383.500000	1878426.750000	1785956.750000
 50-54 	2974768.250000	1542787.750000	1431980.500000
 55-59 	2420677.500000	1249480.125000	1171197.250000
 60-64 	1924660.250000	997576.125000	927084.187500
 65-69 	1373401.375000	722410.312500	650991.000000
 70-74 	877558.875000	469500.750000	408058.093750
 75-79 	453970.750000	249444.656250	204526.093750
 80+ 	228572.875000	122057.164063	106515.710938
Total	95884008.000000	49055688.000000	46828316.000000
1987			
 0-4	15761250.000000	8019150.000000	7742099.500000
 5-9	13975158.000000	7120903.500000	6854254.500000
 10-14 	12300672.000000	6272410.500000	6028262.000000
 15-19 	10862230.000000	5515845.000000	5346385.500000
 20-24 	9653890.000000	4906564.000000	4747326.500000
 25-29 	7580724.500000	3882700.250000	3698024.000000
 30-34 	5108552.500000	2660340.000000	2448212.500000
 35-39 	4441521.500000	2299488.000000	2142033.500000
 40-44 	4381852.000000	2223963.250000	2157888.750000
 45-49 	3784614.250000	1932776.000000	1851838.250000
 50-54 	3070597.750000	1591008.000000	1479590.000000
 55-59 	2488602.000000	1286710.625000	1201891.375000
 60-64 	1976576.375000	1022031.812500	954544.625000
 65-69 	1420971.125000	744205.000000	676766.062500
 70-74 	906963.500000	483257.000000	423706.500000
 75-79 	471855.250000	257413.843750	214441.406250
 80+ 	238754.375000	127919.054688	110835.320313
Total	98424784.000000	50346684.000000	48078100.000000
1988			
 0-4	15893132.000000	8087392.500000	7805739.000000
 5-9	14249032.000000	7261760.500000	6987272.000000
 10-14 	12637190.000000	6438775.000000	6198414.500000
 15-19 	11004406.000000	5599796.000000	5404610.500000
 20-24 	10001499.000000	5076524.500000	4924974.500000
 25-29 	8016197.000000	4097376.500000	3918820.250000
 30-34 	5520870.500000	2866884.500000	2653986.000000
 35-39 	4417197.500000	2296008.500000	2121189.000000
 40-44 	4415743.000000	2248783.500000	2166959.500000
 45-49 	3902936.750000	1986338.750000	1916598.000000
 50-54 	3172467.250000	1641040.750000	1531426.500000
 55-59 	2561581.000000	1326737.625000	1234843.375000
 60-64 	2028567.750000	1046518.937500	982048.812500
 65-69 	1471595.250000	767355.500000	704239.875000
 70-74 	937520.500000	497455.750000	440064.781250
 75-79 	491693.562500	266088.093750	225605.453125
 80+ 	249497.656250	133969.781250	115527.875000
Total	100971128.000000	51638808.000000	49332320.000000
1989			
 0-4	15998187.000000	8142328.000000	7855858.500000
 5-9	14508907.000000	7394987.500000	7113919.000000
 10-14 	12957645.000000	6599253.500000	6358391.000000
 15-19 	11180273.000000	5699467.500000	5480805.500000
 20-24 	10300686.000000	5220493.500000	5080192.500000
 25-29 	8415852.000000	4294772.000000	4121080.000000
 30-34 	5994433.000000	3102095.750000	2892337.000000
 35-39 	4439393.500000	2314914.250000	2124479.250000
 40-44 	4425036.000000	2263243.750000	2161792.250000
 45-49 	4013746.000000	2037978.250000	1975767.625000
 50-54 	3280000.500000	1692742.500000	1587258.000000
 55-59 	2638584.000000	1368067.000000	1270517.000000
 60-64 	2082704.750000	1072535.250000	1010169.500000
 65-69 	1523597.750000	791045.062500	732552.625000
 70-74 	970461.000000	512405.718750	458055.250000
 75-79 	512910.500000	275464.531250	237445.937500
 80+ 	261066.406250	140155.906250	120910.507813
Total	103503480.000000	52921952.000000	50581532.000000
1990			
 0-4	16078625.000000	8185063.000000	7893562.000000
 5-9	14746306.000000	7516399.000000	7229907.500000
 10-14 	13252338.000000	6749379.500000	6502958.500000
 15-19 	11507980.000000	5871720.000000	5636259.500000
 20-24 	10411846.000000	5269117.000000	5142729.000000
 25-29 	8786092.000000	4478320.000000	4307772.000000
 30-34 	6486231.500000	3346207.500000	3140024.250000
 35-39 	4538171.000000	2371200.000000	2166971.000000
 40-44 	4412604.000000	2268240.500000	2144363.500000
 45-49 	4107546.250000	2084925.500000	2022620.750000
 50-54 	3390402.750000	1744854.500000	1645548.250000
 55-59 	2718572.000000	1409349.750000	1309222.500000
 60-64 	2139627.250000	1100474.250000	1039153.000000
 65-69 	1575241.250000	814267.562500	760973.625000
 70-74 	1006373.500000	528191.062500	478182.468750
 75-79 	535100.062500	285430.406250	249669.625000
 80+ 	273789.750000	146574.468750	127215.289063
Total	105966848.000000	54169712.000000	51797132.000000
1991			
 0-4	16136414.000000	8216380.000000	7920033.500000
 5-9	14956561.000000	7623745.000000	7332816.000000
 10-14 	13528430.000000	6891876.500000	6636553.500000
 15-19 	11791537.000000	6008505.000000	5783032.500000
 20-24 	10544523.000000	5339294.000000	5205229.000000
 25-29 	9135894.000000	4651336.000000	4484557.500000
 30-34 	6974987.500000	3588868.500000	3386119.000000
 35-39 	4729268.000000	2472033.000000	2257235.000000
 40-44 	4388073.500000	2267295.000000	2120778.500000
 45-49 	4181558.500000	2125637.500000	2055921.125000
 50-54 	3503447.500000	1797456.000000	1705991.625000
 55-59 	2803605.250000	1451977.500000	1351627.875000
 60-64 	2200454.000000	1131169.875000	1069284.250000
 65-69 	1626672.500000	837181.000000	789491.625000
 70-74 	1045788.500000	545378.125000	500410.375000
 75-79 	558343.750000	295886.031250	262457.718750
 80+ 	288062.937500	153501.140625	134561.781250
Total	108393616.000000	55397520.000000	52996100.000000
1992			
 0-4	16172718.000000	8237168.000000	7935550.000000
 5-9	15140432.000000	7717162.000000	7423269.500000
 10-14 	13797258.000000	7031084.000000	6766174.000000
 15-19 	12090314.000000	6151014.000000	5939299.500000
 20-24 	10650050.000000	5398418.500000	5251632.500000
 25-29 	9470023.000000	4815189.500000	4654833.000000
 30-34 	7435018.500000	3817208.750000	3617809.750000
 35-39 	5030455.500000	2626299.750000	2404155.500000
 40-44 	4352989.000000	2260066.750000	2092922.000000
 45-49 	4235880.000000	2160124.500000	2075755.625000
 50-54 	3617069.250000	1849820.000000	1767249.250000
 55-59 	2893991.250000	1496296.125000	1397695.125000
 60-64 	2265693.000000	1165206.000000	1100487.000000
 65-69 	1677529.250000	859651.625000	817877.625000
 70-74 	1088947.000000	564302.000000	524645.000000
 75-79 	582794.375000	306904.937500	275889.437500
 80+ 	304325.031250	161183.812500	143141.218750
Total	110805488.000000	56617100.000000	54188388.000000
1993			
 0-4	16194370.000000	8250845.000000	7943525.500000
 5-9	15298652.000000	7797151.000000	7501500.500000
 10-14 	14062270.000000	7168034.500000	6894236.000000
 15-19 	12394121.000000	6298896.000000	6095224.500000
 20-24 	10750702.000000	5455348.000000	5295354.000000
 25-29 	9793544.000000	4971889.000000	4821655.000000
 30-34 	7855144.000000	4025359.500000	3829784.250000
 35-39 	5428317.000000	2827117.500000	2601199.500000
 40-44 	4328758.000000	2256851.500000	2071906.375000
 45-49 	4268544.500000	2186244.500000	2082300.000000
 50-54 	3728274.000000	1901509.500000	1826764.250000
 55-59 	2989758.500000	1542470.375000	1447288.000000
 60-64 	2334944.000000	1202059.000000	1132885.000000
 65-69 	1729325.250000	883087.562500	846237.750000
 70-74 	1135952.375000	585330.812500	550621.500000
 75-79 	610357.750000	319581.625000	290776.093750
 80+ 	323557.250000	170354.078125	153203.187500
Total	113226592.000000	57842128.000000	55384460.000000
1994			
 0-4	16210616.000000	8261566.000000	7949050.500000
 5-9	15431534.000000	7864473.000000	7567061.000000
 10-14 	14318190.000000	7299954.500000	7018235.000000
 15-19 	12697320.000000	6451447.000000	6245873.000000
 20-24 	10894155.000000	5533206.000000	5360949.000000
 25-29 	10071060.000000	5103208.000000	4967852.500000
 30-34 	8240633.000000	4215877.500000	4024755.500000
 35-39 	5884646.000000	3055187.000000	2829459.000000
 40-44 	4350109.000000	2275114.750000	2074994.125000
 45-49 	4278323.000000	2201752.500000	2076570.250000
 50-54 	3832144.000000	1951390.375000	1880753.500000
 55-59 	3090696.500000	1590549.750000	1500146.750000
 60-64 	2407564.500000	1240561.375000	1167003.250000
 65-69 	1784239.750000	909353.312500	874886.500000
 70-74 	1186401.875000	608543.000000	577858.812500
 75-79 	643330.312500	335173.531250	308156.750000
 80+ 	346943.750000	181914.890625	165028.859375
Total	115667904.000000	59079272.000000	56588636.000000
1995			
 0-4	16232086.000000	8274717.500000	7957369.000000
 5-9	15541272.000000	7920190.000000	7621082.000000
 10-14 	14559502.000000	7423948.000000	7135554.000000
 15-19 	13000229.000000	6609229.000000	6391000.000000
 20-24 	11217050.000000	5700725.500000	5516324.000000
 25-29 	10177973.000000	5147445.500000	5030527.000000
 30-34 	8607000.000000	4396072.500000	4210927.500000
 35-39 	6362050.500000	3291948.750000	3070101.500000
 40-44 	4447045.000000	2329559.000000	2117486.250000
 45-49 	4270737.500000	2207944.250000	2062793.000000
 50-54 	3923227.000000	1997629.500000	1925597.625000
 55-59 	3196353.750000	1640633.000000	1555720.750000
 60-64 	2483983.000000	1280455.250000	1203527.625000
 65-69 	1843445.875000	939459.812500	903986.125000
 70-74 	1239380.000000	633640.187500	605739.875000
 75-79 	682340.062500	353964.468750	328375.593750
 80+ 	375125.000000	196298.281250	178826.718750
Total	118158800.000000	60343860.000000	57814940.000000
1996			
 0-4	16261744.000000	8291081.000000	7970663.000000
 5-9	15629702.000000	7965944.000000	7663757.000000
 10-14 	14775156.000000	7534586.500000	7240570.000000
 15-19 	13295062.000000	6765668.000000	6529394.000000
 20-24 	11513695.000000	5844406.000000	5669288.500000
 25-29 	10313701.000000	5216601.000000	5097100.000000
 30-34 	8955034.000000	4565976.000000	4389057.500000
 35-39 	6837316.000000	3526655.750000	3310660.500000
 40-44 	4633322.500000	2426810.500000	2206512.000000
 45-49 	4251926.000000	2207748.500000	2044177.125000
 50-54 	3996088.500000	2037587.750000	1958500.750000
 55-59 	3304583.500000	1691548.250000	1613035.000000
 60-64 	2564915.250000	1321825.625000	1243089.500000
 65-69 	1906172.750000	972665.687500	933507.125000
 70-74 	1293479.750000	659691.812500	633787.937500
 75-79 	726276.437500	375330.093750	350946.343750
 80+ 	408236.781250	213466.109375	194770.671875
Total	120666408.000000	61617592.000000	59048816.000000
1997			
 0-4	16293468.000000	8308132.000000	7985335.500000
 5-9	15696098.000000	8001146.000000	7694952.000000
 10-14 	14964567.000000	7631294.000000	7333272.500000
 15-19 	13583714.000000	6919055.500000	6664659.000000
 20-24 	11835614.000000	6000672.000000	5834941.500000
 25-29 	10427109.000000	5276825.000000	5150283.500000
 30-34 	9288500.000000	4726831.000000	4561668.500000
 35-39 	7285254.000000	3747054.250000	3538199.750000
 40-44 	4926090.500000	2575631.000000	2350459.500000
 45-49 	4222775.000000	2200964.500000	2021810.625000
 50-54 	4050657.250000	2071279.000000	1979378.000000
 55-59 	3413353.500000	1742399.375000	1670954.250000
 60-64 	2650513.000000	1364567.250000	1285945.750000
 65-69 	1971878.000000	1008329.125000	963548.937500
 70-74 	1346620.375000	685363.687500	661256.687500
 75-79 	773079.875000	398006.250000	375073.593750
 80+ 	445555.718750	232848.953125	212706.765625
Total	123174848.000000	62890400.000000	60284448.000000
1998			
 0-4	16321448.000000	8323211.000000	7998237.500000
 5-9	15746818.000000	8028756.500000	7718061.000000
 10-14 	15129250.000000	7714815.000000	7414435.500000
 15-19 	13861572.000000	7065655.000000	6795917.500000
 20-24 	12162518.000000	6162188.000000	6000330.000000
 25-29 	10536979.000000	5334901.500000	5202078.000000
 30-34 	9610724.000000	4880050.000000	4730674.000000
 35-39 	7694665.000000	3947698.750000	3746966.250000
 40-44 	5311584.000000	2769247.000000	2542337.000000
 45-49 	4201884.000000	2197125.250000	2004759.000000
 50-54 	4084632.250000	2096485.750000	1988146.500000
 55-59 	3519127.000000	1792285.750000	1726841.250000
 60-64 	2739725.500000	1408234.375000	1331491.250000
 65-69 	2038572.625000	1044874.687500	993697.937500
 70-74 	1398166.875000	710505.562500	687661.312500
 75-79 	820584.437500	420776.031250	399808.406250
 80+ 	486416.812500	253899.343750	232517.468750
Total	125664672.000000	64150708.000000	61513960.000000
1999			
 0-4	16343026.000000	8334988.000000	8008038.000000
 5-9	15791479.000000	8053134.500000	7738344.500000
 10-14 	15271438.000000	7786713.000000	7484724.500000
 15-19 	14121178.000000	7201733.000000	6919445.000000
 20-24 	12481444.000000	6322758.000000	6158686.500000
 25-29 	10689123.000000	5412541.500000	5276581.500000
 30-34 	9885083.000000	5006756.000000	4878327.000000
 35-39 	8070282.000000	4131021.750000	3939260.000000
 40-44 	5751851.000000	2988637.500000	2763213.250000
 45-49 	4220230.000000	2212344.000000	2007886.000000
 50-54 	4096054.000000	2110698.500000	1985355.625000
 55-59 	3616486.000000	1839615.250000	1776870.875000
 60-64 	2830914.500000	1452381.750000	1378532.750000
 65-69 	2104141.250000	1080744.750000	1023396.562500
 70-74 	1448958.000000	736043.125000	712914.875000
 75-79 	867566.875000	443132.375000	424434.468750
 80+ 	530743.437500	276467.406250	254276.031250
Total	128120000.000000	65389712.000000	62730288.000000
2000			
 0-4	16354344.000000	8341518.000000	8012825.500000
 5-9	15840646.000000	8079633.000000	7761012.000000
 10-14 	15392961.000000	7848025.000000	7544935.500000
 15-19 	14353169.000000	7323261.000000	7029907.500000
 20-24 	12782107.000000	6476462.000000	6305645.000000
 25-29 	11012029.000000	5573465.500000	5438563.000000
 30-34 	9982797.000000	5043123.000000	4939674.500000
 35-39 	8423278.000000	4302754.500000	4120523.500000
 40-44 	6208492.000000	3215012.750000	2993479.500000
 45-49 	4304181.500000	2260218.000000	2043963.625000
 50-54 	4087472.500000	2114501.250000	1972971.375000
 55-59 	3698976.250000	1881898.250000	1817078.000000
 60-64 	2922022.250000	1496401.250000	1425620.875000
 65-69 	2167557.750000	1115200.000000	1052357.750000
 70-74 	1499232.250000	762427.625000	736804.562500
 75-79 	913227.875000	464787.312500	448440.562500
 80+ 	578345.812500	300388.437500	277957.375000
Total	130520840.000000	66599076.000000	63921760.000000
2001			
 0-4	16350511.000000	8340322.000000	8010189.000000
 5-9	15897358.000000	8109018.500000	7788339.500000
 10-14 	15495643.000000	7900237.500000	7595405.000000
 15-19 	14554852.000000	7428632.000000	7126219.500000
 20-24 	13061244.000000	6620017.000000	6441227.000000
 25-29 	11305839.000000	5707175.000000	5598664.500000
 30-34 	10105827.000000	5101663.000000	5004164.500000
 35-39 	8755956.000000	4463111.500000	4292845.000000
 40-44 	6661127.000000	3438587.750000	3222539.250000
 45-49 	4468187.500000	2347097.500000	2121090.250000
 50-54 	4064485.250000	2110569.500000	1953915.750000
 55-59 	3763010.250000	1917137.875000	1845872.250000
 60-64 	3011476.500000	1539503.375000	1471973.125000
 65-69 	2230123.500000	1148859.875000	1081263.500000
 70-74 	1548513.750000	789404.750000	759109.000000
 75-79 	957323.125000	485667.750000	471655.375000
 80+ 	628890.750000	325491.031250	303399.750000
Total	132860368.000000	67772496.000000	65087872.000000
2002			
 0-4	16326599.000000	8328880.000000	7997718.500000
 5-9	15955577.000000	8138798.500000	7816778.000000
 10-14 	15575900.000000	7941659.000000	7634241.000000
 15-19 	14729544.000000	7518981.000000	7210562.500000
 20-24 	13321819.000000	6753447.500000	6568371.000000
 25-29 	11620159.000000	5849115.500000	5771043.500000
 30-34 	10203983.000000	5148675.500000	5055307.500000
 35-39 	9070830.000000	4612577.000000	4458252.500000
 40-44 	7086337.500000	3647695.750000	3438642.000000
 45-49 	4730404.000000	2481773.750000	2248630.250000
 50-54 	4026437.750000	2098306.750000	1928130.875000
 55-59 	3809250.500000	1945505.875000	1863744.500000
 60-64 	3097918.500000	1580970.000000	1516948.500000
 65-69 	2292941.750000	1182106.000000	1110835.750000
 70-74 	1596837.250000	816972.437500	779864.750000
 75-79 	999513.437500	505625.312500	493888.125000
 80+ 	682212.812500	351697.687500	330515.125000
Total	135126256.000000	68902784.000000	66223476.000000
2003			
 0-4	16273657.000000	8302597.000000	7971060.000000
 5-9	16009241.000000	8166179.000000	7843062.000000
 10-14 	15637330.000000	7974039.000000	7663291.000000
 15-19 	14877269.000000	7593579.000000	7283690.000000
 20-24 	13560015.000000	6872742.000000	6687273.000000
 25-29 	11932316.000000	5990423.500000	5941892.000000
 30-34 	10294084.000000	5189490.000000	5104593.500000
 35-39 	9369390.000000	4751040.500000	4618350.000000
 40-44 	7472708.000000	3836345.500000	3636362.500000
 45-49 	5079021.000000	2657691.750000	2421329.250000
 50-54 	3991159.500000	2086716.875000	1904442.625000
 55-59 	3834742.500000	1964611.875000	1870130.750000
 60-64 	3178702.500000	1619874.000000	1558828.500000
 65-69 	2356141.000000	1214760.125000	1141380.750000
 70-74 	1643646.000000	844352.750000	799293.250000
 75-79 	1040117.125000	525080.187500	515036.968750
 80+ 	737921.000000	378809.093750	359111.875000
Total	137287456.000000	69968336.000000	67319128.000000
2004			
 0-4	16182848.000000	8256936.000000	7925912.500000
 5-9	16055380.000000	8189679.000000	7865701.000000
 10-14 	15688836.000000	8001334.000000	7687502.000000
 15-19 	14995769.000000	7651250.000000	7344518.500000
 20-24 	13768368.000000	6972240.000000	6796127.500000
 25-29 	12227202.000000	6123272.000000	6103930.000000
 30-34 	10418968.000000	5244088.500000	5174879.500000
 35-39 	9614034.000000	4858445.500000	4755589.000000
 40-44 	7823413.000000	4005836.500000	3817576.500000
 45-49 	5478244.000000	2856347.000000	2621897.250000
 50-54 	3989801.000000	2091470.125000	1898330.875000
 55-59 	3836155.750000	1971668.375000	1864487.500000
 60-64 	3249354.500000	1654588.000000	1594766.500000
 65-69 	2418999.500000	1246386.750000	1172612.750000
 70-74 	1688245.375000	870460.625000	817784.750000
 75-79 	1079772.625000	544697.500000	535075.125000
 80+ 	795418.875000	406535.687500	388883.187500
Total	139310816.000000	70945232.000000	68365576.000000
2005			
 0-4	16052401.000000	8190974.500000	7861426.500000
 5-9	16089916.000000	8207269.000000	7882646.500000
 10-14 	15740692.000000	8028477.000000	7712214.500000
 15-19 	15075787.000000	7684814.000000	7390973.000000
 20-24 	13928412.000000	7036919.000000	6891493.000000
 25-29 	12487087.000000	6234048.500000	6253038.500000
 30-34 	10697226.000000	5368269.500000	5328956.000000
 35-39 	9672099.000000	4866554.000000	4805544.500000
 40-44 	8144438.000000	4157729.000000	3986709.000000
 45-49 	5886634.500000	3055722.000000	2830912.500000
 50-54 	4047317.500000	2124064.750000	1923253.000000
 55-59 	3812682.000000	1964973.000000	1847708.750000
 60-64 	3301576.500000	1680697.500000	1620879.000000
 65-69 	2477920.000000	1274797.000000	1203122.875000
 70-74 	1730254.375000	894504.000000	835750.375000
 75-79 	1118835.625000	564854.187500	553981.437500
 80+ 	854250.875000	434686.500000	419564.343750
Total	141117520.000000	71769352.000000	69348176.000000
2006			
 0-4	15889413.000000	8108335.000000	7781078.000000
 5-9	16107960.000000	8216508.500000	7891452.000000
 10-14 	15798929.000000	8058158.000000	7740771.500000
 15-19 	15134307.000000	7707607.500000	7426700.000000
 20-24 	14051960.000000	7079622.000000	6972338.000000
 25-29 	12716840.000000	6327258.500000	6389581.000000
 30-34 	10942010.000000	5461479.000000	5480531.500000
 35-39 	9749924.000000	4892036.000000	4857888.000000
 40-44 	8443339.000000	4296115.000000	4147224.000000
 45-49 	6292081.500000	3251655.500000	3040426.000000
 50-54 	4180749.500000	2192577.500000	1988171.750000
 55-59 	3774045.000000	1950166.500000	1823878.625000
 60-64 	3336476.000000	1699209.000000	1637267.000000
 65-69 	2535161.000000	1301442.875000	1233718.250000
 70-74 	1771107.000000	917158.812500	853948.125000
 75-79 	1157065.875000	585386.375000	571679.562500
 80+ 	914235.625000	463208.625000	451026.968750
Total	142795600.000000	72507928.000000	70287680.000000
2007			
 0-4	15711150.000000	8017848.000000	7693301.500000
 5-9	16104746.000000	8214995.500000	7889750.000000
 10-14 	15858905.000000	8088564.500000	7770340.500000
 15-19 	15177728.000000	7724489.000000	7453238.500000
 20-24 	14151158.000000	7110027.500000	7041130.000000
 25-29 	12924619.000000	6407524.000000	6517095.000000
 30-34 	11209614.000000	5563753.000000	5645860.000000
 35-39 	9802215.000000	4904803.500000	4897411.500000
 40-44 	8725580.000000	4423387.500000	4302193.000000
 45-49 	6675587.500000	3435450.000000	3240137.500000
 50-54 	4409405.500000	2306509.500000	2102896.000000
 55-59 	3722268.750000	1928191.875000	1794076.875000
 60-64 	3356939.750000	1711817.250000	1645122.500000
 65-69 	2591489.750000	1326870.625000	1264619.000000
 70-74 	1811811.000000	938871.375000	872939.687500
 75-79 	1194458.250000	606257.875000	588200.500000
 80+ 	975257.000000	492070.187500	483186.812500
Total	144402928.000000	73201432.000000	71201496.000000
2008			
 0-4	15538073.000000	7929995.000000	7608078.000000
 5-9	16071312.000000	8198170.000000	7873142.000000
 10-14 	15914480.000000	8117047.500000	7797432.000000
 15-19 	15219390.000000	7744022.500000	7475367.000000
 20-24 	14239558.000000	7139772.500000	7099785.500000
 25-29 	13116265.000000	6480567.000000	6635698.000000
 30-34 	11486874.000000	5674093.000000	5812781.000000
 35-39 	9853593.000000	4916418.000000	4937175.000000
 40-44 	8998291.000000	4543490.500000	4454800.500000
 45-49 	7031621.500000	3605273.000000	3426348.500000
 50-54 	4725550.500000	2462078.500000	2263472.000000
 55-59 	3677941.250000	1909782.750000	1768158.500000
 60-64 	3363798.500000	1718753.625000	1645044.875000
 65-69 	2647745.500000	1352267.750000	1295477.750000
 70-74 	1853421.750000	960107.250000	893314.500000
 75-79 	1230503.500000	626825.000000	603678.437500
 80+ 	1037713.250000	521637.468750	516075.750000
Total	146006128.000000	73900304.000000	72105832.000000
2009			
 0-4	15383175.000000	7851434.000000	7531741.000000
 5-9	15998575.000000	8161372.000000	7837203.000000
 10-14 	15961368.000000	8141622.500000	7819745.000000
 15-19 	15270874.000000	7772568.000000	7498305.000000
 20-24 	14326208.000000	7176971.000000	7149236.500000
 25-29 	13293381.000000	6550451.500000	6742930.000000
 30-34 	11764710.000000	5790902.000000	5973808.000000
 35-39 	9953814.000000	4952623.000000	5001191.000000
 40-44 	9228985.000000	4640285.000000	4588700.500000
 45-49 	7367678.500000	3765524.000000	3602154.250000
 50-54 	5098799.000000	2644353.250000	2454445.500000
 55-59 	3673094.000000	1911314.500000	1761779.250000
 60-64 	3356970.250000	1719491.750000	1637478.500000
 65-69 	2702749.250000	1377976.250000	1324773.000000
 70-74 	1897015.875000	981429.625000	915586.187500
 75-79 	1264612.875000	646219.375000	618393.437500
 80+ 	1102090.750000	552378.000000	549712.687500
Total	147644096.000000	74636920.000000	73007184.000000
2010			
 0-4	15253241.000000	7785627.500000	7467613.500000
 5-9	15884719.000000	8103627.000000	7781092.000000
 10-14 	15996284.000000	8160863.000000	7835420.500000
 15-19 	15348942.000000	7820709.000000	7528233.500000
 20-24 	14427470.000000	7235189.000000	7192282.000000
 25-29 	13461570.000000	6625612.000000	6835957.500000
 30-34 	12041461.000000	5916247.000000	6125214.000000
 35-39 	10238105.000000	5083481.500000	5154623.000000
 40-44 	9297689.000000	4655552.000000	4642136.500000
 45-49 	7700147.000000	3925534.250000	3774612.500000
 50-54 	5499840.500000	2839874.000000	2659966.500000
 55-59 	3736864.500000	1947645.250000	1789219.250000
 60-64 	3342382.750000	1717371.875000	1625010.750000
 65-69 	2755277.000000	1404353.000000	1350923.875000
 70-74 	1943839.000000	1003673.187500	940165.750000
 75-79 	1296901.875000	664097.000000	632804.875000
 80+ 	1168385.875000	584442.812500	583943.062500
Total	149393120.000000	75473896.000000	73919216.000000
2011			
 0-4	15148192.000000	7732506.000000	7415686.500000
 5-9	15736868.000000	8028511.500000	7708357.000000
 10-14 	16012942.000000	8170895.500000	7842046.500000
 15-19 	15439738.000000	7875682.000000	7564056.500000
 20-24 	14533424.000000	7303055.000000	7230369.000000
 25-29 	13614144.000000	6700584.000000	6913561.000000
 30-34 	12303107.000000	6038263.000000	6264843.500000
 35-39 	10507065.000000	5197712.500000	5309353.000000
 40-44 	9397298.000000	4696355.500000	4700943.000000
 45-49 	8023538.000000	4080088.500000	3943449.500000
 50-54 	5909640.500000	3039443.000000	2870197.500000
 55-59 	3878739.500000	2021480.000000	1857259.625000
 60-64 	3321695.500000	1712552.000000	1609143.625000
 65-69 	2799915.500000	1428168.375000	1371747.250000
 70-74 	1993943.500000	1026964.000000	966979.625000
 75-79 	1328407.750000	680956.125000	647451.625000
 80+ 	1235929.500000	617497.375000	618432.187500
Total	151184592.000000	76350712.000000	74833880.000000
2012			
 0-4	15059529.000000	7687676.000000	7371853.500000
 5-9	15572357.000000	7944837.000000	7627520.000000
 10-14 	16008254.000000	8169917.500000	7838336.500000
 15-19 	15530122.000000	7929480.500000	7600642.000000
 20-24 	14638085.000000	7374092.500000	7263992.500000
 25-29 	13755597.000000	6776765.500000	6978831.500000
 30-34 	12549346.000000	6154149.000000	6395197.000000
 35-39 	10809777.000000	5329713.000000	5480064.500000
 40-44 	9477340.000000	4729117.500000	4748222.500000
 45-49 	8336745.000000	4227267.500000	4109477.750000
 50-54 	6306518.000000	3232569.000000	3073949.000000
 55-59 	4113903.500000	2139726.000000	1974177.500000
 60-64 	3293179.750000	1703714.750000	1589465.000000
 65-69 	2835875.000000	1448992.500000	1386882.500000
 70-74 	2047096.125000	1051344.375000	995751.812500
 75-79 	1360061.375000	697265.125000	662796.250000
 80+ 	1303836.750000	651136.187500	652700.562500
Total	152997632.000000	77247768.000000	75749864.000000
2013			
 0-4	14979980.000000	7647366.000000	7332614.500000
 5-9	15411510.000000	7862990.000000	7548520.000000
 10-14 	15974957.000000	8153957.000000	7820999.500000
 15-19 	15609996.000000	7975996.000000	7634000.000000
 20-24 	14741460.000000	7445274.000000	7296186.000000
 25-29 	13889670.000000	6854824.000000	7034846.000000
 30-34 	12778386.000000	6261866.000000	6516520.000000
 35-39 	11124929.000000	5471357.000000	5653571.500000
 40-44 	9556580.000000	4760919.000000	4795660.500000
 45-49 	8640122.000000	4366432.000000	4273690.500000
 50-54 	6680087.500000	3414005.000000	3266082.500000
 55-59 	4432375.000000	2297035.250000	2135339.750000
 60-64 	3272473.250000	1698530.750000	1573942.625000
 65-69 	2860507.250000	1465058.125000	1395449.000000
 70-74 	2102643.000000	1077072.750000	1025570.250000
 75-79 	1392956.500000	713611.875000	679344.625000
 80+ 	1371203.000000	684829.625000	686373.312500
Total	154819840.000000	78151128.000000	76668712.000000
2014			
 0-4	14909582.000000	7611578.000000	7298004.000000
 5-9	15267180.000000	7789576.000000	7477604.000000
 10-14 	15904582.000000	8118594.500000	7785988.000000
 15-19 	15676887.000000	8013937.000000	7662950.000000
 20-24 	14847900.000000	7517158.000000	7330742.000000
 25-29 	14019266.000000	6935655.000000	7083611.000000
 30-34 	12989054.000000	6361792.500000	6627262.000000
 35-39 	11438310.000000	5616155.500000	5822154.000000
 40-44 	9681812.000000	4814819.500000	4866992.500000
 45-49 	8898178.000000	4479362.500000	4418816.500000
 50-54 	7033746.500000	3585210.500000	3448536.000000
 55-59 	4804656.500000	2478852.500000	2325804.000000
 60-64 	3287754.000000	1711030.500000	1576723.500000
 65-69 	2872156.000000	1475013.500000	1397142.375000
 70-74 	2158698.500000	1103899.000000	1054799.625000
 75-79 	1428340.375000	730730.187500	697610.187500
 80+ 	1437617.500000	718192.812500	719424.687500
Total	156655728.000000	79061560.000000	77594168.000000
2015			
 0-4	14846351.000000	7579324.000000	7267027.000000
 5-9	15146084.000000	7728025.500000	7418058.000000
 10-14 	15794906.000000	8062508.000000	7732398.000000
 15-19 	15727922.000000	8041252.000000	7686670.000000
 20-24 	14960730.000000	7589622.500000	7371107.000000
 25-29 	14145686.000000	7017823.000000	7127862.500000
 30-34 	13178693.000000	6453451.000000	6725241.500000
 35-39 	11737616.000000	5756589.000000	5981027.000000
 40-44 	9980489.000000	4954164.500000	5026324.000000
 45-49 	8987090.000000	4504470.000000	4482619.500000
 50-54 	7376352.000000	3749872.750000	3626479.500000
 55-59 	5200615.000000	2670565.250000	2530050.000000
 60-64 	3362780.000000	1752254.125000	1610525.875000
 65-69 	2873034.250000	1479513.500000	1393520.625000
 70-74 	2211671.250000	1130343.000000	1081328.375000
 75-79 	1467212.125000	749244.250000	717967.937500
 80+ 	1503193.000000	751140.437500	752052.500000
Total	158500416.000000	79970160.000000	78530256.000000
2016			
 0-4	14787155.000000	7549066.000000	7238089.000000
 5-9	15048232.000000	7678348.000000	7369884.000000
 10-14 	15652159.000000	7989304.500000	7662854.500000
 15-19 	15759858.000000	8057767.000000	7702091.000000
 20-24 	15078142.000000	7661054.500000	7417087.500000
 25-29 	14270394.000000	7101687.500000	7168706.500000
 30-34 	13348136.000000	6539487.000000	6808649.000000
 35-39 	12016651.000000	5888302.000000	6128349.500000
 40-44 	10260740.000000	5074017.500000	5186723.000000
 45-49 	9101725.000000	4551498.000000	4550226.500000
 50-54 	7706835.500000	3906678.000000	3800157.500000
 55-59 	5604238.000000	2865546.750000	2738691.000000
 60-64 	3508915.000000	1827126.875000	1681788.125000
 65-69 	2867149.000000	1480934.250000	1386214.625000
 70-74 	2258599.000000	1154877.125000	1103722.000000
 75-79 	1510081.750000	769491.125000	740590.687500
 80+ 	1568556.500000	783960.312500	784596.125000
Total	160347568.000000	80879144.000000	79468424.000000
2017			
 0-4	14727942.000000	7518809.500000	7209133.000000
 5-9	14965551.000000	7636387.000000	7329164.000000
 10-14 	15492473.000000	7907425.500000	7585047.000000
 15-19 	15768370.000000	8061807.500000	7706562.500000
 20-24 	15189104.000000	7725886.500000	7463217.000000
 25-29 	14389077.000000	7183360.500000	7205717.000000
 30-34 	13502504.000000	6622991.500000	6879512.500000
 35-39 	12276378.000000	6010348.500000	6266029.500000
 40-44 	10571812.000000	5209326.000000	5362487.000000
 45-49 	9193354.000000	4588522.000000	4604832.500000
 50-54 	8024983.000000	4054648.500000	3970334.500000
 55-59 	5994932.000000	3054109.500000	2940822.500000
 60-64 	3740463.250000	1942335.625000	1798127.500000
 65-69 	2853422.750000	1478484.250000	1374938.500000
 70-74 	2298888.750000	1177178.875000	1121710.000000
 75-79 	1556961.500000	791492.000000	765469.500000
 80+ 	1634387.125000	816935.625000	817451.500000
Total	162180608.000000	81780048.000000	80400552.000000
2018			
 0-4	14663147.000000	7485740.500000	7177406.500000
 5-9	14891186.000000	7598591.000000	7292594.000000
 10-14 	15335486.000000	7827079.500000	7508407.000000
 15-19 	15745037.000000	8049443.000000	7695594.000000
 20-24 	15284935.000000	7780032.000000	7504903.000000
 25-29 	14503139.000000	7262087.500000	7241051.500000
 30-34 	13646057.000000	6706096.500000	6939960.500000
 35-39 	12515892.000000	6122321.500000	6393570.500000
 40-44 	10893094.000000	5352963.500000	5540131.000000
 45-49 	9281509.000000	4623509.500000	4657999.500000
 50-54 	8331818.000000	4193948.750000	4137869.000000
 55-59 	6362667.500000	3231338.500000	3131329.000000
 60-64 	4048273.250000	2093137.375000	1955135.875000
 65-69 	2845923.000000	1479044.875000	1366878.000000
 70-74 	2329904.750000	1195554.000000	1134350.625000
 75-79 	1607024.375000	815114.875000	791909.562500
 80+ 	1701386.625000	850226.812500	851159.812500
Total	163986480.000000	82666232.000000	81320248.000000
2019			
 0-4	14587887.000000	7447361.000000	7140526.000000
 5-9	14825399.000000	7565061.000000	7260338.000000
 10-14 	15194114.000000	7754911.500000	7439202.000000
 15-19 	15681582.000000	8016561.000000	7665021.500000
 20-24 	15362870.000000	7822656.000000	7540214.000000
 25-29 	14616678.000000	7338533.000000	7278145.500000
 30-34 	13781728.000000	6789881.500000	6991847.000000
 35-39 	12733604.000000	6224702.000000	6508902.500000
 40-44 	11210240.000000	5498562.500000	5711677.000000
 45-49 	9412412.000000	4679217.500000	4733194.500000
 50-54 	8592159.000000	4306750.000000	4285409.000000
 55-59 	6710444.000000	3398441.000000	3312002.750000
 60-64 	4404761.500000	2265955.500000	2138806.000000
 65-69 	2869491.750000	1494802.375000	1374689.375000
 70-74 	2349404.000000	1208415.750000	1140988.125000
 75-79 	1658137.500000	839699.062500	818438.437500
 80+ 	1770327.000000	884023.562500	886303.437500
Total	165761232.000000	83535536.000000	82225704.000000
2020			
 0-4	14499273.000000	7402218.000000	7097055.000000
 5-9	14766358.000000	7534889.500000	7231468.500000
 10-14 	15074989.000000	7694329.000000	7380660.000000
 15-19 	15575226.000000	7961870.500000	7613356.000000
 20-24 	15419788.000000	7852668.000000	7567120.000000
 25-29 	14733862.000000	7413943.000000	7319919.000000
 30-34 	13911239.000000	6873752.000000	7037487.000000
 35-39 	12926843.000000	6317880.000000	6608962.500000
 40-44 	11510856.000000	5639227.500000	5871629.000000
 45-49 	9711119.000000	4817951.000000	4893167.500000
 50-54 	8684209.000000	4333385.500000	4350823.500000
 55-59 	7046429.000000	3558972.750000	3487456.000000
 60-64 	4781757.500000	2447457.750000	2334299.750000
 65-69 	2945193.500000	1535712.375000	1409481.250000
 70-74 	2358737.750000	1216273.625000	1142464.125000
 75-79 	1706994.000000	863839.250000	843154.687500
 80+ 	1842016.500000	918641.562500	923375.000000
Total	167494896.000000	84383016.000000	83111880.000000
2021			
 0-4	14396656.000000	7350035.000000	7046621.000000
 5-9	14711058.000000	7506592.000000	7204466.500000
 10-14 	14978714.000000	7645499.500000	7333215.000000
 15-19 	15434279.000000	7889583.500000	7544695.500000
 20-24 	15454142.000000	7870263.000000	7583879.000000
 25-29 	14852991.000000	7486388.500000	7366602.000000
 30-34 	14037031.000000	6958098.500000	7078932.000000
 35-39 	13097437.000000	6404311.000000	6693125.500000
 40-44 	11789652.000000	5770548.500000	6019103.500000
 45-49 	9990391.000000	4937123.000000	5053268.500000
 50-54 	8800200.000000	4381126.000000	4419074.000000
 55-59 	7370141.500000	3711693.500000	3658448.000000
 60-64 	5165171.000000	2631583.750000	2533587.500000
 65-69 	3083998.500000	1606217.250000	1477781.125000
 70-74 	2361492.750000	1221061.000000	1140431.875000
 75-79 	1751016.000000	886243.375000	864772.687500
 80+ 	1917124.875000	954464.375000	962660.500000
Total	169191488.000000	85210832.000000	83980664.000000
2022			
 0-4	14281912.000000	7291850.000000	6990061.500000
 5-9	14655495.000000	7478187.500000	7177308.000000
 10-14 	14897416.000000	7604317.000000	7293099.000000
 15-19 	15275910.000000	7808498.000000	7467412.000000
 20-24 	15463596.000000	7874802.500000	7588793.000000
 25-29 	14964498.000000	7551414.000000	7413084.000000
 30-34 	14156032.000000	7039779.500000	7116252.500000
 35-39 	13251898.000000	6487734.500000	6764163.000000
 40-44 	12048556.000000	5892008.000000	6156548.000000
 45-49 	10299463.000000	5071288.000000	5228175.000000
 50-54 	8893124.000000	4419042.000000	4474082.000000
 55-59 	7681804.000000	3855887.500000	3825916.250000
 60-64 	5536601.500000	2809780.500000	2726821.250000
 65-69 	3299521.500000	1712682.625000	1586838.750000
 70-74 	2357224.250000	1222398.375000	1134825.875000
 75-79 	1789784.500000	906796.125000	882988.437500
 80+ 	1995854.000000	991673.437500	1004180.562500
Total	170848688.000000	86018136.000000	84830552.000000
2023			
 0-4	14157628.000000	7229123.000000	6928504.500000
 5-9	14594036.000000	7446880.000000	7147156.500000
 10-14 	14824350.000000	7567260.000000	7257089.500000
 15-19 	15120342.000000	7728991.000000	7391350.500000
 20-24 	15441067.000000	7862972.500000	7578094.000000
 25-29 	15060716.000000	7605653.000000	7455063.000000
 30-34 	14270409.000000	7118486.500000	7151922.500000
 35-39 	13395423.000000	6570686.000000	6824736.500000
 40-44 	12287342.000000	6003462.000000	6283880.500000
 45-49 	10618568.000000	5213639.000000	5404929.000000
 50-54 	8982788.000000	4455122.000000	4527666.000000
 55-59 	7982656.500000	3991859.500000	3990797.000000
 60-64 	5887090.500000	2977721.500000	2909368.750000
 65-69 	3584084.500000	1851201.500000	1732883.000000
 70-74 	2358341.000000	1226393.500000	1131947.625000
 75-79 	1821256.875000	924309.375000	896947.500000
 80+ 	2077721.500000	1030266.750000	1047454.687500
Total	172463824.000000	86804032.000000	85659792.000000
2024			
 0-4	14024800.000000	7162431.000000	6862369.000000
 5-9	14521668.000000	7410197.500000	7111471.000000
 10-14 	14759790.000000	7534436.000000	7225354.000000
 15-19 	14980476.000000	7657688.000000	7322788.500000
 20-24 	15378483.000000	7830740.000000	7547743.000000
 25-29 	15138979.000000	7648355.000000	7490623.500000
 30-34 	14384286.000000	7194899.000000	7189387.500000
 35-39 	13531043.000000	6654274.500000	6876767.500000
 40-44 	12504470.000000	6105390.000000	6399080.000000
 45-49 	10933607.000000	5357917.000000	5575691.000000
 50-54 	9114318.000000	4511351.000000	4602967.000000
 55-59 	8238459.000000	4102415.500000	4136043.500000
 60-64 	6219352.000000	3136491.750000	3082860.500000
 65-69 	3912952.000000	2009728.750000	1903223.500000
 70-74 	2386194.500000	1243503.875000	1142690.750000
 75-79 	1843487.500000	937517.750000	905969.750000
 80+ 	2161402.000000	1069858.875000	1091543.000000
Total	174033776.000000	87567192.000000	86466576.000000
2025			
 0-4	13884102.000000	7092020.000000	6792081.500000
 5-9	14435392.000000	7366700.000000	7068691.000000
 10-14 	14701906.000000	7504936.000000	7196969.500000
 15-19 	14863082.000000	7598021.000000	7265061.000000
 20-24 	15274226.000000	7777270.500000	7496955.000000
 25-29 	15197088.000000	7679143.000000	7517944.500000
 30-34 	14502319.000000	7270674.000000	7231645.500000
 35-39 	13661315.000000	6738339.000000	6922976.500000
 40-44 	12697854.000000	6198456.000000	6499397.500000
 45-49 	11232837.000000	5497515.500000	5735321.500000
 50-54 	9410006.000000	4648036.500000	4761970.000000
 55-59 	8331075.000000	4130130.750000	4200944.000000
 60-64 	6541287.000000	3289502.000000	3251785.250000
 65-69 	4261076.500000	2176473.500000	2084603.000000
 70-74 	2459129.750000	1282330.250000	1176799.625000
 75-79 	1857464.250000	946800.062500	910664.250000
 80+ 	2244858.500000	1109616.000000	1135242.500000
Total	175555024.000000	88305968.000000	87249056.000000
2026			
 0-4	13736228.000000	7018004.000000	6718224.000000
 5-9	14334508.000000	7316117.000000	7018391.500000
 10-14 	14647700.000000	7477284.000000	7170415.500000
 15-19 	14768490.000000	7550076.000000	7218413.500000
 20-24 	15135532.000000	7706304.000000	7429229.000000
 25-29 	15232770.000000	7697607.000000	7535162.500000
 30-34 	14622345.000000	7343531.000000	7278814.500000
 35-39 	13787926.000000	6822894.000000	6965031.500000
 40-44 	12868810.000000	6284865.000000	6583946.000000
 45-49 	11510595.000000	5627944.000000	5882651.000000
 50-54 	9687143.000000	4765948.500000	4921194.000000
 55-59 	8447292.000000	4178419.750000	4268872.000000
 60-64 	6852141.500000	3435475.500000	3416666.000000
 65-69 	4615464.500000	2345868.250000	2269596.500000
 70-74 	2586084.000000	1346481.375000	1239602.500000
 75-79 	1865946.000000	953633.062500	912312.937500
 80+ 	2326727.000000	1148884.000000	1177842.875000
Total	177025696.000000	89019336.000000	88006368.000000
2027			
 0-4	13582146.000000	6940539.500000	6641606.500000
 5-9	14220966.000000	7259476.500000	6961489.000000
 10-14 	14593184.000000	7449502.500000	7143681.000000
 15-19 	14688873.000000	7509771.000000	7179102.000000
 20-24 	14979508.000000	7626614.000000	7352894.000000
 25-29 	15243687.000000	7703115.000000	7540572.000000
 30-34 	14734854.000000	7409053.500000	7325801.000000
 35-39 	13907837.000000	6904842.500000	7002994.000000
 40-44 	13023812.000000	6368347.500000	6655464.000000
 45-49 	11768799.000000	5748713.500000	6020085.000000
 50-54 	9993497.000000	4898474.500000	5095022.500000
 55-59 	8541429.000000	4217319.500000	4324110.000000
 60-64 	7152008.500000	3573670.000000	3578338.500000
 65-69 	4959508.000000	2510152.000000	2449355.750000
 70-74 	2778338.000000	1441163.000000	1337174.875000
 75-79 	1868586.250000	957693.500000	910892.750000
 80+ 	2407134.000000	1187780.125000	1219354.000000
Total	178444160.000000	89706224.000000	88737936.000000
2028			
 0-4	13422918.000000	6859832.500000	6563085.000000
 5-9	14097528.000000	7198121.500000	6899406.000000
 10-14 	14532763.000000	7418797.000000	7113966.000000
 15-19 	14617620.000000	7473646.500000	7143973.500000
 20-24 	14826404.000000	7548618.500000	7277785.000000
 25-29 	15222836.000000	7692425.000000	7530411.500000
 30-34 	14832308.000000	7463960.000000	7368347.000000
 35-39 	14023278.000000	6983929.500000	7039348.500000
 40-44 	13168074.000000	6451465.000000	6716609.500000
 45-49 	12007272.000000	5859723.500000	6147548.500000
 50-54 	10309721.000000	5039020.500000	5270700.500000
 55-59 	8632904.000000	4254547.000000	4378357.000000
 60-64 	7441921.000000	3704273.000000	3737648.000000
 65-69 	5285078.500000	2665321.250000	2619757.250000
 70-74 	3029141.750000	1562909.625000	1466232.125000
 75-79 	1875323.000000	963799.937500	911523.062500
 80+ 	2484394.500000	1225442.875000	1258951.750000
Total	179809488.000000	90365832.000000	89443648.000000
2029			
 0-4	13260008.000000	6776497.500000	6483510.500000
 5-9	13965376.000000	7132461.000000	6832915.000000
 10-14 	14461446.000000	7382691.000000	7078755.000000
 15-19 	14555116.000000	7441851.000000	7113265.500000
 20-24 	14689226.000000	7479010.500000	7210215.000000
 25-29 	15162264.000000	7661607.000000	7500657.000000
 30-34 	14912162.000000	7507580.500000	7404581.500000
 35-39 	14138465.000000	7060898.000000	7077567.000000
 40-44 	13304678.000000	6535359.500000	6769318.000000
 45-49 	12224551.000000	5961489.000000	6263062.500000
 50-54 	10622038.000000	5181515.500000	5440522.500000
 55-59 	8765272.000000	4311185.000000	4454086.500000
 60-64 	7689068.000000	3810870.000000	3878197.750000
 65-69 	5594615.000000	2812298.750000	2782316.250000
 70-74 	3317383.000000	1701436.375000	1615946.625000
 75-79 	1903303.250000	980256.750000	923046.375000
 80+ 	2556208.500000	1260690.250000	1295518.375000
Total	181121184.000000	90997696.000000	90123480.000000
2030			
 0-4	13095473.000000	6691682.500000	6403790.500000
 5-9	13825306.000000	7062596.000000	6762711.000000
 10-14 	14376284.000000	7339757.000000	7036526.500000
 15-19 	14499773.000000	7413579.500000	7086193.000000
 20-24 	14575068.000000	7421418.000000	7153649.000000
 25-29 	15060586.000000	7610022.500000	7450563.500000
 30-34 	14972464.000000	7539692.500000	7432771.000000
 35-39 	14258268.000000	7137521.500000	7120746.500000
 40-44 	13436329.000000	6619941.500000	6816387.000000
 45-49 	12418737.000000	6054735.500000	6364001.500000
 50-54 	10919091.000000	5319588.000000	5599502.500000
 55-59 	9055854.000000	4444794.000000	4611060.500000
 60-64 	7780707.000000	3838951.000000	3941756.000000
 65-69 	5895381.000000	2954208.250000	2941173.000000
 70-74 	3621936.000000	1846782.500000	1775153.500000
 75-79 	1967406.375000	1013955.625000	953450.750000
 80+ 	2622057.500000	1293302.750000	1328754.625000
Total	182380720.000000	91602528.000000	90778192.000000
2031			
 0-4	12931682.000000	6606887.000000	6324795.000000
 5-9	13677992.000000	6988522.500000	6689469.500000
 10-14 	14276457.000000	7289682.000000	6986775.000000
 15-19 	14448083.000000	7387118.000000	7060964.500000
 20-24 	14483839.000000	7375589.000000	7108250.000000
 25-29 	14924727.000000	7541166.000000	7383561.000000
 30-34 	15010545.000000	7559661.500000	7450883.000000
 35-39 	14380258.000000	7211390.000000	7168868.000000
 40-44 	13564449.000000	6705115.000000	6859333.500000
 45-49 	12590843.000000	6141528.500000	6449314.500000
 50-54 	11195228.000000	5448819.500000	5746408.500000
 55-59 	9329027.000000	4560592.500000	4768434.500000
 60-64 	7896240.000000	3887310.000000	4008929.500000
 65-69 	6186560.000000	3089904.500000	3096655.250000
 70-74 	3932069.000000	1994346.375000	1937722.500000
 75-79 	2075056.250000	1067852.000000	1007204.375000
 80+ 	2683273.000000	1324030.125000	1359242.750000
Total	183586320.000000	92179512.000000	91406808.000000
2032			
 0-4	12771100.000000	6523794.000000	6247306.000000
 5-9	13524257.000000	6910401.500000	6613855.500000
 10-14 	14163876.000000	7233492.000000	6930383.500000
 15-19 	14395762.000000	7360364.000000	7035397.500000
 20-24 	14407484.000000	7337250.000000	7070234.000000
 25-29 	14771577.000000	7463632.000000	7307945.000000
 30-34 	15023824.000000	7566708.000000	7457115.500000
 35-39 	14494797.000000	7278012.500000	7216785.000000
 40-44 	13685893.000000	6787734.000000	6898159.000000
 45-49 	12747115.000000	6225484.500000	6521630.500000
 50-54 	11452288.000000	5568714.500000	5883574.000000
 55-59 	9630484.000000	4690508.500000	4939974.500000
 60-64 	7991774.000000	3927274.500000	4064499.250000
 65-69 	6468120.500000	3218754.750000	3249365.750000
 70-74 	4234063.500000	2137774.500000	2096288.750000
 75-79 	2235608.500000	1146185.375000	1089423.125000
 80+ 	2739801.000000	1352777.500000	1387023.375000
Total	184737824.000000	92728864.000000	92008960.000000
2033			
 0-4	12615733.000000	6443721.500000	6172011.000000
 5-9	13365248.000000	6828758.000000	6536490.000000
 10-14 	14041300.000000	7172549.500000	6868751.000000
 15-19 	14337044.000000	7330463.000000	7006580.500000
 20-24 	14339088.000000	7302764.500000	7036324.000000
 25-29 	14621104.000000	7387598.000000	7233506.000000
 30-34 	15005102.000000	7557449.000000	7447653.000000
 35-39 	14594148.000000	7333987.000000	7260161.000000
 40-44 	13802714.000000	6867450.500000	6935263.000000
 45-49 	12892534.000000	6309035.000000	6583499.000000
 50-54 	11689945.000000	5679103.000000	6010842.000000
 55-59 	9941430.000000	4828213.000000	5113217.000000
 60-64 	8085793.500000	3966125.500000	4119668.000000
 65-69 	6740897.000000	3340973.000000	3399924.000000
 70-74 	4521051.000000	2273769.250000	2247281.750000
 75-79 	2443905.250000	1246309.875000	1197595.375000
 80+ 	2798268.000000	1382682.250000	1415585.625000
Total	185835312.000000	93250952.000000	92584352.000000
2034			
 0-4	12466575.000000	6367194.000000	6099381.000000
 5-9	13202763.000000	6744681.000000	6458082.000000
 10-14 	13909943.000000	7107285.500000	6802658.000000
 15-19 	14266995.000000	7294980.000000	6972015.000000
 20-24 	14278842.000000	7272220.000000	7006622.000000
 25-29 	14486133.000000	7319598.000000	7166535.000000
 30-34 	14946397.000000	7527900.000000	7418497.000000
 35-39 	14675610.000000	7378548.000000	7297062.500000
 40-44 	13919003.000000	6944931.000000	6974072.000000
 45-49 	13030048.000000	6393245.000000	6636803.000000
 50-54 	11906589.000000	5780412.000000	6126177.000000
 55-59 	10248501.000000	4967854.500000	5280646.500000
 60-64 	8218733.000000	4023274.500000	4195458.500000
 65-69 	6974501.500000	3441511.750000	3532989.500000
 70-74 	4794985.500000	2403126.000000	2391859.500000
 75-79 	2683140.500000	1360130.000000	1323010.500000
 80+ 	2870136.000000	1419149.250000	1450986.625000
Total	186878896.000000	93746040.000000	93132856.000000
2035			
 0-4	12324050.000000	6294337.000000	6029713.500000
 5-9	13039128.000000	6659689.500000	6379438.500000
 10-14 	13770589.000000	7037803.500000	6732785.500000
 15-19 	14182568.000000	7252453.000000	6930115.500000
 20-24 	14224723.000000	7244615.000000	6980108.000000
 25-29 	14373378.000000	7262960.000000	7110417.500000
 30-34 	14846106.000000	7477245.500000	7368861.000000
 35-39 	14736901.000000	7411284.000000	7325617.000000
 40-44 	14039358.000000	7021809.000000	7017549.000000
 45-49 	13162103.000000	6477909.000000	6684193.500000
 50-54 	12100068.000000	5873233.500000	6226834.000000
 55-59 	10540593.000000	5103241.000000	5437351.500000
 60-64 	8499075.000000	4151600.750000	4347474.500000
 65-69 	7064502.500000	3470254.750000	3594247.500000
 70-74 	5062047.500000	2528565.000000	2533482.500000
 75-79 	2936380.250000	1479773.875000	1456606.250000
 80+ 	2965886.500000	1466943.125000	1498943.500000
Total	187867456.000000	94213720.000000	93653736.000000
2036			
 0-4	12188140.000000	6225014.000000	5963126.000000
 5-9	12876795.000000	6575404.000000	6301391.500000
 10-14 	13623988.000000	6964133.000000	6659854.500000
 15-19 	14083332.000000	7202738.500000	6880593.000000
 20-24 	14173763.000000	7218571.000000	6955192.000000
 25-29 	14283112.000000	7217734.000000	7065379.000000
 30-34 	14711487.000000	7409187.500000	7302300.000000
 35-39 	14775718.000000	7431745.000000	7343973.000000
 40-44 	14161638.000000	7095817.500000	7065821.000000
 45-49 	13290386.000000	6563034.000000	6727352.000000
 50-54 	12271580.000000	5959673.000000	6311907.000000
 55-59 	10812384.000000	5230153.500000	5582230.500000
 60-64 	8763838.000000	4263813.000000	4500025.000000
 65-69 	7177473.000000	3518220.750000	3659251.750000
 70-74 	5321681.000000	2649204.000000	2672477.000000
 75-79 	3195014.750000	1601622.375000	1593392.375000
 80+ 	3091101.500000	1528310.500000	1562790.875000
Total	188801424.000000	94654376.000000	94147056.000000
2037			
 0-4	12058380.000000	6158888.500000	5899492.000000
 5-9	12718003.000000	6493245.500000	6224758.000000
 10-14 	13470974.000000	6886435.000000	6584539.000000
 15-19 	13971319.000000	7146910.000000	6824409.000000
 20-24 	14121964.000000	7192140.000000	6929823.500000
 25-29 	14207499.000000	7179829.000000	7027670.500000
 30-34 	14559525.000000	7332398.500000	7227126.500000
 35-39 	14789684.000000	7439262.000000	7350422.000000
 40-44 	14276412.000000	7162579.000000	7113834.000000
 45-49 	13411966.000000	6645597.500000	6766368.500000
 50-54 	12427443.000000	6043353.000000	6384090.500000
 55-59 	11065734.000000	5348122.500000	5717611.000000
 60-64 	9055359.000000	4389430.000000	4665929.000000
 65-69 	7272533.500000	3558760.750000	3713772.500000
 70-74 	5573799.500000	2764454.250000	2809345.000000
 75-79 	3447942.000000	1720621.000000	1727321.000000
 80+ 	3251685.500000	1605813.875000	1645871.750000
Total	189680224.000000	95067840.000000	94612384.000000
2038			
 0-4	11933853.000000	6095440.000000	5838413.000000
 5-9	12564481.000000	6414214.000000	6150267.500000
 10-14 	13312694.000000	6805228.000000	6507466.500000
 15-19 	13849345.000000	7086345.500000	6763000.000000
 20-24 	14063760.000000	7162571.000000	6901189.500000
 25-29 	14139790.000000	7145743.500000	6994046.000000
 30-34 	14410218.000000	7257091.000000	7153126.500000
 35-39 	14771775.000000	7430551.000000	7341224.000000
 40-44 	14376104.000000	7218781.000000	7157323.500000
 45-49 	13528994.000000	6725311.000000	6803682.500000
 50-54 	12572660.000000	6126697.500000	6445963.000000
 55-59 	11300338.000000	5456987.000000	5843351.500000
 60-64 	9355947.000000	4522509.500000	4833437.000000
 65-69 	7366996.000000	3598597.000000	3768399.250000
 70-74 	5818948.500000	2874371.500000	2944577.000000
 75-79 	3689556.000000	1834116.750000	1855439.125000
 80+ 	3447167.000000	1699109.875000	1748057.000000
Total	190502624.000000	95453664.000000	95048960.000000
2039			
 0-4	11813772.000000	6034257.500000	5779514.500000
 5-9	12417128.000000	6338730.500000	6078397.000000
 10-14 	13150936.000000	6721588.500000	6429347.000000
 15-19 	13718617.000000	7021473.500000	6697143.500000
 20-24 	13994243.000000	7127438.000000	6866805.000000
 25-29 	14080179.000000	7115572.500000	6964607.000000
 30-34 	14276338.000000	7189769.000000	7086569.000000
 35-39 	14714057.000000	7401656.000000	7312401.000000
 40-44 	14458039.000000	7263668.500000	7194370.000000
 45-49 	13645531.000000	6802841.000000	6842690.000000
 50-54 	12710101.000000	6210724.500000	6499377.000000
 55-59 	11514587.000000	5557146.500000	5957441.000000
 60-64 	9652934.000000	4657492.000000	4995442.500000
 65-69 	7497892.000000	3655377.000000	3842515.000000
 70-74 	6029681.000000	2965399.500000	3064281.000000
 75-79 	3921409.500000	1942728.500000	1978680.875000
 80+ 	3672053.250000	1805570.750000	1866482.500000
Total	191267504.000000	95811432.000000	95456064.000000
2040			
 0-4	11697558.000000	5975049.000000	5722509.500000
 5-9	12276305.000000	6266852.000000	6009452.000000
 10-14 	12988016.000000	6637027.500000	6350988.000000
 15-19 	13579946.000000	6952405.500000	6627541.000000
 20-24 	13910534.000000	7085355.000000	6825179.000000
 25-29 	14026785.000000	7088423.000000	6938361.000000
 30-34 	14164655.000000	7133809.500000	7030845.500000
 35-39 	14615059.000000	7351832.000000	7263227.000000
 40-44 	14520030.000000	7296880.500000	7223150.000000
 45-49 	13766188.000000	6879818.000000	6886370.500000
 50-54 	12842226.000000	6295235.000000	6546991.000000
 55-59 	11706357.000000	5649174.000000	6057183.500000
 60-64 	9935868.000000	4788538.000000	5147330.000000
 65-69 	7763332.000000	3776670.250000	3986661.750000
 70-74 	6112452.000000	2992841.250000	3119610.500000
 75-79 	4148525.500000	2048637.250000	2099888.500000
 80+ 	3920759.500000	1922610.375000	1998149.125000
Total	191974592.000000	96141160.000000	95833440.000000
2041			
 0-4	11584885.000000	5917654.000000	5667230.500000
 5-9	12141968.000000	6198417.000000	5943552.000000
 10-14 	12826373.000000	6553156.500000	6273216.000000
 15-19 	13434027.000000	6879148.500000	6554878.000000
 20-24 	13812041.000000	7036099.000000	6775941.500000
 25-29 	13976530.000000	7062824.500000	6913705.000000
 30-34 	14075360.000000	7089201.500000	6986158.500000
 35-39 	14481889.000000	7284701.000000	7197188.000000
 40-44 	14559708.000000	7317924.500000	7241784.000000
 45-49 	13888771.000000	6953970.500000	6934800.500000
 50-54 	12970604.000000	6380197.000000	6590406.500000
 55-59 	11876754.000000	5735083.000000	6141671.500000
 60-64 	10199697.000000	4911662.000000	5288035.000000
 65-69 	8015319.000000	3883706.750000	4131612.000000
 70-74 	6218828.000000	3038960.500000	3179868.000000
 75-79 	4370398.000000	2151095.000000	2219302.750000
 80+ 	4191150.500000	2049321.875000	2141828.500000
Total	192624304.000000	96443128.000000	96181176.000000
2042			
 0-4	11475729.000000	5862062.500000	5613666.500000
 5-9	12013685.000000	6133114.000000	5880571.000000
 10-14 	12668242.000000	6471395.000000	6196847.500000
 15-19 	13281692.000000	6801864.000000	6479827.500000
 20-24 	13700787.000000	6980738.000000	6720049.000000
 25-29 	13925422.000000	7036832.000000	6888589.500000
 30-34 	14000640.000000	7051870.000000	6948770.000000
 35-39 	14331450.000000	7208882.000000	7122568.000000
 40-44 	14574690.000000	7326123.000000	7248567.000000
 45-49 	14003929.000000	7020966.000000	6982963.000000
 50-54 	13092403.000000	6462675.000000	6629728.000000
 55-59 	12031968.000000	5818386.000000	6213582.000000
 60-64 	10446243.000000	5026466.000000	5419777.000000
 65-69 	8292130.000000	4003163.500000	4288966.500000
 70-74 	6311679.500000	3079588.250000	3232091.500000
 75-79 	4586849.000000	2249552.000000	2337297.000000
 80+ 	4479620.000000	2184014.000000	2295605.750000
Total	193217152.000000	96717688.000000	96499464.000000
2043			
 0-4	11369896.000000	5808165.500000	5561730.000000
 5-9	11890566.000000	6070453.500000	5820112.000000
 10-14 	12515352.000000	6392742.000000	6122610.000000
 15-19 	13124078.000000	6721064.000000	6403015.000000
 20-24 	13579577.000000	6920642.000000	6658935.000000
 25-29 	13867908.000000	7007699.000000	6860209.500000
 30-34 	13933774.000000	7018327.000000	6915447.000000
 35-39 	14183632.000000	7134521.500000	7049111.000000
 40-44 	14557976.000000	7318201.500000	7239774.000000
 45-49 	14104148.000000	7077525.000000	7026623.000000
 50-54 	13209755.000000	6542384.000000	6667370.500000
 55-59 	12176844.000000	5901401.500000	6275442.000000
 60-64 	10675137.000000	5132770.500000	5542366.500000
 65-69 	8577433.000000	4129574.500000	4447858.000000
 70-74 	6406258.000000	3120546.250000	3285711.500000
 75-79 	4798171.500000	2343954.750000	2454216.750000
 80+ 	4782142.500000	2324717.250000	2457425.250000
Total	193752640.000000	96964688.000000	96787960.000000
2044			
 0-4	11266775.000000	5755644.000000	5511130.500000
 5-9	11771827.000000	6010024.000000	5761803.000000
 10-14 	12368599.000000	6317619.000000	6050980.000000
 15-19 	12962973.000000	6637824.500000	6325148.000000
 20-24 	13449610.000000	6856236.500000	6593373.500000
 25-29 	13799094.000000	6973008.500000	6826085.000000
 30-34 	13874952.000000	6988666.500000	6886286.000000
 35-39 	14051136.000000	7068078.500000	6983057.000000
 40-44 	14501675.000000	7290228.500000	7211446.000000
 45-49 	14186771.000000	7122894.500000	7063876.000000
 50-54 	13326637.000000	6619953.000000	6706684.500000
 55-59 	12314110.000000	5985080.500000	6329030.000000
 60-64 	10884692.000000	5230883.500000	5653808.500000
 65-69 	8859490.000000	4257799.000000	4601691.500000
 70-74 	6533407.000000	3176418.000000	3356989.000000
 75-79 	4981365.000000	2423006.500000	2558358.250000
 80+ 	5096521.000000	2470288.750000	2626232.500000
Total	194229632.000000	97183656.000000	97045976.000000
2045			
 0-4	11165746.000000	5704184.000000	5461562.000000
 5-9	11656889.000000	5951532.500000	5705356.500000
 10-14 	12228304.000000	6246066.500000	5982237.000000
 15-19 	12800526.000000	6553579.500000	6246946.500000
 20-24 	13311558.000000	6787524.500000	6524034.000000
 25-29 	13716018.000000	6931306.000000	6784712.000000
 30-34 	13822179.000000	6961933.000000	6860246.000000
 35-39 	13940605.000000	7012866.500000	6927739.000000
 40-44 	14404251.000000	7241435.500000	7162815.500000
 45-49 	14249541.000000	7156684.000000	7092858.000000
 50-54 	13447521.000000	6696940.500000	6750580.500000
 55-59 	12446055.000000	6069177.000000	6376878.000000
 60-64 	11072710.000000	5321270.000000	5751440.000000
 65-69 	9128608.000000	4382447.000000	4746161.500000
 70-74 	6774710.000000	3286586.500000	3488123.250000
 75-79 	5058287.000000	2449633.000000	2608653.750000
 80+ 	5423164.500000	2620804.000000	2802360.500000
Total	194646672.000000	97373968.000000	97272704.000000
2046			
 0-4	11066250.000000	5653507.500000	5412742.000000
 5-9	11545428.000000	5894820.000000	5650608.500000
 10-14 	12094481.000000	6177945.000000	5916536.000000
 15-19 	12639357.000000	6470025.000000	6169332.000000
 20-24 	13166240.000000	6714622.500000	6451617.500000
 25-29 	13618180.000000	6882436.000000	6735743.500000
 30-34 	13772522.000000	6936732.000000	6835790.000000
 35-39 	13852312.000000	6968913.500000	6883398.000000
 40-44 	14272856.000000	7175457.000000	7097400.000000
 45-49 	14290198.000000	7178444.000000	7111755.000000
 50-54 	13570282.000000	6771139.500000	6799142.500000
 55-59 	12574258.000000	6153691.000000	6420567.000000
 60-64 	11240322.000000	5405880.000000	5834442.000000
 65-69 	9380219.000000	4499892.000000	4880327.000000
 70-74 	7005806.000000	3385355.000000	3620450.750000
 75-79 	5155710.000000	2492321.000000	2663389.000000
 80+ 	5760572.000000	2775238.250000	2985334.000000
Total	195004992.000000	97536416.000000	97468576.000000
2047			
 0-4	10967868.000000	5603418.000000	5364451.000000
 5-9	11437428.000000	5839878.000000	5597550.000000
 10-14 	11966694.000000	6112945.000000	5853749.000000
 15-19 	12481707.000000	6388580.000000	6093127.000000
 20-24 	13014494.000000	6637697.000000	6376797.000000
 25-29 	13507594.000000	6827459.000000	6680134.500000
 30-34 	13722009.000000	6911129.000000	6810880.000000
 35-39 	13778492.000000	6932178.000000	6846314.000000
 40-44 	14124293.000000	7100850.000000	7023442.500000
 45-49 	14306379.000000	7187504.500000	7118875.000000
 50-54 	13685723.000000	6838314.000000	6847408.000000
 55-59 	12696074.000000	6235827.500000	6460246.000000
 60-64 	11393643.000000	5488156.000000	5905487.500000
 65-69 	9616100.000000	4609827.000000	5006273.000000
 70-74 	7258626.500000	3495079.750000	3763546.750000
 75-79 	5242168.000000	2530702.250000	2711466.250000
 80+ 	6106348.000000	2932126.500000	3174221.250000
Total	195305648.000000	97671672.000000	97633968.000000
2048			
 0-4	10870470.000000	5553864.000000	5316606.000000
 5-9	11332622.000000	5786570.500000	5546051.500000
 10-14 	11843526.000000	6050298.000000	5793228.500000
 15-19 	12330418.000000	6310500.000000	6019918.500000
 20-24 	12857634.000000	6557750.500000	6299883.000000
 25-29 	13386408.000000	6767472.000000	6618936.500000
 30-34 	13665760.000000	6882529.000000	6783231.000000
 35-39 	13712513.000000	6899247.000000	6813266.500000
 40-44 	13978229.000000	7027643.000000	6950586.000000
 45-49 	14291758.000000	7180883.000000	7110874.500000
 50-54 	13786143.000000	6895181.000000	6890962.500000
 55-59 	12813655.000000	6315387.000000	6498268.000000
 60-64 	11537518.000000	5570412.000000	5967105.500000
 65-69 	9836253.000000	4712211.000000	5124042.000000
 70-74 	7518907.000000	3610989.500000	3907917.500000
 75-79 	5330557.000000	2569685.250000	2760871.750000
 80+ 	6458166.000000	3090196.750000	3367969.250000
Total	195550544.000000	97780816.000000	97769720.000000
2049			
 0-4	10773885.000000	5504768.500000	5269116.500000
 5-9	11230344.000000	5734563.000000	5495781.500000
 10-14 	11723448.000000	5989219.000000	5734229.000000
 15-19 	12187681.000000	6236446.000000	5951235.000000
 20-24 	12698033.000000	6476589.000000	6221443.000000
 25-29 	13254922.000000	6702640.000000	6552281.500000
 30-34 	13599577.000000	6848613.500000	6750963.500000
 35-39 	13654842.000000	6870344.000000	6784498.000000
 40-44 	13847074.000000	6962159.500000	6884913.500000
 45-49 	14239314.000000	7155018.000000	7084296.500000
 50-54 	13868698.000000	6940966.000000	6927732.000000
 55-59 	12930778.000000	6393004.000000	6537774.000000
 60-64 	11674686.000000	5653630.000000	6021056.000000
 65-69 	10039510.000000	4807459.500000	5232050.500000
 70-74 	7776286.000000	3728517.500000	4047768.750000
 75-79 	5446437.500000	2621180.000000	2825257.250000
 80+ 	6796084.000000	3239768.250000	3556315.750000
Total	195741600.000000	97864888.000000	97876712.000000
2050			
 0-4	10675993.000000	5454963.000000	5221030.000000
 5-9	11130172.000000	5683629.000000	5446542.500000
 10-14 	11607182.000000	5930128.000000	5677054.000000
 15-19 	12050294.000000	6165474.500000	5884819.000000
 20-24 	12538287.000000	6394523.000000	6143764.000000
 25-29 	13115520.000000	6634036.000000	6481483.500000
 30-34 	13518258.000000	6807285.000000	6710973.500000
 35-39 	13603872.000000	6844508.000000	6759363.500000
 40-44 	13737400.000000	6907677.500000	6829723.000000
 45-49 	14145526.000000	7108197.500000	7037328.500000
 50-54 	13931999.000000	6975336.500000	6956662.500000
 55-59 	13050622.000000	6469406.500000	6581215.500000
 60-64 	11805284.000000	5736432.000000	6068852.000000
 65-69 	10221180.000000	4894760.000000	5326420.500000
 70-74 	8020454.500000	3841806.000000	4178648.500000
 75-79 	5655031.000000	2715999.000000	2939032.000000
 80+ 	7054824.000000	3350342.000000	3704482.250000
Total	195861904.000000	97914504.000000	97947392.000000
